15
1500
13
177 115
293 235
286 192
249 121
62 127
263 226
11 68
182 230
62 223
29 102
222 258
193 256
211 142
129 273
284 37
284 27
282 45
187 108
276 278
294 239
244 119
218 145
227 265
232 251
174 121
243 111
69 117
172 125
299 243
244 126
290 295
284 240
276 42
13 72
21 104
219 136
172 108
36 108
68 129
200 246
288 197
186 225
57 129
185 229
60 117
14 68
56 117
7 78
57 214
174 233
217 139
22 94
231 262
282 290
221 257
274 191
54 230
227 250
188 219
73 128
204 151
172 227
259 222
172 222
54 135
69 118
253 233
291 276
209 153
297 232
21 66
192 225
218 143
183 250
39 98
52 217
284 195
293 34
269 217
138 267
232 254
252 121
223 250
200 254
259 219
204 256
167 112
262 225
62 124
41 102
289 40
293 231
233 263
219 142
33 99
287 202
261 228
194 268
228 257
4 71
3 61
296 40
64 123
279 291
284 31
298 225
166 115
26 100
284 296
124 282
179 220
139 280
57 136
293 239
57 132
249 129
211 135
296 244
213 258
204 133
269 228
290 226
254 133
207 143
200 250
189 254
39 94
282 282
181 239
6 75
293 37
230 251
284 194
259 236
276 284
284 39
190 235
169 111
65 132
202 260
51 224
193 234
194 266
295 226
182 255
287 288
228 262
218 259
294 230
246 112
180 241
6 64
285 291
188 261
18 66
184 259
198 256
68 119
280 295
70 228
6 68
259 226
180 122
246 128
215 134
203 137
0 68
57 235
246 130
232 252
284 48
177 102
249 112
36 109
283 39
230 267
66 137
24 109
217 134
283 45
188 239
58 226
295 196
290 35
180 117
291 188
228 251
52 216
138 277
193 225
51 226
251 118
23 94
287 204
217 153
255 123
290 247
56 217
286 237
274 277
20 76
192 224
280 283
182 251
216 253
290 28
272 32
256 228
256 114
18 69
179 127
256 231
12 70
249 132
170 111
59 220
21 63
15 56
61 117
122 272
292 41
64 215
275 295
169 110
18 97
283 190
282 278
188 241
66 225
289 290
245 111
290 242
297 238
289 231
278 281
64 214
18 100
299 229
220 137
125 263
266 233
72 223
222 139
62 125
288 194
182 258
280 37
70 124
224 269
136 275
292 223
72 133
166 112
56 137
185 224
291 191
55 218
60 139
1 65
189 237
186 115
182 262
275 29
238 115
274 224
0 65
65 129
291 232
187 251
177 226
276 188
55 230
184 109
284 293
264 218
27 106
127 274
181 240
221 255
197 254
254 221
295 195
276 39
8 56
204 139
222 146
279 201
238 120
260 120
285 181
30 96
68 215
264 223
267 234
224 142
218 249
274 195
123 266
257 124
119 280
284 29
5 61
69 137
291 229
179 112
122 271
285 184
176 103
273 32
199 141
139 265
287 28
62 210
174 117
20 101
294 182
173 105
281 283
286 291
282 191
69 217
184 120
165 113
260 234
257 123
60 121
21 101
293 248
270 225
212 250
52 215
17 105
201 247
58 212
207 154
13 73
275 228
187 234
227 259
58 230
50 219
19 98
290 197
182 125
203 152
258 220
54 120
27 105
189 252
194 234
289 187
278 188
19 100
277 278
216 252
287 238
194 249
183 121
287 197
288 296
266 222
72 228
285 36
34 99
272 281
266 238
70 121
209 154
175 229
68 233
72 125
21 96
244 111
289 240
254 109
200 140
21 69
188 240
284 181
186 227
15 68
245 130
191 236
230 268
182 127
278 192
176 236
288 30
216 146
182 120
289 284
242 120
287 182
255 117
23 108
176 106
184 235
181 235
169 119
126 265
13 57
209 139
38 102
286 37
290 183
212 266
291 245
252 231
215 154
277 283
133 272
66 217
130 272
36 94
198 250
193 252
279 182
173 233
187 218
175 230
190 256
27 104
126 280
11 65
282 186
273 40
266 224
57 229
251 222
53 134
250 124
275 284
28 105
29 112
187 222
55 133
20 68
242 119
33 108
283 283
37 98
184 110
187 116
290 233
285 193
70 232
218 135
290 279
182 111
32 113
124 269
295 242
222 255
248 121
275 280
6 57
208 145
182 259
199 140
272 280
58 117
188 223
221 266
259 119
212 139
54 126
20 64
193 228
212 151
176 119
227 268
121 276
186 264
181 237
252 229
223 138
72 221
68 217
295 287
253 114
258 129
282 286
226 267
255 112
25 108
284 289
294 236
139 275
293 32
276 192
201 255
290 47
283 233
250 226
35 107
276 38
179 108
290 280
31 99
70 218
253 223
299 234
72 222
293 284
212 142
53 123
61 214
293 189
244 130
265 232
289 37
198 249
196 251
176 240
188 231
278 27
180 231
220 150
280 274
196 252
31 97
218 147
29 90
180 240
69 136
263 234
292 202
188 257
31 109
212 150
288 191
186 249
124 265
179 113
284 236
260 232
276 226
177 230
138 272
187 224
244 123
201 252
60 127
174 122
230 262
299 192
257 127
13 74
276 277
248 117
185 256
68 221
172 114
222 249
290 203
284 232
128 276
227 257
286 205
176 105
296 39
138 268
177 242
185 235
255 110
28 94
53 217
203 248
255 128
54 119
133 281
216 145
231 249
284 277
65 121
288 189
216 142
180 127
23 101
59 229
54 213
289 188
246 131
184 106
59 117
200 260
287 183
189 116
214 264
64 231
279 279
124 263
62 235
279 189
210 153
285 229
275 38
13 70
176 233
261 119
130 278
294 227
294 43
288 283
185 233
170 114
185 247
288 238
133 262
184 234
251 111
289 45
18 78
7 64
59 133
56 123
180 114
220 249
220 255
245 118
136 281
167 114
289 38
260 217
186 223
61 224
65 130
256 126
197 267
188 252
180 256
296 198
60 224
177 220
64 139
275 36
297 223
61 222
14 63
257 229
253 109
272 231
69 127
69 230
250 125
285 198
175 238
12 59
67 127
64 117
167 107
284 44
61 225
54 221
191 260
276 290
33 101
13 75
191 261
172 106
209 144
223 261
125 283
165 112
272 34
285 27
187 261
281 187
226 270
16 66
201 257
14 75
256 229
289 203
265 234
125 262
6 61
59 131
74 220
3 75
243 129
214 148
177 117
59 139
66 128
284 196
207 136
191 267
71 219
174 239
288 45
269 218
74 219
292 191
192 267
0 63
73 218
283 44
213 149
223 260
257 237
6 58
180 229
218 247
22 74
56 132
229 265
61 123
216 149
288 297
65 117
175 120
58 216
190 229
291 233
288 236
212 261
278 193
222 266
285 237
202 145
176 126
283 193
31 92
294 224
56 234
287 180
192 232
193 249
133 280
215 141
204 257
180 126
226 256
171 125
138 273
39 97
285 196
281 46
276 31
290 44
197 268
250 121
192 254
269 234
56 126
11 59
184 122
292 241
276 191
250 122
187 252
212 134
134 278
183 109
277 198
175 109
274 196
34 109
290 26
209 136
287 297
223 248
220 142
291 224
254 228
207 144
254 227
227 270
294 202
288 188
224 270
298 191
177 124
211 150
285 239
197 259
259 232
179 105
35 91
181 252
54 223
13 77
18 72
244 127
289 238
62 218
23 109
171 228
179 121
66 132
251 231
184 255
214 142
225 269
262 231
62 139
140 272
128 279
205 257
216 269
67 228
279 34
182 113
295 232
59 119
201 253
284 42
203 249
12 61
186 262
280 298
135 272
19 77
230 249
119 281
188 238
247 112
192 236
275 222
274 230
68 223
270 219
283 40
234 256
286 193
289 197
289 242
172 238
173 222
60 116
169 114
218 137
213 140
185 242
183 120
278 191
221 262
274 289
294 237
71 215
66 129
281 289
268 238
192 245
213 152
291 225
284 204
264 227
14 77
215 131
175 234
294 191
185 248
258 130
127 262
255 124
288 192
222 262
295 224
282 277
277 296
204 137
281 180
290 34
258 119
197 261
215 133
222 246
21 73
195 247
284 192
279 183
228 268
61 235
288 185
135 265
187 256
229 268
126 261
296 185
173 226
278 294
222 268
186 121
251 129
292 183
221 146
290 204
291 277
214 251
232 266
227 266
188 258
188 262
2 64
186 224
243 124
286 297
254 233
269 229
225 260
69 220
212 265
213 260
187 263
10 61
182 253
59 225
37 101
290 246
291 290
294 241
27 90
69 135
239 129
229 255
172 235
6 80
56 122
57 131
205 144
292 225
57 230
284 234
121 265
224 252
219 270
258 234
242 123
61 223
36 100
216 260
226 263
186 263
288 225
282 200
291 195
173 111
185 261
252 115
284 36
121 266
193 269
8 79
172 120
60 235
184 240
128 261
284 182
288 39
31 112
254 125
288 278
202 253
225 261
294 225
135 282
293 222
66 135
16 76
291 36
67 232
211 256
247 118
291 279
288 246
224 267
26 104
61 218
249 116
205 147
189 234
276 293
185 120
293 41
292 28
34 93
215 252
252 116
25 106
224 258
178 107
296 190
287 30
222 260
283 31
19 107
293 230
296 286
294 233
196 254
217 144
276 29
192 265
34 107
53 130
205 256
284 38
179 106
233 255
178 119
287 47
35 97
299 227
190 237
285 274
185 218
288 25
180 109
245 109
292 291
286 29
256 129
178 237
170 124
299 224
127 284
266 217
183 253
179 240
212 138
69 218
181 115
28 107
196 265
212 251
24 96
278 288
190 261
127 278
66 234
259 224
140 267
69 129
295 227
265 218
184 233
3 58
177 108
270 236
19 99
219 135
193 253
52 228
185 259
297 244
277 37
244 120
296 243
296 228
278 184
68 219
260 214
139 278
176 109
230 250
283 196
8 80
64 130
63 228
282 30
202 138
194 263
227 249
62 222
11 75
216 137
17 103
16 71
23 111
171 234
132 265
215 151
286 235
248 124
243 113
122 276
232 259
187 226
285 232
8 71
227 246
65 119
193 259
183 119
234 257
68 212
188 233
285 228
19 109
67 128
258 127
289 35
167 120
282 49
51 131
203 261
289 190
194 255
254 224
182 236
188 225
289 244
40 99
273 43
71 129
208 130
292 278
201 249
136 265
218 140
239 124
280 43
176 227
210 140
138 269
287 48
266 228
292 236
72 120
283 48
293 198
73 122
219 254
6 69
297 245
65 120
297 230
184 124
67 211
226 265
210 134
182 242
283 234
289 243
129 281
132 272
288 31
279 200
274 188
223 139
12 78
193 229
33 96
258 215
60 133
34 100
202 143
261 221
298 237
60 226
189 261
176 121
228 266
182 115
254 115
60 138
292 36
287 191
64 125
53 222
39 99
241 131
212 254
25 113
257 230
252 128
266 223
188 253
286 201
258 237
118 279
285 235
73 125
203 254
292 33
125 272
29 95
231 265
292 247
216 256
187 236
218 268
200 264
54 128
65 230
294 234
228 247
181 106
24 97
240 119
121 264
260 218
199 266
288 186
200 139
183 262
274 286
270 222
290 48
192 260
173 114
57 127
222 141
278 183
290 223
34 105
168 115
282 194
282 33
56 226
63 121
25 101
294 41
200 137
213 266
201 150
272 292
200 257
287 27
134 279
298 190
208 142
172 226
120 281
288 44
290 196
186 111
53 122
182 254
247 126
208 138
3 65
12 63
178 219
223 146
279 277
189 235
211 261
70 222
257 216
250 109
129 267
73 223
240 118
16 64
222 259
288 193
286 279
298 230
67 223
122 266
219 260
60 124
185 228
205 149
271 284
282 234
178 114
19 65
295 38
273 281
9 75
21 65
280 285
25 111
202 136
199 259
68 137
278 202
212 255
274 225
184 231
206 140
281 33
64 222
180 242
60 232
50 218
223 268
130 285
183 224
9 63
275 288
192 262
9 79
132 264
183 252
250 131
275 223
5 77
272 225
120 275
266 230
294 193
6 74
182 252
68 222
184 239
18 105
193 267
286 243
278 283
52 224
178 105
210 139
131 269
69 213
68 227
66 218
33 93
123 274
126 283
293 43
281 189
187 232
27 111
201 147
247 128
136 279
176 222
188 246
70 129
5 79
226 250
188 249
210 132
124 272
283 185
176 114
7 59
286 284
126 270
291 189
32 105
294 199
223 254
186 113
19 103
289 236
215 132
257 228
288 202
134 275
182 223
54 129
214 153
211 137
224 255
63 213
62 117
291 241
171 108
273 222
120 272
277 196
284 235
260 127
183 105
275 279
187 109
1 76
282 237
295 39
57 118
9 56
10 62
285 48
282 293
292 280
179 118
132 270
257 117
191 255
4 60
196 257
280 296
130 262
225 254
10 75
183 225
185 225
176 125
280 294
74 222
293 226
58 135
182 116
181 224
13 63
33 95
242 121
256 128
281 280
185 117
177 221
263 233
256 224
224 264
263 220
134 272
132 275
5 64
124 281
269 221
259 216
51 133
297 233
60 211
288 40
292 199
183 220
276 186
178 120
264 237
32 92
280 276
203 133
259 215
210 145
229 259
237 125
196 268
184 251
216 259
10 60
69 231
193 258
272 286
176 229
284 286
139 279
192 253
255 234
65 226
193 264
245 117
213 141
287 29
177 224
216 131
61 217
208 144
220 268
199 143
256 232
282 240
261 226
293 36
293 191
61 139
282 189
60 213
274 192
173 116
6 62
185 105
289 291
70 214
291 34
254 235
283 47
204 147
277 295
254 222
67 226
286 275
54 131
36 96
297 239
275 195
282 37
285 277
277 42
54 231
274 190
41 98
291 230
57 130
282 39
197 245
176 111
251 230
171 225
197 248
255 130
277 276
63 122
53 221
4 62
33 97
187 242
29 89
247 133
190 267
223 258
276 199
298 233
180 219
