30
6500
18
192 151
195 325
341 0
19 132
281 169
44 21
325 185
279 389
16 312
135 341
55 165
84 95
122 68
85 188
334 354
354 86
152 26
264 267
288 23
104 302
99 243
24 87
4 362
70 130
154 230
356 264
227 292
397 101
204 114
184 3
353 74
203 158
345 360
10 300
121 79
319 169
135 324
193 326
390 95
130 332
278 373
34 73
277 269
139 34
381 105
321 181
97 253
197 342
291 170
146 329
66 160
60 175
362 81
356 78
95 184
355 79
42 28
187 316
135 67
84 184
30 144
12 85
90 229
336 186
54 172
60 144
363 263
236 298
64 176
139 230
173 6
338 4
209 336
17 87
131 55
56 17
58 165
27 309
76 108
279 375
44 33
295 38
299 32
356 95
116 294
4 351
119 334
87 177
160 34
288 31
9 300
106 228
65 116
13 353
47 154
201 110
243 288
185 318
10 302
129 66
140 357
282 7
83 88
327 179
125 74
224 300
93 98
222 288
349 279
296 36
27 82
80 134
168 230
129 77
188 143
200 143
185 5
202 127
49 171
191 164
339 90
68 119
30 140
109 286
55 16
139 353
13 138
185 331
99 319
263 385
352 93
132 357
38 95
24 328
27 301
284 23
99 247
111 303
192 17
188 144
276 378
92 314
15 329
15 99
32 24
372 258
349 89
22 80
120 335
181 158
338 188
201 150
101 196
106 66
75 180
259 252
338 355
287 386
212 298
131 344
283 377
285 389
123 350
43 155
337 347
96 86
42 27
184 320
205 109
94 177
109 312
162 23
134 65
72 181
54 27
342 260
3 360
271 268
316 173
203 102
161 13
6 376
361 281
273 25
353 271
50 26
343 91
125 328
332 198
41 23
243 295
79 144
393 99
156 39
175 5
81 192
200 326
81 175
68 163
90 257
133 57
69 142
58 159
349 357
87 100
255 273
358 84
366 255
76 117
22 79
252 277
383 107
288 384
257 261
100 193
55 167
141 237
34 21
204 141
237 300
229 300
68 135
293 168
334 184
339 356
257 260
87 198
327 182
46 18
361 279
385 110
53 153
116 303
325 187
281 39
365 259
299 27
311 184
161 228
281 7
32 9
218 282
5 319
80 202
193 106
397 90
204 110
319 351
265 283
327 176
198 102
39 88
22 320
85 190
153 223
199 320
99 245
184 138
354 250
144 216
75 193
341 347
70 101
268 159
90 101
136 354
85 176
338 370
141 343
8 94
350 278
155 242
343 257
12 361
109 319
346 8
18 125
274 12
30 121
122 58
324 353
22 305
265 398
330 339
344 98
223 287
213 295
322 343
191 8
18 73
128 67
182 330
325 4
98 229
107 73
68 162
331 183
92 109
284 21
351 74
101 253
277 12
51 22
84 175
273 279
21 87
182 336
56 20
182 148
272 273
143 348
264 265
21 363
10 311
345 101
330 364
54 30
116 56
16 318
9 84
328 354
349 254
30 322
360 78
195 154
15 134
95 195
211 290
292 23
84 140
284 176
27 71
8 350
282 397
111 287
39 159
272 391
340 189
135 353
294 30
52 19
142 239
284 8
10 79
313 188
90 193
273 261
259 274
72 161
130 74
271 381
280 376
15 80
73 185
314 175
60 122
136 331
340 84
51 160
134 340
138 62
82 131
25 74
340 260
37 76
52 130
71 157
5 141
328 361
78 183
279 16
201 107
120 302
284 28
331 14
92 172
143 343
112 235
95 301
125 354
49 161
261 262
317 185
193 327
278 260
220 301
115 238
16 368
12 134
355 250
77 133
320 197
25 76
292 379
75 94
286 374
96 180
273 390
36 87
185 12
180 334
97 252
196 331
110 302
349 91
76 175
317 349
123 59
9 90
196 309
91 90
84 96
84 250
102 189
71 102
14 349
71 141
191 141
126 68
5 348
10 378
210 121
342 5
98 237
88 296
195 165
74 123
320 348
359 261
16 76
285 183
334 361
33 13
165 38
168 8
131 340
9 85
259 277
39 12
118 303
20 318
109 292
98 93
285 163
49 13
31 87
5 125
17 328
285 29
398 107
71 83
69 90
113 295
137 75
16 297
338 182
344 342
26 72
353 265
227 299
324 355
288 12
72 169
162 20
248 260
69 92
32 8
280 266
13 145
149 247
156 12
355 90
167 8
269 263
255 282
87 106
27 143
234 300
23 90
146 229
340 13
109 242
150 335
83 104
43 26
181 153
339 1
187 150
87 91
203 131
45 32
92 248
294 395
66 131
218 292
24 132
164 24
179 17
289 24
115 293
329 193
43 176
39 34
86 185
399 98
24 302
83 198
97 88
221 308
277 372
78 91
111 300
183 15
5 369
249 265
56 122
196 320
349 81
208 159
31 27
73 134
72 86
285 36
343 347
17 101
62 150
145 332
215 121
82 128
278 27
330 360
124 60
292 32
130 58
275 158
22 89
384 103
184 12
97 286
18 145
309 191
29 122
88 180
291 18
150 234
329 191
265 253
25 122
136 357
255 258
73 189
95 256
321 174
352 2
338 183
323 176
12 74
191 330
123 62
13 347
272 263
266 399
21 327
358 260
291 165
261 273
168 33
13 86
268 266
28 137
265 273
105 318
339 91
342 349
284 185
16 81
352 253
280 12
211 333
73 88
271 278
20 327
30 77
13 92
138 64
364 89
256 258
25 319
193 160
110 246
202 121
81 177
16 72
213 296
90 238
128 64
83 94
33 130
17 115
164 216
36 129
359 269
351 274
349 100
138 24
358 79
282 157
119 348
276 254
191 136
371 84
210 98
206 97
297 14
115 54
61 155
19 307
3 352
324 0
140 329
168 226
84 123
281 387
21 301
47 8
229 309
283 387
19 311
98 188
334 366
388 103
318 182
242 293
85 186
13 306
208 128
90 99
26 82
189 330
122 75
80 128
177 157
147 348
156 21
396 100
54 126
187 142
146 349
391 98
35 89
17 74
135 64
103 285
108 292
94 302
6 378
108 312
196 125
184 318
5 377
82 176
238 302
269 386
133 74
188 312
341 355
10 129
1 348
67 164
15 373
137 228
88 109
12 148
117 80
163 243
193 156
118 56
23 120
296 34
387 103
57 124
94 181
277 393
103 242
275 11
203 122
286 181
282 31
129 63
352 99
190 115
300 14
164 36
89 184
180 329
357 265
289 177
21 104
27 140
197 125
31 131
83 121
72 142
293 177
69 193
101 256
218 288
200 105
109 249
326 363
353 8
137 342
198 103
337 348
38 77
20 297
148 347
279 9
178 146
184 337
393 109
163 233
166 24
338 365
391 109
253 259
107 288
193 333
392 92
210 103
201 142
119 310
83 190
94 107
271 388
155 218
268 392
45 17
344 88
276 277
22 78
68 133
25 72
145 230
23 317
187 152
33 17
210 326
347 255
149 33
87 178
333 175
28 102
357 257
351 272
78 125
142 345
97 184
16 141
188 322
94 248
127 355
153 17
362 76
319 184
340 6
320 353
302 32
217 116
320 191
364 276
141 34
85 132
37 90
395 105
346 257
289 387
123 344
84 106
139 16
86 237
135 326
10 89
327 187
67 122
256 276
128 74
354 259
304 30
164 16
56 125
149 14
77 118
31 314
11 79
31 133
155 31
339 365
363 93
104 236
67 95
150 25
146 25
37 32
176 9
198 148
144 240
194 0
95 258
352 71
324 363
211 295
10 96
336 194
52 181
282 171
139 335
91 300
78 133
99 195
98 89
13 84
154 247
96 90
341 18
159 20
236 279
328 357
2 314
398 101
389 102
11 118
7 310
67 174
14 374
21 86
187 5
114 252
347 261
336 179
246 267
141 344
94 257
85 137
205 116
278 12
142 26
353 79
30 84
327 370
69 186
267 263
319 356
265 163
280 159
347 354
96 303
93 306
49 152
110 249
242 296
127 332
10 359
187 145
348 269
147 233
58 138
114 247
141 40
25 130
229 286
191 11
170 1
185 337
264 280
9 314
321 350
342 82
350 71
71 181
60 178
53 151
193 124
297 170
141 235
340 256
135 74
134 357
329 199
289 30
14 305
293 32
332 349
327 195
368 270
46 8
75 130
91 185
144 27
17 88
356 266
15 131
54 17
350 251
79 135
92 181
94 85
274 27
76 190
215 289
329 171
292 384
340 178
31 29
189 152
186 320
212 292
249 267
93 96
88 254
93 176
48 10
281 8
239 288
263 258
147 347
183 321
94 179
342 361
57 25
190 152
319 176
279 177
97 243
323 196
20 362
121 341
192 339
340 16
65 127
134 341
90 307
121 301
141 325
107 233
121 336
75 82
145 244
294 171
152 27
299 37
148 333
48 179
264 281
206 314
18 122
333 361
67 97
3 367
161 223
123 354
111 237
217 296
166 239
8 357
382 94
262 387
183 319
206 151
90 308
52 13
189 9
14 81
348 97
101 182
217 285
398 112
91 253
141 242
327 175
159 215
118 71
139 27
283 28
329 356
14 354
196 147
99 228
71 189
281 32
58 140
197 9
59 157
0 318
180 142
369 95
99 293
348 78
131 74
270 161
317 352
48 156
103 291
99 295
289 381
108 249
16 366
149 347
44 7
273 385
157 23
202 156
265 390
359 101
159 27
360 268
105 286
201 151
71 116
264 398
302 14
202 330
190 106
154 11
201 315
299 20
229 277
34 131
342 188
145 352
106 70
78 81
272 398
238 296
75 117
160 24
162 28
14 131
87 204
123 337
343 261
107 315
103 240
198 126
202 123
271 282
269 164
102 317
150 231
184 7
333 351
359 257
222 279
318 194
23 115
346 270
200 116
89 205
79 120
193 4
12 357
75 137
344 10
71 162
264 263
101 229
274 28
59 136
221 303
250 262
343 12
110 79
266 383
92 315
345 81
398 96
3 324
326 185
338 15
267 395
277 376
184 161
115 301
263 253
201 335
68 155
17 71
325 349
117 57
124 336
229 275
185 14
3 363
346 89
105 63
123 85
364 250
113 83
325 170
7 300
150 9
29 84
354 4
188 141
268 173
354 257
284 382
214 115
39 35
96 239
190 104
344 367
81 106
281 380
106 71
229 287
32 21
297 30
37 6
94 197
110 297
352 97
117 51
214 101
328 339
121 66
318 355
347 99
42 167
145 354
286 165
329 170
60 16
362 80
127 56
236 295
10 87
85 183
54 31
345 86
105 242
40 86
95 253
100 288
265 381
340 85
281 21
102 299
212 328
84 247
83 136
236 281
16 314
54 169
52 149
129 332
193 111
64 135
53 13
275 161
146 224
165 231
178 6
111 238
217 118
24 312
195 309
58 14
109 291
195 6
269 158
70 129
15 90
79 91
205 105
144 354
40 159
353 75
358 73
85 104
283 184
196 321
195 145
100 92
342 12
204 122
138 237
92 305
82 191
138 234
197 8
268 375
331 178
319 189
75 129
158 34
325 175
140 328
273 398
80 179
262 254
19 365
88 174
0 347
203 137
281 394
339 80
107 301
123 78
294 157
75 113
194 126
112 67
345 259
341 352
347 362
255 261
239 302
184 140
52 20
98 84
53 125
197 308
286 387
287 171
16 306
179 8
89 195
100 239
32 25
41 176
281 151
196 136
272 382
97 255
263 250
278 23
137 226
190 123
227 302
297 36
267 267
160 28
23 79
15 358
383 100
210 129
61 122
158 31
10 147
128 350
150 41
27 70
334 341
393 85
37 23
67 131
339 339
170 13
93 100
5 378
3 350
100 192
87 96
94 256
19 134
89 90
337 190
293 181
192 125
357 254
189 327
56 163
323 179
102 226
91 94
369 78
336 8
363 258
58 23
199 312
89 98
261 266
332 367
20 87
280 152
369 255
259 282
64 168
269 255
94 94
11 123
75 192
80 186
200 151
160 231
210 126
244 289
185 165
188 328
199 112
119 78
80 82
52 154
87 125
90 98
341 361
11 353
20 325
235 287
6 310
98 184
204 115
268 381
68 142
149 245
68 140
94 174
164 34
28 305
127 58
60 162
167 219
188 0
64 133
55 177
200 338
177 155
56 119
164 15
273 28
29 23
90 241
20 364
18 90
332 10
18 93
72 133
196 13
327 186
182 150
294 39
269 168
13 141
86 198
271 270
270 383
66 173
190 14
214 303
316 199
186 135
98 297
68 184
5 307
342 341
294 165
275 166
291 38
83 172
43 4
207 104
18 120
203 316
272 159
20 300
331 199
361 271
186 333
364 90
242 301
288 34
195 331
198 314
77 122
294 390
324 1
201 111
33 97
363 260
91 83
155 227
47 31
147 41
328 363
283 159
221 286
191 107
144 224
22 129
116 65
20 299
292 36
214 126
330 342
207 154
361 280
336 364
360 250
339 353
40 10
347 251
317 199
67 171
340 346
289 399
142 339
48 161
280 180
338 177
107 227
342 1
59 26
277 379
363 99
347 350
15 132
64 126
211 115
318 172
259 256
324 349
117 82
284 184
350 5
168 10
149 10
190 118
102 296
161 229
85 106
126 60
290 165
211 323
69 134
111 246
343 252
348 252
284 19
188 313
235 307
151 17
102 184
82 102
21 70
73 93
158 220
126 58
227 289
353 262
41 158
354 70
1 367
119 303
288 22
287 7
17 304
5 304
62 176
186 324
195 114
134 69
71 168
339 367
101 298
104 230
266 168
83 109
48 15
44 154
319 353
189 337
155 216
171 0
32 83
314 172
262 386
269 283
5 372
184 11
1 377
114 310
115 247
270 163
32 308
30 91
161 224
384 105
58 176
181 322
150 238
177 144
1 349
85 98
291 27
214 113
118 74
59 173
243 299
176 147
105 252
146 345
348 343
28 313
360 260
278 156
14 366
148 216
183 329
63 116
368 269
218 299
389 107
131 358
328 342
119 76
30 123
187 314
184 139
182 323
283 30
125 351
74 87
34 11
21 77
3 305
279 261
330 179
352 70
82 141
328 183
341 187
193 162
195 123
186 160
148 237
96 102
91 229
271 266
212 285
62 133
286 179
87 179
276 268
368 84
281 156
366 99
45 176
202 164
178 158
17 306
212 293
336 16
252 268
14 126
142 354
275 379
84 174
108 251
270 379
7 127
99 190
197 138
269 275
82 86
338 80
208 126
154 23
101 259
258 280
137 74
288 13
352 274
9 310
143 21
394 109
77 83
182 158
103 229
286 180
152 31
323 346
11 128
37 80
314 189
351 87
47 24
176 151
40 23
136 74
232 285
190 150
188 11
184 157
299 21
361 93
359 259
77 136
329 198
359 267
91 84
236 305
47 170
335 176
160 25
89 198
287 157
145 18
90 247
190 2
278 11
356 92
104 298
97 95
56 131
340 261
81 94
333 200
293 33
61 137
24 147
191 158
206 100
40 171
154 20
394 101
199 162
297 177
350 75
139 21
328 10
269 179
80 78
175 152
185 327
127 330
56 27
130 338
8 298
171 15
24 91
85 88
325 6
356 257
118 304
265 259
338 193
30 138
87 202
186 145
161 235
352 5
335 365
5 317
352 268
352 80
159 236
42 160
167 4
77 195
200 137
362 260
198 335
189 160
394 114
227 308
232 283
125 344
144 33
139 68
193 334
141 13
210 331
13 326
233 293
95 88
325 197
25 96
58 166
274 268
250 257
265 386
365 253
215 107
301 35
165 242
339 263
367 251
314 187
180 327
209 324
46 14
188 314
149 239
31 28
117 302
362 278
233 282
75 183
20 102
280 8
26 321
72 119
254 255
14 369
321 177
319 352
16 146
279 373
93 256
61 16
31 310
106 298
189 324
39 85
12 122
89 234
287 22
57 172
203 330
29 128
207 110
88 198
191 326
257 253
30 24
345 272
37 92
90 254
5 306
183 315
110 244
220 109
86 180
198 2
138 351
291 174
165 33
292 183
184 15
16 374
10 346
53 25
21 317
184 149
127 327
11 78
370 87
159 242
368 254
13 96
342 340
391 85
71 133
169 225
56 8
7 308
62 143
358 0
112 72
361 101
296 26
132 347
285 380
108 250
371 266
32 32
83 102
96 292
142 27
189 326
352 263
125 69
348 276
180 161
23 116
166 221
344 341
264 278
356 96
234 287
128 333
35 33
384 102
64 129
17 123
388 114
142 350
392 107
77 126
87 172
8 372
18 103
148 223
135 349
361 276
196 114
344 368
29 301
154 28
286 375
76 126
272 15
45 36
12 137
153 214
208 100
291 9
276 28
25 91
116 293
182 146
192 145
296 39
256 281
102 305
82 104
190 310
81 201
350 2
236 291
113 60
386 105
118 302
351 8
8 355
149 336
15 97
5 361
195 127
178 12
105 258
97 246
325 346
89 293
340 89
289 168
145 233
279 377
365 249
58 122
144 20
76 138
42 172
186 326
152 231
150 21
315 185
43 14
157 20
196 167
66 167
27 98
393 108
92 92
13 328
193 102
14 119
57 138
111 292
199 155
253 253
199 135
25 312
349 262
297 169
357 274
239 292
140 26
79 98
120 69
120 59
145 26
289 18
357 8
334 356
313 176
90 302
261 258
118 64
95 189
59 169
97 250
160 12
268 274
13 373
136 347
288 374
102 252
272 29
149 226
6 326
320 186
20 82
274 376
158 218
11 97
171 2
11 126
201 7
116 52
319 199
327 174
328 345
196 319
77 172
336 174
337 8
275 27
95 178
138 67
341 83
281 379
337 345
71 95
17 323
169 26
272 178
34 7
247 264
339 366
5 314
72 105
118 305
80 131
207 100
349 103
345 268
195 318
15 298
177 8
70 194
15 98
189 154
52 163
119 63
82 130
189 314
34 25
29 134
201 316
10 98
44 165
204 151
186 323
340 352
332 14
239 293
11 75
147 345
76 185
397 96
97 248
142 29
289 7
188 327
24 84
324 180
178 148
7 365
208 325
44 31
175 150
354 77
261 280
211 124
255 259
103 300
357 91
216 291
156 31
209 102
347 86
211 104
210 320
149 37
333 352
396 111
337 89
129 61
234 301
367 276
352 12
204 338
293 25
341 345
104 238
142 229
315 194
148 228
18 358
302 12
13 368
67 153
16 140
6 354
13 359
334 176
266 250
109 243
275 276
76 84
194 324
19 122
273 24
60 129
193 122
301 23
29 304
288 398
353 278
387 113
13 97
136 27
183 9
57 136
341 185
78 191
199 7
158 224
107 307
186 137
186 154
28 117
324 343
69 167
162 234
183 162
240 298
162 18
108 236
243 293
86 79
274 21
204 121
63 121
208 329
367 266
76 90
141 329
351 259
356 98
12 368
18 368
198 329
159 42
187 114
82 138
4 127
53 126
148 40
385 89
29 146
98 186
320 347
87 173
292 383
326 197
217 122
34 30
82 111
339 352
142 231
132 72
201 124
314 196
85 101
339 83
205 319
72 191
345 269
350 346
142 14
184 316
366 258
96 255
109 60
264 273
58 13
13 80
20 324
325 367
110 310
51 152
188 139
152 235
95 84
140 335
90 102
191 168
108 311
294 36
192 317
258 272
213 291
29 318
194 125
205 124
330 9
56 123
278 174
84 127
279 20
19 310
210 323
102 316
125 55
43 34
184 160
192 10
340 17
95 299
99 304
264 259
55 168
54 131
87 230
179 18
190 137
3 374
116 306
384 110
101 289
153 226
329 348
33 10
4 134
97 197
329 169
365 258
123 75
101 316
113 311
259 253
347 88
91 105
10 318
155 235
86 127
76 141
192 11
195 342
28 139
291 181
43 36
138 343
339 191
315 177
85 82
70 185
50 5
81 189
22 123
72 194
335 3
151 223
98 250
75 119
283 393
120 346
145 231
63 153
199 338
48 172
40 18
277 15
293 170
274 390
95 312
80 138
151 337
153 239
140 18
329 352
269 284
31 320
334 345
325 343
169 237
315 196
51 166
52 25
221 297
153 227
197 103
121 61
294 9
95 193
86 197
38 32
284 186
44 170
100 243
20 144
12 80
122 351
285 11
90 184
98 310
263 273
9 88
228 288
178 13
177 11
265 257
145 240
65 126
63 139
152 14
20 308
300 24
281 179
348 9
196 5
273 19
124 349
230 290
98 304
351 95
194 157
72 128
342 256
16 359
188 2
272 157
87 79
204 97
70 92
210 288
334 2
193 12
85 171
337 11
268 276
343 82
10 351
60 19
74 143
197 167
207 108
336 350
16 352
109 295
54 163
90 299
49 36
305 27
3 378
320 362
156 23
198 332
200 311
332 172
134 332
215 119
112 250
105 300
252 261
303 19
33 94
188 14
68 185
204 322
139 231
287 382
353 10
95 287
88 234
276 170
103 239
323 184
89 242
12 296
119 83
159 216
187 113
7 307
31 137
131 338
346 273
100 318
198 342
290 8
119 57
149 26
20 125
363 278
352 77
201 126
284 399
285 17
128 344
47 14
156 231
109 237
101 195
277 160
84 203
111 295
95 91
7 311
303 27
185 317
93 249
340 180
14 360
133 64
249 258
312 175
46 38
171 6
137 76
29 324
161 33
87 199
91 298
285 12
129 60
70 115
292 35
201 337
353 276
14 348
359 275
233 287
114 301
156 221
285 373
97 230
95 94
225 284
343 263
265 168
238 297
82 107
17 137
5 347
50 151
3 137
340 176
198 325
43 162
70 118
127 55
278 19
326 202
34 87
191 331
267 250
60 134
165 239
11 117
142 329
93 244
42 33
140 348
328 353
17 364
137 71
103 247
145 218
268 166
89 84
85 131
110 57
102 306
275 398
319 172
145 337
90 181
270 397
270 168
274 168
214 125
98 302
61 161
27 95
69 87
361 87
283 376
10 84
190 145
355 84
30 319
157 18
84 179
287 183
137 350
231 299
331 193
33 27
149 230
34 75
88 81
340 91
21 90
14 91
121 300
201 104
324 179
12 352
269 397
274 180
65 142
175 156
88 201
340 183
319 359
340 95
111 70
71 147
4 378
112 289
298 25
296 172
256 262
16 321
40 21
69 180
341 14
84 92
220 303
285 175
209 103
9 360
272 184
357 259
45 22
228 290
160 228
72 165
52 5
396 115
279 397
393 102
221 305
344 95
54 15
218 117
155 33
347 257
41 20
113 76
238 293
334 191
391 104
196 312
357 102
349 95
356 260
334 194
84 94
187 328
103 306
284 156
184 4
303 24
99 177
83 249
265 267
247 263
277 391
68 146
286 157
292 22
360 251
5 132
73 197
22 130
119 347
188 165
185 13
273 164
105 291
313 172
197 335
7 347
23 84
213 302
17 351
7 140
49 37
218 106
214 295
354 263
197 325
287 11
194 166
90 199
4 313
36 88
242 294
34 94
278 180
284 39
372 256
293 380
229 290
154 25
335 196
63 138
146 338
287 170
4 321
112 315
339 92
54 166
20 123
37 79
162 17
148 14
138 22
35 9
292 399
365 257
147 236
360 76
47 180
285 152
130 82
76 104
96 317
76 101
340 356
135 354
94 95
367 76
186 313
22 94
349 3
189 134
282 8
224 281
194 114
104 300
39 173
69 172
163 31
316 177
187 336
138 326
16 123
76 183
278 169
352 101
222 285
72 83
170 11
87 134
316 172
185 152
341 12
278 154
383 101
51 29
135 328
57 164
96 297
117 307
336 351
232 280
127 326
77 131
273 174
368 264
337 198
332 182
235 302
61 17
267 275
86 131
26 94
172 8
121 55
144 329
258 278
288 173
77 121
90 94
187 134
12 130
166 217
195 138
336 181
81 105
137 233
157 19
90 88
200 150
30 15
148 233
250 270
96 193
327 180
15 75
386 108
295 12
96 242
128 78
137 29
253 268
67 113
282 38
48 177
139 23
13 310
9 93
293 174
161 23
31 129
3 370
6 374
70 162
330 184
1 376
217 112
290 18
220 293
162 14
349 9
363 100
349 354
170 230
55 30
193 144
281 397
187 157
206 124
82 120
72 179
163 215
65 139
383 90
180 12
66 128
348 12
230 307
1 373
111 56
319 171
82 192
331 180
382 95
54 134
282 385
296 175
113 238
131 332
335 13
135 352
254 274
207 332
143 221
287 20
195 103
50 178
196 149
5 137
57 140
395 86
52 155
189 106
228 305
283 176
367 261
87 175
158 20
63 120
1 359
286 35
280 268
92 108
398 99
10 309
367 87
332 352
129 83
79 199
357 72
19 93
214 298
67 129
292 16
200 120
141 332
200 161
194 10
348 278
281 395
132 349
69 128
76 94
117 291
107 314
319 200
206 140
23 96
339 0
182 334
195 167
86 172
108 241
198 340
274 384
31 145
2 130
229 280
80 89
97 104
353 103
29 98
28 94
341 341
338 94
103 259
338 350
389 99
333 199
66 147
124 348
338 342
194 109
347 256
283 15
254 253
132 331
77 82
77 104
98 193
56 173
151 224
11 327
281 175
137 355
75 140
369 275
76 111
10 301
25 70
267 378
274 29
6 372
42 36
96 295
122 81
340 347
215 288
118 313
124 79
289 22
90 301
285 384
279 182
201 99
356 265
63 169
120 51
79 83
275 259
136 61
93 299
351 277
38 25
62 124
197 150
115 290
346 341
287 21
164 39
130 356
132 77
332 200
18 82
16 126
54 158
351 267
111 304
398 100
314 197
151 231
214 283
100 309
102 187
158 245
46 10
227 287
97 231
217 109
39 165
361 81
75 136
10 319
21 320
293 180
198 13
75 88
80 196
185 154
102 292
80 127
42 10
212 117
199 309
3 372
16 89
346 16
198 124
209 112
399 94
321 349
26 315
336 340
166 27
330 194
271 176
187 148
18 312
179 161
340 10
8 136
333 368
112 254
283 16
51 180
354 96
362 84
0 360
39 28
146 241
83 236
55 135
265 276
322 363
86 236
120 339
340 182
348 263
6 352
325 179
100 233
155 231
199 139
25 320
92 110
144 231
214 117
330 171
95 315
57 159
100 289
32 91
214 128
91 301
339 186
84 172
282 16
92 257
18 130
282 382
19 98
126 352
94 190
44 8
218 281
332 194
267 174
212 111
114 70
173 9
113 70
79 145
8 319
92 83
392 85
393 94
155 16
10 135
86 201
98 311
389 104
127 351
119 65
358 77
86 86
167 17
55 152
349 359
341 363
204 331
145 27
154 241
105 294
201 152
1 313
74 179
287 185
33 141
113 72
99 307
14 145
76 136
34 91
282 381
206 318
89 196
274 272
167 226
12 311
145 349
398 91
59 174
94 246
235 284
357 4
119 340
112 305
15 357
268 398
61 168
190 7
24 143
208 150
217 283
388 88
271 272
58 10
18 327
39 93
140 345
179 143
185 164
273 160
197 3
12 376
396 95
275 275
145 28
95 298
348 257
60 118
89 304
350 358
359 280
0 358
52 26
33 123
91 233
67 146
224 304
96 286
96 287
356 254
165 14
280 373
10 320
273 176
147 11
283 158
288 382
340 181
155 35
44 153
217 105
149 338
124 69
127 85
261 268
337 172
4 360
343 13
24 317
70 145
152 36
390 106
208 103
48 151
342 345
232 277
106 73
88 195
131 57
290 35
222 278
286 160
127 331
96 88
138 72
83 202
320 349
272 270
116 310
106 247
279 164
4 129
71 138
204 314
298 166
269 377
190 322
206 121
32 319
158 228
191 151
118 70
281 266
333 170
69 159
327 189
81 142
138 236
153 25
328 195
51 21
11 144
201 340
124 327
293 182
332 354
139 336
93 230
329 168
18 324
83 133
181 315
195 341
216 284
70 93
3 138
134 347
100 99
58 137
106 60
295 14
226 280
317 174
18 96
397 109
389 91
250 272
83 85
284 166
390 89
199 328
109 255
184 21
97 84
64 179
1 308
197 7
195 107
368 262
210 325
205 118
114 79
266 378
358 274
78 198
11 119
13 327
333 9
137 66
22 314
106 311
92 90
151 346
0 316
31 306
169 224
72 82
110 238
195 147
125 330
204 320
94 189
388 112
32 137
64 153
233 306
397 105
87 232
13 77
220 121
182 164
361 84
73 188
27 141
325 347
348 77
68 168
142 13
25 299
139 344
341 1
109 77
171 232
11 296
100 230
79 176
272 165
396 117
193 116
345 267
321 186
19 80
29 322
203 165
66 136
351 73
10 324
190 336
69 188
76 80
27 23
150 13
339 266
386 89
49 17
89 240
85 90
330 4
338 371
208 322
83 92
102 298
350 362
268 256
225 307
334 357
157 26
147 242
292 391
81 92
270 265
165 234
294 35
109 299
157 239
33 136
281 26
95 181
143 325
137 67
189 20
383 95
351 247
106 245
85 84
15 77
72 138
95 108
107 245
23 126
79 81
4 310
20 298
130 60
67 152
281 178
43 20
49 38
274 391
228 298
272 383
319 357
179 142
123 77
135 73
2 357
266 163
70 171
227 300
356 83
271 24
73 83
82 187
179 326
288 388
216 285
146 216
72 190
133 346
181 159
51 36
340 343
115 297
88 307
80 185
168 4
58 181
188 113
14 96
347 80
80 119
265 176
227 284
286 10
6 323
286 40
223 281
60 143
117 66
324 182
25 121
73 125
114 290
281 34
146 32
46 25
185 313
73 121
151 241
336 353
39 22
146 355
190 6
0 309
201 314
79 204
91 294
274 175
284 164
84 199
119 333
118 299
145 33
61 22
15 328
342 10
150 30
149 34
320 188
323 202
76 83
279 167
329 365
193 168
82 137
85 240
155 217
183 146
295 18
258 265
82 181
95 289
210 318
299 36
184 323
271 276
399 107
217 295
32 34
97 300
157 229
152 346
14 304
14 87
107 67
148 224
58 136
372 263
269 177
336 195
13 313
113 305
330 346
113 317
302 23
113 297
284 389
105 302
87 201
4 131
372 257
352 82
132 342
217 124
286 11
350 81
258 270
191 3
192 108
326 201
32 71
165 225
330 345
360 278
225 276
107 302
151 40
41 89
296 19
282 377
278 160
155 225
95 202
106 251
368 261
234 289
193 339
27 298
17 79
40 25
332 345
100 297
369 260
89 296
198 130
64 163
176 146
129 347
289 17
144 38
98 251
126 350
277 156
89 94
208 330
218 118
339 195
29 94
215 117
108 308
383 96
316 175
187 341
169 2
137 20
48 175
314 182
338 5
345 95
14 365
129 57
267 381
164 27
365 95
201 311
251 267
32 79
190 165
156 214
173 16
30 137
25 300
25 90
328 180
35 125
208 112
200 163
70 160
163 218
61 125
13 136
13 88
9 141
343 363
157 220
322 342
283 22
26 299
137 232
12 366
45 15
389 97
76 88
23 119
286 398
342 353
146 228
343 88
72 116
10 367
277 21
39 20
88 304
122 342
20 296
194 308
134 348
117 74
351 81
112 316
227 296
2 365
321 357
28 140
342 91
284 161
57 154
212 321
24 89
187 7
94 100
220 304
29 140
77 176
37 91
322 354
107 59
396 107
87 252
23 132
102 259
344 8
92 188
356 277
40 8
121 299
122 65
282 24
163 13
83 177
355 260
216 286
229 299
332 3
155 18
319 179
280 389
279 269
242 285
13 362
361 86
46 13
26 313
45 171
67 169
30 12
295 161
128 56
28 310
31 307
217 108
263 254
160 42
316 192
85 184
290 33
142 346
116 313
297 173
127 61
260 272
69 146
50 33
119 300
135 28
358 92
199 8
186 19
7 351
361 75
30 321
193 123
182 18
191 317
367 75
144 41
0 355
148 343
271 255
5 121
72 117
279 156
96 304
216 109
384 113
79 139
141 338
295 390
96 87
0 362
116 84
43 31
341 85
131 350
327 355
68 172
327 202
16 79
30 311
384 101
123 351
314 186
354 80
193 15
7 345
26 71
20 369
80 171
322 168
91 103
98 293
168 232
308 188
72 170
199 146
96 198
69 187
12 327
84 134
327 178
128 334
341 358
23 304
8 317
146 42
356 77
270 273
352 3
263 275
80 200
113 75
361 78
208 331
35 76
342 266
91 200
331 363
69 143
348 250
134 56
161 219
49 149
288 181
79 87
288 167
52 164
202 119
394 86
152 214
86 252
2 364
117 85
270 281
85 242
127 328
2 360
121 342
210 115
343 351
327 0
91 290
336 355
328 199
336 12
52 15
149 214
180 153
171 9
342 97
119 311
301 25
94 297
162 38
149 331
333 179
188 122
355 101
358 265
130 349
213 100
321 179
276 153
340 75
365 97
212 125
46 23
266 256
90 175
115 239
273 267
110 303
7 304
6 360
31 73
16 97
99 299
86 99
37 78
10 356
207 157
18 143
340 354
243 284
270 256
331 357
273 15
100 249
112 79
7 122
139 351
36 34
2 304
57 128
352 4
285 35
102 255
148 236
17 120
232 301
21 300
282 158
63 151
335 180
215 298
397 108
297 27
215 127
68 122
156 41
94 191
14 82
209 100
155 244
142 347
22 118
124 345
278 166
57 142
55 128
50 161
162 233
160 14
390 110
201 105
12 377
145 22
335 172
41 167
70 84
250 268
216 294
50 21
230 282
355 274
368 80
44 177
137 23
32 125
52 36
198 147
151 227
144 237
303 32
97 176
18 144
102 188
27 139
360 259
194 156
356 280
137 59
220 107
69 185
17 314
250 275
26 85
347 102
34 123
272 154
100 234
394 95
57 10
73 140
49 155
360 95
23 117
216 126
391 95
120 347
111 296
354 88
382 98
26 88
166 241
340 259
279 388
91 309
14 85
210 108
106 64
26 119
206 117
350 70
215 302
212 124
77 99
278 170
73 123
50 153
97 228
168 237
274 32
274 24
161 39
117 52
292 28
138 345
198 118
356 247
148 33
13 360
8 366
359 250
8 367
151 344
329 362
292 31
323 349
98 298
204 340
282 388
48 27
3 308
204 130
96 183
73 102
276 16
354 9
44 10
329 343
6 346
79 203
316 186
101 250
100 299
21 312
274 14
100 305
103 319
90 297
99 300
139 343
129 52
36 6
184 0
348 10
237 305
1 316
303 22
364 259
25 148
399 105
28 132
121 54
368 260
87 248
201 122
350 98
82 91
137 231
188 137
195 12
266 284
86 203
22 117
361 263
252 263
396 96
287 29
349 352
51 15
296 15
15 376
24 326
154 223
277 184
121 335
112 81
69 130
289 398
53 168
303 14
46 176
161 17
51 163
33 75
123 72
279 394
60 27
394 108
279 31
192 154
335 343
61 176
280 394
345 356
273 177
153 41
97 299
48 174
35 73
25 318
233 278
31 88
16 369
107 247
71 137
199 115
61 157
227 306
6 358
189 16
16 304
280 166
342 364
78 190
200 155
36 36
26 310
211 110
80 130
348 4
294 38
344 254
235 306
356 103
73 118
87 249
179 146
293 160
57 149
335 188
82 243
55 164
235 299
170 233
21 89
6 351
83 120
214 110
12 133
324 340
37 27
54 23
74 196
95 192
15 363
123 342
278 277
170 3
28 322
50 149
59 144
346 358
36 10
340 267
326 338
365 267
116 238
325 183
127 336
25 317
351 13
344 271
88 80
95 246
39 30
67 140
277 174
81 204
161 12
158 16
145 224
26 81
72 88
11 93
364 280
59 162
131 337
351 279
201 101
54 175
13 135
285 173
83 200
217 281
23 319
116 240
230 286
44 158
107 232
393 91
36 135
147 39
96 230
87 194
106 312
169 28
178 327
339 196
25 77
35 28
170 7
216 299
137 340
66 166
34 129
77 137
230 287
76 91
101 299
176 16
335 12
219 113
143 224
330 177
36 82
10 299
77 81
196 151
163 224
204 329
91 246
320 357
222 276
20 141
268 395
268 284
108 307
45 29
199 316
16 130
265 380
217 115
21 116
45 175
154 37
66 114
93 248
271 251
270 263
6 144
239 285
284 29
12 295
120 84
136 344
147 228
96 296
95 101
264 173
25 78
4 132
186 142
169 223
325 360
166 21
105 246
20 321
341 365
204 323
331 191
398 117
77 119
63 176
56 31
133 351
355 272
95 234
278 275
162 33
159 247
286 34
38 23
80 126
289 31
391 91
102 301
213 283
1 319
113 299
166 34
292 7
202 98
144 348
18 310
23 316
183 151
391 106
133 65
31 19
178 14
199 149
134 64
196 104
53 152
119 58
275 280
51 30
289 35
16 330
151 35
195 126
99 189
292 19
205 115
346 363
38 168
183 144
327 5
201 153
386 91
171 3
9 327
274 26
67 116
351 6
359 270
286 164
166 28
267 268
153 240
287 26
70 128
193 157
267 180
190 13
107 289
322 199
15 354
6 361
37 96
193 18
198 317
114 305
344 353
230 296
133 357
364 264
221 116
186 327
88 111
14 321
61 158
189 148
88 105
396 118
55 136
104 318
360 97
107 61
293 19
56 159
269 264
171 1
3 133
23 142
272 21
72 195
328 198
338 358
272 393
14 77
286 391
336 3
320 173
40 82
15 91
218 303
341 82
221 299
33 128
277 266
181 9
287 154
112 61
46 170
11 121
31 96
364 279
117 79
291 7
20 303
91 174
110 257
71 163
162 236
77 128
203 114
43 12
180 144
97 192
18 360
274 264
4 302
17 366
367 260
274 161
281 388
100 302
97 256
35 35
192 123
254 257
281 262
353 100
157 29
15 316
107 319
136 67
162 240
275 270
33 87
317 188
132 69
85 124
294 12
197 165
101 294
70 172
320 175
133 352
268 250
346 278
388 98
357 1
2 129
291 8
77 106
196 156
325 364
67 132
27 322
2 351
220 106
342 75
28 130
277 272
81 121
60 18
143 16
41 15
391 102
278 376
16 298
52 151
132 326
201 321
320 200
58 133
30 82
106 293
280 22
194 106
41 163
128 328
37 28
90 311
221 306
69 91
316 170
136 28
277 16
203 141
94 185
54 159
40 38
367 96
272 24
295 172
5 122
111 60
353 13
99 309
80 122
56 155
280 390
280 29
190 331
329 181
63 130
64 156
105 307
326 183
99 311
97 200
396 93
362 73
160 235
139 234
291 23
278 257
356 79
111 233
15 120
265 162
201 108
174 12
332 195
182 327
129 353
105 287
263 395
298 35
109 63
67 170
195 166
72 91
124 52
355 277
224 291
206 129
114 53
180 4
340 185
229 296
338 264
112 65
85 96
118 55
30 131
141 355
186 153
272 275
192 167
272 18
349 4
329 8
44 172
356 246
220 302
147 25
42 6
336 363
141 18
278 374
61 26
280 164
104 241
99 181
90 239
196 337
255 269
48 167
151 36
43 153
54 29
33 309
102 318
130 59
356 87
201 157
288 174
137 229
136 328
280 382
213 114
360 91
277 181
136 62
34 95
267 278
104 286
214 102
268 271
8 376
74 186
226 290
89 81
266 257
207 336
191 4
354 104
309 184
360 269
177 9
90 303
155 222
111 81
207 125
384 111
147 43
83 242
130 333
329 173
25 126
14 329
222 305
349 347
339 15
278 372
300 22
247 272
15 307
15 312
168 224
38 15
337 352
295 28
268 168
126 341
29 20
341 191
106 299
85 102
272 265
33 313
13 318
13 122
156 245
117 61
64 145
145 42
198 115
141 35
392 105
106 227
231 275
326 175
43 24
34 128
10 368
72 101
115 303
193 342
359 262
113 234
345 257
341 78
123 79
353 277
344 349
203 319
97 304
147 350
338 181
190 326
88 242
383 93
109 71
359 249
161 232
336 190
112 74
272 278
141 354
31 120
147 35
25 99
203 128
273 23
155 240
273 181
382 92
22 135
312 179
144 18
68 117
296 21
146 39
196 342
205 117
192 331
230 291
82 112
77 105
266 278
295 31
95 291
190 108
274 185
127 60
1 378
334 186
91 198
363 75
11 76
264 169
104 259
123 336
103 309
240 299
227 303
79 174
128 68
3 364
68 138
85 203
144 337
113 241
363 265
131 328
199 109
79 201
215 291
22 300
94 228
40 4
194 327
10 138
28 146
19 86
194 160
333 370
194 115
183 334
78 82
49 9
77 84
151 18
142 40
106 256
202 153
163 28
38 31
353 95
22 323
157 233
129 349
27 19
216 279
149 343
84 85
109 56
47 22
347 13
84 239
94 300
163 39
81 90
238 284
151 335
127 352
17 322
210 101
176 2
169 31
285 387
344 76
29 76
278 177
202 336
288 376
184 147
17 299
84 102
84 178
73 136
258 283
84 82
302 21
200 330
89 199
79 85
56 174
368 97
335 359
351 82
69 138
48 35
42 17
84 101
277 387
83 243
230 278
383 97
204 154
351 92
315 183
262 262
9 368
253 272
11 304
274 379
309 182
146 328
97 92
34 90
27 79
104 239
349 261
352 254
268 275
52 176
226 286
99 305
76 118
12 128
181 5
88 93
266 380
77 191
101 99
135 29
95 227
8 347
182 325
40 174
269 376
397 99
47 19
362 277
125 56
94 173
208 313
32 17
125 348
91 203
237 284
81 200
395 93
274 16
68 101
349 353
76 135
274 162
23 298
70 169
76 102
1 306
84 88
204 126
62 129
344 74
326 198
77 202
9 137
12 363
121 349
210 292
179 320
266 260
357 86
75 145
73 87
364 96
80 142
27 124
288 377
286 154
19 360
32 316
195 329
15 308
144 327
183 156
335 177
10 325
173 1
325 188
259 263
91 243
89 112
346 79
50 27
192 325
215 283
288 29
130 61
368 79
152 244
339 343
188 338
341 264
33 316
8 299
59 153
327 197
9 118
141 333
169 23
147 12
17 352
206 320
104 299
383 108
15 297
200 128
211 121
23 321
58 170
327 342
3 366
53 12
164 29
300 32
114 314
90 310
63 119
205 129
14 100
40 160
5 371
159 32
29 308
314 183
289 174
64 128
250 256
397 106
96 95
146 219
85 112
285 153
194 1
331 359
361 79
72 95
210 100
366 252
1 371
33 129
362 269
165 17
338 366
15 117
288 30
214 108
194 321
13 123
25 102
128 61
267 255
42 161
191 17
393 115
29 131
164 226
354 71
49 20
101 260
178 19
42 174
346 93
202 322
101 295
270 274
206 311
217 280
199 321
148 241
313 198
335 187
222 293
141 21
116 246
92 312
29 139
68 131
135 61
332 368
387 89
148 18
48 181
293 7
69 168
355 4
197 128
341 92
294 15
238 289
350 270
46 15
43 15
130 57
198 109
273 168
9 347
59 127
99 196
184 18
281 373
354 280
125 342
11 377
336 86
351 101
123 60
214 287
399 101
221 110
322 179
342 343
201 333
12 302
146 31
360 96
100 317
130 52
346 250
66 129
389 113
16 142
127 66
189 317
129 357
100 294
8 124
367 97
322 359
88 97
68 144
21 316
320 196
181 7
64 132
67 161
289 153
55 137
319 196
184 154
324 361
6 126
394 106
355 278
332 197
205 149
301 18
25 301
340 370
62 172
169 10
18 351
100 190
121 352
65 156
150 336
133 73
94 98
268 272
267 163
128 54
290 28
96 311
168 229
13 125
354 247
290 171
47 30
273 263
267 161
322 353
9 127
357 3
273 167
352 88
373 269
256 274
9 297
37 34
31 311
15 124
7 372
96 188
213 286
343 97
203 163
185 153
353 89
348 275
33 23
57 152
111 305
191 19
189 150
216 118
293 39
22 319
201 319
218 286
340 14
139 25
15 85
168 31
298 164
9 362
100 254
8 365
200 136
320 350
187 165
110 59
301 30
161 245
190 18
22 101
87 130
74 93
88 179
364 272
96 305
3 375
317 171
320 363
111 79
6 315
279 24
303 30
92 94
203 154
293 172
364 75
30 308
334 347
333 348
305 24
121 346
253 264
190 114
201 156
37 18
67 127
56 11
363 264
197 6
347 344
150 245
349 71
1 310
9 86
279 171
225 298
183 0
213 102
68 187
205 119
271 159
185 4
219 297
81 107
15 72
211 319
275 169
91 202
121 74
26 319
339 87
38 166
10 321
51 10
203 149
199 117
20 81
297 163
48 13
242 289
354 85
51 14
337 1
115 56
260 283
202 335
15 364
133 353
46 161
169 230
327 351
21 74
265 166
67 176
110 248
190 154
96 98
30 301
281 155
356 6
272 23
149 19
274 172
50 17
122 70
236 287
199 153
237 283
187 110
393 114
59 30
245 292
91 177
297 23
193 332
171 231
232 276
125 72
82 101
97 312
103 313
127 67
6 321
144 23
335 346
198 163
216 300
62 135
367 256
139 70
176 143
189 312
268 165
4 373
79 189
279 186
198 139
12 79
152 24
278 171
9 349
212 329
333 355
227 274
170 14
333 191
191 135
83 197
326 361
115 83
9 298
81 198
277 388
293 6
11 303
95 98
24 101
69 160
20 127
21 131
196 316
396 108
119 77
46 20
269 282
19 304
137 338
254 258
271 384
132 332
267 253
276 175
277 268
231 308
116 68
215 305
285 398
48 29
81 126
116 61
226 276
85 97
204 99
33 139
392 91
274 374
200 104
143 328
90 109
130 64
20 149
101 304
155 34
372 261
323 356
397 116
128 329
207 127
335 350
81 139
181 140
326 342
51 26
265 263
16 103
343 276
115 291
27 120
194 112
391 117
24 325
138 224
164 37
269 250
182 320
119 299
326 196
89 86
324 175
234 305
65 154
340 364
119 309
21 328
27 308
268 257
282 25
215 109
214 296
100 285
358 97
194 108
353 84
59 131
336 345
219 301
311 179
89 246
354 93
147 339
88 178
151 14
321 344
188 153
184 327
0 365
341 339
98 98
271 256
202 324
22 299
234 295
179 150
168 30
327 341
57 130
190 312
45 156
217 284
75 98
273 255
340 262
201 121
282 21
30 128
338 92
223 300
110 252
355 74
18 146
83 81
380 106
139 329
79 202
345 93
348 272
344 91
28 128
241 285
272 160
322 201
35 99
41 26
12 378
348 277
398 110
109 310
133 340
361 89
58 139
43 166
201 2
358 247
211 320
149 330
274 372
35 15
357 281
343 350
183 323
242 299
128 82
60 181
278 20
72 166
282 176
393 95
308 185
333 183
179 154
30 142
355 92
385 96
8 321
218 307
193 107
45 165
261 253
44 161
132 57
36 14
178 0
269 171
181 331
158 36
200 316
202 130
88 301
278 155
352 279
9 309
172 14
111 243
263 391
170 2
84 99
198 312
194 163
20 129
353 3
196 138
273 280
146 221
105 64
109 238
63 168
28 125
31 30
213 292
139 221
345 9
192 0
170 26
285 22
268 176
108 252
90 89
86 105
348 348
153 19
108 74
355 83
391 108
67 120
93 99
35 12
16 351
326 200
22 146
142 351
112 311
63 118
93 80
93 247
17 367
271 181
13 101
282 39
124 329
188 310
21 122
3 317
190 160
336 1
221 287
59 178
158 234
164 243
254 260
188 323
1 372
77 182
116 305
143 40
150 219
11 77
145 237
92 259
57 139
290 384
288 179
178 145
310 188
228 277
39 79
360 77
72 160
281 30
268 175
342 87
140 230
140 223
356 82
394 89
137 334
161 31
34 12
200 127
147 15
188 142
262 385
225 288
30 303
170 235
197 316
101 313
266 270
24 300
346 352
387 91
32 86
69 88
199 122
153 247
328 176
297 172
343 364
89 80
255 262
71 199
188 3
32 139
247 271
192 319
101 185
272 394
45 14
191 310
343 76
328 351
26 301
342 15
393 100
220 117
107 291
244 290
76 187
286 390
14 74
93 89
338 348
73 194
202 321
338 88
135 76
275 253
344 269
291 20
18 298
22 83
312 183
134 337
225 294
140 235
288 158
143 24
349 80
94 90
32 129
358 257
110 300
94 237
81 144
338 16
75 142
199 124
296 31
129 65
90 291
207 129
23 310
238 281
9 128
63 159
16 84
277 396
201 161
36 95
38 6
79 175
88 100
339 185
180 16
290 389
347 2
26 141
13 370
369 87
164 35
64 157
191 309
17 129
200 164
36 96
128 63
279 263
184 162
339 358
178 18
171 5
115 250
92 306
45 155
82 194
135 31
162 19
98 101
114 82
53 129
294 174
248 275
30 304
12 87
57 161
191 318
352 95
93 231
163 235
395 102
289 160
212 102
5 123
395 99
282 156
110 56
360 79
223 288
186 329
350 258
368 263
136 58
20 100
272 173
127 335
284 174
342 269
252 269
285 25
108 314
30 306
53 158
320 192
27 311
99 233
31 23
72 141
206 161
215 284
163 216
351 78
350 253
150 22
121 302
345 91
300 27
285 9
58 16
290 23
363 250
282 172
111 248
204 160
308 180
148 43
265 262
163 223
114 61
289 170
341 87
102 303
254 266
212 327
44 5
290 31
70 132
146 21
163 244
17 124
230 304
87 256
229 284
115 315
24 79
135 355
270 382
142 338
49 162
76 200
335 345
362 101
262 276
39 158
150 247
83 191
113 296
4 349
282 386
14 325
59 143
53 16
205 143
26 96
345 2
365 255
168 219
387 104
131 70
131 324
66 178
166 228
350 8
21 132
31 93
147 17
202 331
119 341
280 397
13 89
57 18
238 304
87 184
13 320
197 147
18 311
299 28
153 230
193 8
267 264
231 280
143 35
235 283
38 8
372 267
70 87
290 12
360 81
90 110
85 109
202 157
46 31
50 35
102 240
120 337
120 343
145 347
292 177
200 106
20 120
100 300
138 18
7 306
340 369
160 245
213 294
131 339
395 118
392 87
29 103
105 69
80 188
92 233
68 164
193 311
72 192
109 254
193 126
104 243
298 18
345 343
341 188
201 155
93 240
99 227
352 281
360 86
52 16
357 81
250 269
145 215
164 228
162 222
22 311
14 373
323 353
240 300
114 74
347 260
348 266
14 357
212 114
337 16
269 381
121 63
285 155
55 33
160 243
14 88
202 154
7 327
105 241
362 261
289 382
192 310
350 84
92 89
77 94
35 23
253 279
72 122
342 344
74 82
337 189
183 337
96 301
296 389
111 256
320 193
285 24
372 264
77 102
107 62
10 303
280 386
35 25
201 326
83 90
292 386
192 169
159 14
273 258
192 150
331 200
189 15
292 389
106 74
336 191
321 202
283 183
57 180
354 277
135 75
334 352
254 271
131 67
358 266
127 74
168 18
323 352
115 63
351 85
39 172
345 358
273 153
22 104
135 80
276 20
77 190
30 96
105 249
249 272
326 343
271 399
73 90
92 238
138 37
392 88
195 168
342 79
6 305
127 353
85 252
63 150
277 9
137 28
342 9
103 250
177 152
110 293
195 324
88 192
134 334
190 144
214 123
258 259
42 23
51 18
219 282
105 308
145 351
189 153
126 355
150 226
193 167
333 366
73 120
74 133
115 69
5 136
351 256
3 353
82 188
107 71
197 120
83 122
111 311
119 59
188 106
98 181
196 154
366 277
218 121
51 174
99 229
101 93
270 380
24 303
108 232
118 343
346 98
274 265
204 333
73 81
362 99
54 178
102 310
117 299
56 32
223 291
142 25
68 161
64 122
79 191
241 302
394 84
59 119
71 134
151 348
326 359
78 107
273 264
367 277
365 256
282 182
112 55
316 200
316 191
130 329
4 304
10 360
71 105
260 260
109 68
146 15
223 293
13 363
278 262
110 80
74 180
176 1
345 90
96 229
147 336
5 366
66 124
119 346
24 305
274 386
364 83
93 82
30 143
131 58
337 183
125 339
182 162
354 281
338 13
143 340
259 270
278 33
104 254
84 107
201 106
108 237
122 60
324 344
82 177
334 367
337 9
43 29
191 159
180 17
142 32
319 173
2 374
351 257
115 296
279 158
385 105
187 147
267 173
175 18
269 160
162 22
78 86
283 6
387 110
351 264
43 177
290 160
223 280
222 284
337 85
281 173
172 9
124 328
197 137
290 390
164 219
30 317
200 334
164 234
291 183
194 167
143 15
348 1
333 198
45 4
14 363
344 364
294 173
191 5
197 105
156 217
314 173
132 81
277 394
89 201
262 391
227 285
18 366
76 140
333 364
181 156
364 99
47 25
134 353
202 165
281 383
315 197
352 247
199 120
33 90
302 27
269 383
169 238
15 352
130 76
167 3
197 141
135 337
88 173
35 126
18 141
58 175
21 126
28 123
315 176
142 31
99 287
342 99
347 345
293 23
254 263
95 90
302 19
355 254
189 336
321 169
137 25
157 43
74 176
125 333
190 327
311 183
35 87
180 324
235 308
106 65
2 313
125 85
280 31
17 130
227 275
279 169
339 262
45 19
191 142
90 179
74 106
61 164
283 153
15 365
137 337
158 247
15 149
136 25
70 164
154 13
354 6
9 95
104 296
213 99
149 227
276 22
114 60
188 148
1 357
282 155
113 63
387 93
58 178
168 1
335 367
139 233
349 78
182 337
189 18
282 174
249 260
9 326
343 185
46 172
80 84
202 110
204 156
271 273
232 296
29 126
366 85
4 308
344 265
391 97
338 17
262 253
326 195
186 12
88 82
85 185
355 96
37 82
189 311
116 82
278 384
196 127
252 262
12 95
129 335
203 105
75 126
118 308
97 102
142 217
67 139
153 29
143 225
180 332
359 260
8 297
343 15
18 296
169 12
180 323
329 196
41 37
91 86
85 136
198 9
17 370
276 390
140 327
23 80
370 261
200 129
192 19
265 175
213 116
40 158
233 280
334 351
36 16
278 382
292 181
192 139
345 72
53 166
294 398
96 260
124 77
199 3
279 273
84 248
344 358
29 102
279 384
17 303
320 346
82 196
167 22
191 122
331 2
213 109
288 171
256 279
286 8
144 223
186 328
187 149
135 358
360 266
221 290
148 344
107 306
88 91
193 316
270 385
83 84
10 323
294 167
347 361
199 145
102 247
83 129
362 248
91 188
209 98
40 17
199 314
337 371
7 379
369 88
350 97
276 385
160 214
339 7
183 141
31 97
361 91
16 128
113 287
280 39
197 162
38 13
93 229
38 12
40 29
42 8
134 346
360 256
328 196
65 170
197 312
18 89
71 118
70 188
109 79
53 148
40 167
330 338
291 157
69 115
269 272
17 94
283 390
394 105
26 305
348 364
153 234
225 292
297 166
260 255
141 221
170 226
111 239
140 342
183 147
13 375
198 105
14 295
18 116
198 145
288 184
137 61
353 249
79 110
322 200
82 85
77 114
342 267
57 162
5 127
90 172
57 16
276 382
54 176
40 163
194 9
364 271
253 266
346 15
227 293
221 113
92 250
157 30
14 306
277 165
285 32
24 117
344 85
383 112
330 362
197 336
192 136
286 30
337 184
75 198
132 356
283 392
194 165
364 249
283 17
95 100
57 134
141 12
208 118
3 349
132 58
125 65
132 76
205 125
24 123
213 284
238 287
94 307
267 176
214 290
234 302
188 339
19 150
76 132
49 12
180 152
273 165
96 248
27 321
15 92
40 94
110 237
38 35
106 75
106 313
98 244
332 365
315 199
8 362
98 314
192 105
345 348
233 285
286 378
145 32
171 230
131 69
143 26
195 328
142 222
85 91
72 187
322 349
333 369
39 161
329 7
147 244
72 146
125 52
28 28
186 10
349 82
148 234
292 169
11 147
49 154
63 164
367 262
137 32
117 63
276 389
342 366
339 178
20 315
107 248
71 183
290 392
79 93
225 283
340 177
362 266
157 21
85 192
399 87
103 293
214 286
77 135
130 341
74 147
34 22
167 6
318 180
160 22
285 6
12 329
153 222
21 318
298 29
399 118
177 153
106 315
191 157
288 396
351 84
235 276
116 70
179 328
75 182
111 252
26 147
273 253
347 101
391 112
227 281
213 282
222 304
121 334
125 346
46 152
18 142
203 100
42 34
64 120
47 178
227 290
328 2
51 33
337 187
346 90
88 79
16 324
299 31
80 107
79 182
220 111
280 7
279 166
98 286
256 280
43 5
337 369
360 88
331 175
146 230
100 287
70 127
150 227
28 299
8 371
327 363
87 110
168 7
20 97
370 266
201 147
319 349
339 342
190 142
136 72
94 290
338 185
189 155
188 333
5 349
95 187
103 310
388 116
391 107
271 393
8 82
329 364
349 266
95 250
84 129
277 261
194 326
362 75
192 133
182 140
32 80
120 332
281 31
34 24
144 234
99 258
279 385
209 124
148 21
326 180
97 318
195 321
212 287
256 261
145 10
91 184
327 360
165 34
32 14
218 305
214 284
28 82
240 301
141 345
93 196
18 140
266 277
197 332
96 100
89 255
166 237
205 316
186 164
151 341
121 340
321 359
283 161
335 347
297 22
36 92
193 164
346 73
358 259
189 137
76 129
97 234
51 167
52 32
93 288
18 323
209 108
7 363
111 299
25 129
90 197
292 180
112 296
20 361
139 32
166 242
194 137
158 233
2 134
93 83
59 176
209 326
123 353
200 114
260 282
274 181
349 265
16 357
354 252
162 245
51 181
94 305
5 375
354 83
329 340
146 222
336 176
68 87
398 86
27 21
348 260
61 163
39 96
29 319
34 76
21 141
55 126
286 163
288 380
275 184
106 257
106 249
189 309
138 358
347 100
161 41
53 163
291 163
323 343
40 30
12 120
257 276
206 155
187 146
230 276
399 117
7 137
207 124
273 387
349 7
309 192
143 234
47 15
119 52
3 354
126 337
143 339
349 248
29 17
6 311
85 126
203 146
313 191
105 236
348 347
91 106
203 119
248 272
88 190
258 269
99 241
398 92
105 245
20 134
185 325
211 99
344 81
95 297
345 76
15 116
16 147
276 167
192 313
290 383
300 31
52 159
363 90
235 304
275 171
77 95
355 8
120 75
294 166
80 96
6 306
335 363
197 154
136 356
96 247
278 29
55 10
97 258
28 24
202 3
66 122
157 244
350 275
158 18
3 139
366 88
152 245
99 104
309 180
143 238
157 240
86 135
305 20
49 26
165 21
303 26
150 337
82 195
283 39
113 312
159 233
39 21
120 80
13 148
324 195
138 325
33 26
284 383
105 256
79 79
74 145
80 182
278 266
233 299
203 309
143 25
153 235
287 164
286 177
178 325
146 242
131 330
277 162
41 35
58 117
206 99
272 377
221 279
129 348
46 37
58 121
183 3
134 68
265 254
295 21
334 174
140 332
295 177
330 356
358 262
51 170
62 120
151 219
189 123
290 170
151 334
61 124
348 81
91 172
84 194
320 365
343 255
181 17
172 5
82 172
116 296
202 163
185 141
19 301
239 290
332 360
98 226
344 92
99 95
92 179
286 173
212 324
280 395
197 318
264 258
41 38
295 159
386 104
155 11
353 98
79 140
142 30
209 127
141 15
65 168
38 84
134 342
298 171
72 177
279 258
70 156
113 251
127 343
291 384
251 260
339 261
203 324
51 168
93 180
22 100
27 24
95 230
356 73
345 79
58 128
178 16
15 119
138 347
90 312
28 17
122 335
31 82
149 216
399 91
30 18
21 80
227 291
32 74
42 21
333 196
399 108
321 366
234 293
118 337
72 193
202 340
141 24
15 96
76 122
55 19
135 62
93 289
99 93
286 172
249 274
18
