25
4500
10
133 385
376 10
58 12
264 18
88 396
348 361
270 280
205 334
241 151
274 375
307 109
97 22
323 133
50 311
160 47
389 150
350 252
228 303
186 187
170 127
338 182
83 295
389 105
77 147
256 221
86 301
308 110
391 103
278 283
78 299
392 149
241 142
181 185
51 315
159 54
273 373
273 20
265 25
347 358
378 19
58 306
179 191
269 279
79 290
375 13
125 387
387 100
342 183
343 251
87 287
393 113
133 384
42 306
328 127
385 110
157 39
247 221
376 13
42 314
270 282
175 121
230 310
392 143
346 366
250 226
396 154
77 293
349 252
183 190
79 397
237 304
53 11
382 16
341 256
181 193
267 378
104 29
182 193
168 124
353 247
135 376
48 304
208 332
62 16
261 213
247 148
394 146
140 388
234 157
341 359
354 353
330 139
344 352
81 396
125 391
273 371
396 156
166 45
249 152
204 342
269 17
280 377
168 42
263 10
394 97
238 157
133 395
170 123
157 46
51 9
380 1
142 383
83 399
223 301
346 369
261 228
339 180
257 218
331 179
234 300
187 192
279 371
346 362
375 7
90 296
385 98
71 144
125 388
154 54
128 384
270 371
198 331
54 306
272 23
381 153
354 258
160 38
312 114
260 223
155 47
80 151
373 2
371 9
71 148
60 16
91 291
385 153
130 389
380 108
259 13
90 21
271 271
301 117
266 276
373 7
94 28
165 46
232 307
340 177
162 124
138 393
396 145
53 310
72 142
197 330
76 290
192 188
387 142
79 145
254 226
348 245
214 334
202 340
267 281
237 142
179 125
56 311
270 383
191 185
329 138
249 225
158 43
52 305
131 376
385 112
316 106
378 1
326 132
354 261
315 133
268 286
210 337
130 381
274 384
81 395
262 221
374 15
157 54
89 300
303 112
49 311
260 11
226 299
306 117
380 14
270 377
81 138
398 101
341 251
344 357
233 308
158 51
259 16
132 383
300 114
137 388
384 155
251 228
92 298
164 52
59 11
221 296
308 116
264 28
234 147
244 152
156 39
393 105
275 278
137 391
105 26
208 330
215 334
248 216
259 24
299 112
88 288
204 338
346 259
281 375
166 44
304 104
342 357
83 298
54 16
345 180
178 131
180 187
209 339
310 103
387 113
230 298
92 24
374 17
333 177
83 142
230 303
247 151
353 368
155 45
243 156
202 339
225 306
243 157
137 382
277 380
345 362
341 191
371 13
384 109
358 249
342 184
257 23
202 326
44 318
389 106
351 370
335 187
228 307
61 12
55 4
223 305
52 4
393 148
376 4
178 133
196 338
60 17
140 382
52 307
80 302
229 303
175 128
183 195
173 124
198 332
391 107
369 3
300 108
271 373
349 248
388 149
229 306
274 279
82 152
197 335
332 129
345 250
347 179
86 293
396 149
52 314
249 146
308 109
383 156
355 364
354 357
190 179
304 101
92 297
56 304
377 14
224 304
63 8
322 128
80 140
190 192
261 281
198 340
398 150
347 365
89 397
95 398
394 100
276 369
158 48
398 154
78 297
276 368
279 276
351 355
334 185
182 195
247 157
50 318
370 12
83 150
384 12
159 50
344 256
278 374
354 360
79 143
345 244
352 258
162 123
348 363
322 130
192 179
274 372
58 7
83 141
376 19
81 297
334 178
211 334
390 149
333 183
127 383
338 177
380 8
172 118
184 179
386 113
80 292
206 336
74 141
396 151
263 227
341 190
348 366
163 44
87 296
77 292
340 183
57 318
233 305
270 290
380 150
224 301
304 106
152 42
78 301
165 126
299 105
184 193
231 151
258 223
85 298
238 160
80 289
50 313
311 108
78 138
179 186
343 259
161 39
381 108
393 149
376 8
151 45
131 384
305 112
163 133
344 181
277 381
256 213
197 336
231 307
394 104
300 116
278 276
260 23
85 292
55 304
134 378
398 108
243 153
249 149
237 143
390 152
259 218
272 279
282 378
241 154
83 288
79 156
99 25
393 96
124 383
389 145
160 57
377 10
232 296
228 301
204 329
166 122
351 357
93 391
318 137
278 274
347 249
334 174
138 378
48 306
139 381
235 159
203 325
192 185
368 5
271 276
327 141
214 332
321 133
373 6
266 274
369 10
210 338
81 289
270 276
390 105
351 253
51 303
264 12
258 20
165 120
225 297
265 218
277 382
55 316
67 13
90 291
191 179
81 143
161 41
343 353
94 394
352 362
98 29
192 191
96 394
206 342
79 141
88 395
275 382
164 56
129 382
343 176
243 158
220 306
263 11
263 281
180 189
46 311
259 219
270 373
154 43
250 219
262 23
274 365
238 153
394 111
58 315
50 321
97 399
265 285
275 374
382 10
339 360
172 127
165 54
309 107
227 300
72 151
343 361
357 258
259 229
389 157
87 389
95 399
254 214
344 188
306 100
347 356
392 159
186 182
55 9
276 286
164 126
67 15
390 100
63 12
344 245
356 366
100 26
53 4
80 156
261 215
346 370
129 390
176 131
244 142
186 190
61 15
315 108
47 307
185 180
267 377
91 24
186 179
241 143
55 303
138 384
359 253
341 355
203 337
192 194
351 249
88 398
270 16
102 15
263 23
96 397
281 368
84 291
85 148
187 184
226 295
386 99
306 101
267 9
239 155
76 141
219 301
267 15
79 147
155 51
224 306
306 112
377 16
187 191
96 22
355 366
222 308
341 183
161 44
386 98
277 281
353 355
60 6
241 156
396 111
83 388
393 104
203 334
325 126
385 114
194 187
186 192
310 107
248 153
56 16
351 261
281 382
219 306
271 272
393 153
380 12
303 105
392 112
322 125
102 23
391 102
388 101
267 278
104 22
174 119
82 300
225 299
345 360
336 176
268 380
91 22
53 305
256 17
305 106
247 156
383 113
267 276
92 389
261 224
275 371
380 106
223 302
282 376
210 330
315 104
344 360
84 302
311 113
79 396
81 149
257 228
248 146
89 288
253 222
259 15
252 225
88 301
249 214
359 250
261 222
383 9
181 184
267 10
346 368
318 140
226 307
321 124
93 390
54 15
282 373
371 5
99 17
183 196
49 12
382 145
47 320
398 153
355 259
283 373
78 142
261 20
77 152
381 3
345 363
153 52
171 119
250 150
348 257
338 361
89 387
92 14
85 396
225 309
50 312
269 11
271 383
266 16
256 226
42 312
311 102
100 25
99 30
182 188
325 133
376 6
247 218
170 132
50 306
132 394
200 334
306 108
247 149
71 146
335 177
271 384
221 309
320 138
46 302
220 304
317 135
94 390
261 276
51 18
391 101
186 186
325 128
271 368
91 294
242 151
81 155
268 26
48 310
254 212
51 304
394 113
353 254
190 194
72 150
260 9
103 28
323 135
388 146
304 100
96 391
240 156
339 365
271 381
48 311
156 47
41 311
124 382
105 24
156 38
275 282
390 155
100 24
237 307
332 136
376 11
82 295
374 5
281 377
395 99
353 249
301 105
372 9
151 48
127 382
188 183
51 15
83 154
76 297
49 309
63 14
386 142
382 152
381 148
272 276
343 359
250 224
299 109
93 398
95 393
235 310
181 188
197 333
82 139
326 134
234 310
384 110
192 180
229 304
333 189
326 128
357 251
270 375
309 103
91 399
59 15
262 13
230 296
393 102
307 114
270 21
321 140
57 16
57 13
320 137
44 309
271 275
248 158
53 5
270 287
355 245
355 248
137 390
162 38
268 19
47 306
213 339
132 384
339 362
357 248
348 252
233 149
68 151
379 14
77 137
323 138
261 220
94 24
237 156
237 299
56 19
85 390
166 51
343 360
56 14
213 336
316 135
157 38
140 384
259 11
251 227
354 245
181 191
83 397
262 11
169 131
228 313
377 13
176 187
380 148
53 312
234 156
231 304
310 112
255 219
350 256
304 116
327 140
380 109
258 15
71 145
79 288
91 26
396 148
397 111
353 353
398 148
259 215
181 179
312 103
68 143
198 335
73 142
204 341
264 277
233 153
263 13
261 277
172 131
93 388
325 131
60 11
327 138
55 313
163 51
57 306
152 48
390 156
383 102
93 295
235 144
247 144
273 273
131 378
63 19
250 155
259 226
210 340
266 277
344 367
204 343
315 107
178 187
261 279
203 338
350 353
135 391
190 195
194 189
141 384
163 132
276 280
236 300
233 298
273 288
271 286
177 134
53 317
319 124
247 152
85 145
381 13
103 21
238 155
388 104
256 20
311 101
324 133
397 108
352 358
52 320
268 24
299 104
164 51
392 145
83 289
310 117
242 148
49 11
71 142
274 275
322 137
258 228
193 193
198 327
393 112
274 288
386 108
233 299
369 11
348 258
246 149
71 155
247 225
389 155
156 40
242 153
348 358
53 313
261 14
394 106
45 318
171 129
306 104
340 367
91 396
322 141
352 251
77 150
130 388
240 147
93 17
134 392
232 310
96 19
80 152
275 287
338 173
93 28
388 144
249 145
270 285
242 157
76 301
325 139
82 153
272 289
387 153
389 141
192 187
258 221
227 299
301 114
317 138
88 300
261 223
267 285
186 191
397 149
200 328
85 149
185 195
53 20
93 20
325 124
332 179
57 317
47 304
356 252
339 178
237 300
156 53
315 128
396 146
383 99
268 25
137 381
351 257
182 183
84 287
247 159
257 22
335 173
255 16
44 319
274 367
386 144
387 148
233 148
255 226
188 187
236 144
180 193
181 181
274 276
382 148
72 139
229 294
257 227
82 398
131 379
266 282
316 133
177 187
154 42
214 338
273 286
342 361
72 149
386 156
92 396
98 24
248 221
53 17
153 41
265 27
163 53
248 156
347 243
393 151
212 338
156 44
349 363
276 277
52 303
160 49
210 334
348 355
80 399
270 12
84 152
341 367
384 10
48 314
262 217
354 250
132 380
383 150
368 4
50 16
191 193
298 107
51 13
383 144
60 21
377 15
157 47
197 337
132 392
81 389
278 367
314 116
258 219
268 284
384 148
377 18
337 188
67 12
271 287
268 373
381 101
92 17
158 46
309 115
104 16
171 131
85 399
314 103
139 384
57 19
339 184
192 193
182 191
162 127
263 14
390 106
266 372
336 179
379 1
327 142
224 294
56 305
191 184
305 113
371 4
351 361
90 295
377 4
57 21
125 390
379 6
270 23
46 318
250 222
267 376
79 142
389 111
96 15
86 296
219 302
388 109
256 223
342 248
179 130
349 256
397 150
61 3
273 21
314 113
103 20
101 23
334 187
129 388
349 257
88 397
82 144
158 50
384 7
179 192
347 366
176 135
155 46
197 339
134 377
196 334
317 141
72 146
166 127
85 151
268 23
170 121
382 105
202 338
207 337
333 190
258 21
80 297
346 248
205 344
373 18
137 384
163 41
346 353
54 312
258 229
248 215
53 18
302 109
163 126
381 14
49 14
179 190
382 17
371 2
244 148
257 213
239 148
226 312
83 304
210 342
270 14
159 39
393 101
315 114
356 255
176 128
64 14
181 195
79 144
226 305
66 15
379 10
381 12
348 357
164 134
387 97
90 25
50 319
95 394
56 4
82 292
392 106
165 45
226 310
384 151
274 376
135 382
84 140
138 386
327 127
54 9
170 122
275 279
273 22
245 156
226 296
383 17
270 275
375 2
160 56
83 292
220 309
174 124
74 144
165 123
339 185
341 173
84 399
380 19
176 119
237 303
346 179
280 371
227 297
56 11
337 175
193 183
93 21
224 310
129 393
168 122
153 48
315 139
80 295
381 10
178 122
106 24
384 150
355 365
367 12
178 185
391 148
166 129
228 298
391 149
95 390
387 112
91 394
322 136
260 24
74 145
173 127
275 281
265 26
189 179
266 376
129 378
386 148
177 188
264 275
347 361
320 141
211 331
186 196
185 190
156 43
259 20
375 8
329 139
366 10
256 21
177 186
349 362
346 176
333 176
53 6
391 159
131 381
397 156
175 130
350 249
355 258
262 278
49 306
233 307
276 272
386 152
275 370
383 145
242 152
353 245
76 291
91 289
343 184
86 151
355 250
255 229
386 141
384 11
394 155
186 177
312 116
275 378
58 8
252 230
91 18
82 151
317 137
271 367
271 377
133 375
158 40
160 41
270 382
243 148
56 12
159 55
225 296
392 104
252 213
395 158
125 382
390 111
55 312
78 145
53 14
386 149
386 105
234 150
64 17
49 316
60 15
54 17
302 106
381 106
204 340
228 309
162 121
58 316
371 14
266 283
341 184
168 133
315 112
44 312
137 379
52 19
187 189
380 105
79 154
271 14
192 181
337 181
104 25
199 328
140 378
154 39
356 364
324 142
182 180
46 307
168 136
58 312
183 180
345 245
168 127
95 25
185 193
389 110
176 123
131 382
283 377
344 363
272 21
77 153
86 291
354 246
157 53
170 125
374 14
368 7
230 297
79 149
166 39
342 365
179 127
277 279
232 147
341 188
348 351
184 191
328 131
94 13
96 399
238 149
349 369
73 148
58 313
343 253
351 254
250 217
323 141
384 142
184 186
246 155
86 289
234 306
163 131
348 253
313 102
384 105
138 377
282 377
226 302
159 43
240 155
162 52
85 142
221 308
45 315
335 180
270 376
383 105
74 147
338 179
343 258
78 156
345 189
104 23
271 379
203 340
273 284
234 146
385 8
343 368
97 27
56 306
82 395
382 146
353 369
350 368
276 381
80 397
62 17
136 377
86 394
169 123
133 392
161 124
315 136
349 364
346 243
232 151
277 284
367 14
264 219
326 142
351 256
172 132
91 298
80 143
232 152
342 353
257 212
73 150
72 141
181 192
271 25
330 183
75 289
354 252
355 355
267 368
270 10
308 117
261 10
172 121
58 15
136 381
206 340
276 371
258 214
269 283
179 128
270 281
163 56
238 154
331 133
248 144
180 181
265 279
58 311
346 260
388 158
385 154
233 300
75 293
76 294
262 281
207 343
339 173
82 148
341 177
319 135
394 98
82 288
397 107
243 149
222 297
331 189
53 8
395 113
331 175
87 292
157 44
98 22
188 184
315 115
51 320
162 122
184 182
168 129
350 369
88 291
347 362
63 6
55 20
170 118
74 142
195 188
253 230
78 141
81 301
252 216
168 123
273 366
79 301
230 307
384 104
135 379
395 143
387 144
62 4
369 14
382 147
329 181
382 103
259 217
249 223
49 308
183 185
346 365
318 133
263 282
130 376
373 3
84 395
208 334
169 118
358 253
278 378
171 134
341 252
333 182
187 194
184 188
168 50
84 293
397 148
396 152
209 332
168 132
237 306
381 9
250 220
328 138
273 289
241 157
390 148
91 393
236 303
95 29
79 153
246 157
345 249
203 327
204 326
388 151
241 144
336 177
210 328
388 112
308 108
228 312
248 225
342 358
277 283
390 150
348 365
380 16
54 313
196 332
199 326
330 132
326 140
84 292
395 106
59 3
75 143
266 21
342 252
50 315
343 363
74 149
67 147
180 186
227 303
244 143
259 19
384 146
91 19
394 157
256 219
86 397
392 108
313 109
383 109
380 17
57 14
203 343
397 103
265 281
222 309
349 354
221 302
46 310
263 22
162 39
342 356
398 146
47 302
396 102
394 156
277 379
346 245
388 157
304 108
75 294
269 370
385 113
325 141
277 369
166 120
82 149
347 355
344 190
104 24
85 394
75 153
81 399
303 100
328 139
67 9
382 12
261 23
262 9
161 54
174 128
168 49
75 146
232 306
342 249
92 30
65 6
62 5
393 146
175 126
330 186
204 332
210 329
60 5
93 397
85 294
298 105
185 189
82 146
188 186
349 358
235 307
55 317
375 1
274 284
242 143
346 178
325 132
264 9
340 358
385 10
90 27
300 106
313 117
388 111
311 106
209 331
384 4
201 332
71 151
315 138
281 378
388 153
310 110
329 182
184 181
345 187
348 248
350 255
128 385
105 22
268 371
263 216
77 296
273 367
85 387
262 277
384 97
199 338
190 185
340 186
262 213
375 10
315 129
101 17
268 22
378 12
69 151
92 387
234 309
129 380
180 185
62 15
356 362
83 305
94 18
261 283
90 24
167 136
138 388
356 244
189 181
347 182
174 126
203 329
63 18
245 147
82 287
256 24
81 139
343 180
179 185
202 335
230 294
100 21
87 396
389 104
240 157
86 287
272 383
131 394
81 148
341 187
343 185
264 11
89 294
330 140
330 177
162 54
384 13
191 194
325 134
393 142
344 180
172 134
187 185
209 329
395 152
270 381
343 354
205 342
327 125
372 5
43 308
213 328
386 100
236 156
206 329
160 43
158 55
322 134
307 103
344 248
272 378
98 27
139 377
189 193
258 222
178 191
137 393
379 2
397 152
338 187
305 110
339 361
81 398
299 111
372 14
374 2
241 141
338 180
129 381
99 23
342 177
87 286
88 295
91 398
64 8
325 135
194 184
82 141
50 9
167 48
340 363
199 339
319 126
224 300
344 361
92 22
74 296
328 125
82 392
310 102
258 19
54 3
380 15
49 320
282 372
68 148
309 117
208 325
160 45
382 5
72 147
189 189
308 115
390 142
155 41
173 118
82 296
80 141
308 106
379 16
166 46
101 19
163 123
167 50
77 139
330 184
44 307
272 18
375 6
262 26
344 177
191 191
324 134
319 141
351 260
270 370
273 287
266 25
318 129
249 217
349 370
276 376
42 310
353 357
253 221
140 392
269 12
175 123
74 143
271 289
319 142
275 285
343 247
83 147
78 290
58 6
319 140
323 130
106 25
331 183
173 126
271 24
301 104
59 310
257 215
273 368
388 145
355 247
307 118
90 294
94 389
316 139
77 290
330 128
164 44
47 303
264 224
268 282
236 298
385 14
236 304
164 50
266 13
343 179
191 188
280 375
273 277
349 352
324 132
186 184
255 215
265 19
398 152
372 13
49 312
135 383
169 47
279 277
55 306
342 354
227 310
87 387
342 247
323 124
65 19
62 12
177 130
266 278
352 259
335 181
206 325
382 98
234 296
50 303
56 21
267 371
372 2
265 15
45 311
84 294
96 25
266 11
226 297
88 293
388 143
134 391
245 148
70 151
194 185
88 299
76 299
135 392
246 159
391 153
55 319
266 377
251 213
168 130
68 150
344 185
312 107
59 18
396 100
55 12
54 21
272 370
255 19
207 326
371 10
233 310
359 248
241 146
74 292
228 310
128 377
193 180
338 191
102 27
93 22
46 304
73 144
279 376
378 3
128 380
381 109
381 5
83 299
338 181
351 248
324 126
317 133
90 399
386 97
383 98
96 24
327 133
276 273
245 146
353 354
190 178
302 102
383 8
396 144
306 118
253 229
275 276
263 25
79 151
47 318
381 147
134 385
77 301
351 367
345 185
228 299
257 220
87 293
176 124
237 155
77 146
89 25
274 368
138 383
162 47
169 121
240 150
87 301
273 383
356 253
60 14
70 152
54 320
345 354
255 15
341 254
391 109
153 43
356 250
90 393
259 220
270 25
337 174
277 372
274 271
350 244
133 380
344 246
230 304
263 18
62 11
226 311
267 25
142 386
183 182
47 305
388 106
272 19
204 335
355 367
367 13
221 300
129 386
333 133
307 119
268 376
279 382
374 13
389 144
252 223
271 11
83 393
199 336
50 305
343 246
268 283
86 286
75 151
254 215
82 389
326 126
160 55
257 20
260 216
65 10
253 220
258 12
262 15
96 14
62 13
185 194
269 22
95 19
382 155
169 136
212 339
390 108
92 392
97 395
91 27
395 97
224 299
94 396
89 292
200 333
88 26
357 252
90 288
342 185
52 17
272 372
264 10
384 8
126 383
367 8
327 139
336 173
262 12
184 189
346 186
320 133
396 108
192 184
262 280
157 45
355 356
131 380
328 132
96 13
154 55
47 314
276 379
69 143
159 44
352 260
331 136
272 380
77 142
346 246
131 387
167 40
206 341
248 157
81 286
208 326
397 155
57 20
61 20
89 391
395 153
277 373
53 308
331 180
91 297
263 20
193 184
186 195
316 113
368 12
265 10
321 139
200 330
273 376
237 151
276 278
48 313
280 367
325 129
309 114
273 276
250 215
276 285
339 364
70 145
44 316
48 318
247 143
353 253
244 147
391 156
156 49
189 186
80 287
180 194
273 283
352 353
385 147
256 212
128 378
342 364
252 228
345 247
59 13
168 47
275 369
139 386
82 394
74 146
341 365
57 3
55 5
159 46
370 16
154 48
100 22
267 18
369 4
310 111
162 43
398 107
305 100
126 386
167 122
387 98
80 398
96 393
272 287
154 46
388 142
177 129
171 121
236 297
339 186
375 18
76 289
45 316
163 39
92 393
277 375
93 15
373 5
271 20
260 230
376 20
266 381
139 382
52 14
184 187
340 189
131 389
317 140
202 343
142 388
386 114
391 141
392 105
165 40
357 259
368 15
84 389
206 343
88 297
252 218
101 13
350 370
252 217
252 229
304 118
177 189
44 315
314 131
79 155
261 21
81 390
231 308
178 132
90 387
332 174
397 147
267 13
44 317
184 184
164 49
309 113
174 134
69 144
378 2
179 182
63 7
324 130
331 181
345 359
342 255
90 298
277 278
209 340
241 158
277 275
176 122
242 144
223 298
99 14
224 309
392 148
307 100
159 38
387 99
57 314
261 282
50 307
92 28
326 135
342 173
56 7
330 127
76 143
267 274
161 38
167 135
397 145
77 298
50 302
140 387
170 117
244 149
391 106
397 102
259 12
232 150
261 19
164 124
158 53
152 49
87 397
354 358
223 296
212 341
134 383
176 121
315 132
185 192
40 311
233 306
268 21
344 257
391 105
342 189
95 22
271 376
274 283
178 183
302 101
260 13
346 358
236 147
230 302
269 13
76 153
341 253
272 376
350 357
79 394
182 194
243 146
46 315
271 21
43 314
227 296
139 379
339 358
274 381
389 101
75 296
249 220
172 129
90 297
75 139
166 48
269 372
332 135
313 108
345 258
173 119
235 152
95 31
85 286
151 46
224 296
368 13
268 287
330 133
356 259
354 244
270 369
236 159
83 395
355 249
330 180
165 128
141 390
155 48
164 129
344 183
317 125
342 175
86 387
79 293
261 226
87 288
303 116
52 18
165 135
77 138
99 28
97 23
164 46
341 181
311 114
379 105
275 366
197 338
174 131
80 145
397 144
303 107
166 52
268 12
223 304
353 358
368 6
244 144
311 118
64 5
236 143
330 137
320 139
49 314
97 30
243 150
266 378
187 180
70 147
341 180
267 23
256 214
49 305
71 150
239 160
306 114
52 302
352 366
357 245
84 148
342 180
56 312
268 276
348 260
307 105
329 183
326 139
253 216
213 330
397 99
386 111
344 369
353 255
79 299
357 362
158 42
388 102
130 387
174 127
271 279
271 280
50 18
343 254
206 328
160 42
396 157
321 125
102 18
269 373
355 358
258 14
227 298
190 186
387 154
59 313
86 302
395 109
338 175
260 219
222 304
226 300
356 251
207 329
331 131
267 12
251 215
265 275
92 390
70 146
85 144
356 248
264 287
61 13
264 278
175 134
306 113
80 293
257 214
236 145
230 299
51 316
388 107
378 5
199 333
277 282
56 8
339 357
80 155
213 331
63 20
328 128
93 14
222 311
386 150
345 361
318 139
304 107
241 148
302 105
249 216
67 8
265 221
139 387
282 375
394 99
79 304
84 397
233 297
207 336
247 224
89 28
328 135
308 114
264 216
84 298
332 181
87 289
321 141
54 307
267 275
85 299
264 8
169 135
393 147
279 281
354 355
77 302
167 126
307 102
263 9
89 287
357 364
251 222
349 360
345 252
378 9
387 146
48 320
214 330
132 391
163 120
182 182
278 372
273 274
210 339
173 136
136 390
272 15
134 393
380 9
246 146
201 331
58 19
276 375
392 150
339 187
358 246
354 256
237 149
219 300
274 371
332 183
208 340
100 27
243 142
163 121
268 374
354 368
396 150
382 157
43 309
374 4
101 25
391 151
198 339
85 398
50 314
391 152
159 53
251 216
247 153
392 101
75 154
341 176
252 212
309 102
164 40
348 254
302 112
395 110
330 135
327 128
265 283
83 287
187 190
269 280
265 16
164 123
46 319
52 11
182 186
230 308
57 313
224 305
394 107
90 392
156 50
373 8
248 145
96 30
342 179
135 380
92 23
189 196
383 16
383 3
300 112
141 383
343 182
334 189
68 146
235 153
395 147
345 178
200 341
156 41
137 385
307 117
337 191
61 6
185 179
191 182
300 105
276 367
63 4
74 140
259 23
342 363
49 9
280 368
268 377
75 155
152 43
162 44
347 256
336 180
49 313
178 188
344 364
129 391
44 313
250 225
345 177
237 159
387 141
341 255
353 366
193 194
45 313
203 332
58 11
348 367
384 152
96 395
86 148
198 334
383 97
255 14
83 143
102 14
205 329
191 189
337 189
357 357
175 131
382 149
339 174
316 110
167 130
302 103
162 125
323 136
394 102
65 15
204 339
348 256
244 158
54 317
272 377
172 126
166 136
205 325
347 357
93 30
91 392
318 136
317 136
43 315
269 379
393 98
152 50
383 106
396 103
84 396
59 20
348 255
340 366
95 13
249 221
231 300
353 359
80 150
381 156
201 330
95 24
55 10
247 220
55 314
89 22
311 112
228 297
41 315
262 25
347 353
88 21
343 186
347 370
342 368
223 310
51 314
279 378
318 127
262 279
92 21
382 15
264 15
127 391
342 257
338 190
348 247
91 390
163 49
316 131
342 369
380 102
47 315
273 281
369 5
383 10
232 295
274 383
161 40
98 18
234 305
235 302
190 189
105 18
395 148
143 385
272 20
319 129
301 108
196 337
319 134
207 330
154 47
350 248
240 144
264 21
331 139
50 301
342 254
238 146
102 19
167 47
349 244
76 144
80 395
303 118
166 132
262 283
102 25
303 115
58 5
382 99
76 147
317 127
157 49
308 111
220 302
348 250
166 135
164 47
298 109
323 139
81 152
194 190
62 21
278 286
300 115
323 142
281 369
300 102
267 382
53 19
204 331
368 14
265 375
356 361
179 184
341 354
323 140
378 7
231 311
311 117
138 387
333 174
252 222
398 109
174 133
341 250
136 388
208 343
234 304
297 109
102 21
80 146
227 306
388 100
352 255
61 19
235 300
137 389
160 39
52 318
303 117
354 362
397 153
263 228
330 188
250 154
315 106
337 177
342 366
311 111
281 381
387 152
338 192
264 280
349 260
234 303
161 53
345 364
239 157
389 143
346 359
53 302
234 308
226 294
342 191
51 11
180 188
301 116
85 296
125 381
344 247
91 293
352 369
376 9
42 308
72 154
239 143
100 28
392 142
61 17
349 355
82 393
254 222
335 175
91 15
79 286
153 45
237 152
329 185
249 224
397 154
156 56
375 11
250 151
52 8
188 196
377 11
77 157
383 110
313 106
397 100
89 293
267 381
162 129
176 125
268 280
345 251
270 283
271 285
158 44
343 183
230 306
90 398
268 10
274 366
343 362
94 15
260 14
194 192
262 14
83 149
56 9
303 111
78 153
56 18
59 21
354 359
192 182
321 136
266 272
244 157
64 19
262 226
388 152
161 46
357 365
84 149
373 1
269 16
83 294
337 180
393 107
367 10
381 110
88 391
166 118
82 299
379 7
81 295
136 387
192 189
374 3
59 8
173 131
345 183
56 316
330 130
246 151
68 144
198 329
331 137
395 111
152 53
52 7
198 333
373 15
380 151
80 139
263 277
132 382
141 386
393 111
279 379
283 374
93 31
245 151
349 353
102 29
126 382
74 139
268 369
390 154
379 150
347 352
176 127
83 140
232 311
55 6
222 300
255 218
277 366
45 308
137 376
269 286
57 9
52 309
300 111
237 150
350 261
250 148
162 50
92 388
78 287
68 147
93 389
250 152
271 19
312 101
358 251
166 130
265 220
386 143
126 379
98 31
161 49
356 249
263 226
264 26
49 315
273 285
77 143
283 372
132 385
193 186
387 157
236 307
329 179
387 158
274 373
375 17
214 337
331 134
174 121
350 245
153 51
84 295
305 117
130 378
182 187
243 155
189 184
352 357
276 384
211 327
390 96
133 381
328 141
267 24
275 283
277 367
266 23
357 361
54 7
220 303
355 354
350 361
241 160
153 40
126 388
390 159
354 259
242 154
309 108
66 11
350 352
182 184
390 153
165 43
104 15
82 293
302 114
340 190
181 183
198 330
357 253
129 389
235 149
90 300
76 152
97 16
166 54
393 114
130 382
350 366
160 127
154 51
358 252
374 19
316 111
212 329
284 375
134 379
83 297
319 130
345 248
387 156
210 335
350 254
253 223
188 194
79 298
58 308
169 128
348 244
184 192
242 158
176 134
335 189
166 126
160 53
369 17
378 11
58 17
329 135
262 274
237 153
56 3
223 309
56 20
228 305
345 358
260 214
74 154
264 27
248 152
209 337
228 302
52 16
324 141
277 273
173 134
58 21
372 6
276 284
97 393
384 107
76 155
317 130
90 17
367 7
77 149
61 18
275 277
104 17
318 125
299 108
125 384
270 366
72 153
89 19
92 19
92 399
372 15
260 15
270 24
347 257
344 358
57 12
184 178
155 55
263 222
131 385
232 305
393 156
350 260
267 26
329 186
240 151
201 338
197 334
132 387
385 101
51 319
56 308
352 360
183 181
356 257
67 14
174 130
307 101
375 5
56 303
186 185
339 191
345 260
85 147
351 363
80 300
84 145
261 217
328 140
202 332
378 4
79 393
269 26
316 112
85 146
300 109
266 221
239 159
265 273
251 218
226 303
313 103
167 53
307 99
232 148
246 143
372 19
391 150
272 24
357 359
272 285
256 12
165 133
53 311
270 288
234 295
373 17
99 22
343 249
82 396
128 392
206 327
382 109
336 181
53 7
255 216
271 371
78 148
390 98
260 215
274 379
349 255
307 107
212 331
349 259
332 130
267 273
385 158
240 158
50 11
305 104
89 302
352 248
265 371
305 108
97 394
235 303
271 18
274 370
383 147
267 374
172 120
303 110
263 284
354 369
318 132
178 121
101 21
168 135
264 220
86 388
317 109
343 256
352 246
374 12
266 287
325 137
328 133
352 364
320 125
256 23
259 22
91 17
177 120
74 293
87 388
267 21
349 367
204 337
344 176
248 226
165 127
272 286
272 368
313 107
186 181
280 383
243 144
89 24
350 364
87 393
167 123
238 158
395 150
304 111
79 302
41 310
303 101
267 289
138 380
392 113
381 7
199 331
241 152
208 337
271 372
388 155
341 174
239 154
94 397
372 11
168 44
341 368
253 218
395 157
56 5
54 303
59 4
165 50
247 146
59 7
255 18
197 331
76 146
269 288
157 52
304 113
50 317
382 4
106 26
50 304
88 294
95 28
341 363
107 22
385 106
388 113
248 218
172 133
310 115
81 288
136 394
347 251
394 152
333 184
86 303
168 43
70 140
91 391
397 110
78 294
384 112
343 365
229 296
348 371
77 295
302 116
262 229
318 130
353 260
157 40
330 129
274 18
382 100
372 4
351 245
52 317
159 45
125 385
398 104
47 308
200 337
346 188
386 158
200 339
243 143
275 376
230 295
175 122
94 19
89 299
389 107
391 96
52 13
90 16
394 145
345 366
345 186
392 99
242 159
314 112
226 309
274 282
95 392
43 306
99 21
189 191
263 24
273 280
72 145
139 383
320 140
84 290
264 215
238 156
57 312
83 293
380 11
273 19
201 339
189 187
243 154
330 187
98 21
73 149
88 22
347 244
245 143
98 30
379 17
278 379
85 153
208 333
378 8
100 14
52 310
164 130
235 306
386 104
339 177
349 245
88 287
236 154
245 157
389 112
354 260
330 182
167 131
345 355
230 309
236 150
300 103
229 307
275 280
77 289
190 184
97 15
55 18
88 394
345 353
74 138
278 366
55 318
329 180
53 10
48 309
54 5
237 157
197 328
83 290
231 309
179 188
219 304
342 186
182 178
263 283
155 42
386 155
211 338
168 53
163 122
74 295
183 191
351 259
255 217
258 216
265 378
242 145
342 187
173 128
86 396
349 249
183 188
376 18
220 300
90 22
350 362
298 111
73 156
52 316
316 138
233 152
377 12
376 15
252 219
94 20
45 304
52 304
371 16
375 14
234 145
57 305
177 125
167 129
79 139
353 256
267 375
382 107
57 6
273 275
63 16
354 363
244 153
389 109
392 96
78 151
329 130
232 304
382 6
246 154
89 390
229 310
263 15
346 261
177 126
206 332
335 182
60 13
74 297
91 389
235 147
395 101
390 114
323 126
211 330
343 366
178 184
85 293
153 53
395 100
242 149
396 153
328 137
183 184
176 130
136 385
190 180
281 379
281 374
89 298
52 312
333 185
308 105
80 394
321 142
86 390
181 190
311 115
392 151
370 14
248 217
245 153
190 196
78 302
261 11
83 145
98 19
349 247
318 128
46 306
89 389
267 14
83 144
102 30
283 378
348 243
209 330
336 189
205 330
260 224
200 342
87 295
263 286
376 5
205 337
334 182
386 101
270 15
92 296
355 255
393 109
266 375
348 354
151 44
167 42
239 142
100 13
379 5
272 275
55 311
394 143
346 185
202 331
265 377
384 144
202 341
90 293
327 129
82 397
128 382
241 159
389 96
162 41
60 12
377 17
265 282
48 315
304 114
190 183
324 125
214 331
239 152
231 297
381 154
316 109
98 26
385 159
263 224
199 340
86 149
345 257
85 295
373 16
352 245
398 103
58 14
398 106
45 307
208 327
178 124
332 186
214 335
312 109
342 359
240 154
141 382
381 99
178 130
346 251
179 131
211 337
97 13
336 187
266 371
200 340
76 151
384 154
237 148
201 334
42 313
82 150
51 14
163 40
346 364
75 140
140 381
93 393
237 145
387 102
233 150
93 25
388 141
352 352
347 181
258 226
179 189
305 107
329 137
338 189
205 339
269 20
392 111
98 23
181 182
356 359
235 308
84 390
328 136
346 252
256 231
178 192
103 17
326 141
264 218
248 151
382 112
386 151
94 392
92 293
44 303
346 249
223 307
248 219
352 363
370 15
164 132
389 158
314 133
389 99
249 154
385 146
69 146
329 125
259 26
90 23
354 364
315 110
254 221
310 108
234 298
371 11
351 252
269 272
214 333
137 383
335 185
384 103
94 16
380 153
207 331
329 128
313 116
382 101
90 302
43 310
393 157
257 216
94 399
263 274
263 17
376 2
339 175
94 30
234 144
324 129
382 102
384 153
266 27
259 230
174 132
167 46
205 338
103 19
342 360
359 251
353 248
208 341
391 113
352 244
139 388
232 154
356 358
56 317
84 304
60 10
80 294
75 141
100 20
338 186
78 291
344 250
268 281
383 11
165 124
273 377
271 284
305 103
270 372
86 288
359 256
229 308
254 219
87 147
87 303
187 178
319 132
234 148
78 298
342 246
52 319
133 379
348 360
164 135
138 392
237 305
344 187
201 342
314 115
175 125
346 360
221 307
394 101
166 134
357 358
235 151
369 6
278 368
136 378
71 152
78 140
272 271
269 278
249 147
89 301
225 304
161 43
309 110
89 296
282 371
161 128
383 149
327 130
171 128
382 106
226 306
352 261
260 16
171 125
262 216
222 302
192 190
261 221
337 179
370 18
134 381
312 111
169 129
232 302
163 38
88 386
60 18
278 279
245 152
75 292
209 333
397 106
344 178
342 178
93 16
131 377
339 188
319 139
135 386
349 368
395 142
341 182
172 122
248 149
385 150
155 49
207 340
260 227
154 52
103 18
126 384
81 392
240 160
158 52
183 183
196 336
247 155
320 126
382 150
351 247
141 381
183 189
71 143
267 380
180 190
382 143
343 255
158 39
186 194
268 18
379 12
347 253
343 174
81 298
266 15
277 286
345 254
305 109
87 390
60 311
272 379
263 278
330 179
127 378
165 134
87 399
173 132
174 120
61 10
384 158
314 130
228 295
269 19
276 279
392 155
154 50
209 334
90 292
168 131
87 294
177 190
225 310
169 124
385 12
304 110
264 375
355 246
307 112
271 13
272 369
130 384
66 18
141 387
223 308
79 152
128 393
376 12
265 219
93 27
387 155
158 45
210 327
81 141
91 395
154 45
272 12
334 180
92 25
393 99
346 363
301 115
384 98
357 255
276 370
269 276
168 48
133 382
384 113
79 294
165 55
347 260
60 20
82 301
307 115
86 292
80 393
377 3
207 339
195 191
46 303
340 365
270 271
248 223
341 178
354 254
344 186
49 8
377 5
331 187
164 54
81 296
232 300
386 110
268 370
309 100
92 18
84 146
388 98
45 309
57 18
179 181
383 146
162 128
223 306
279 368
161 48
299 110
164 127
274 285
276 378
77 291
355 361
88 389
229 295
213 340
265 277
256 14
46 317
358 257
387 107
206 338
341 362
276 282
45 314
268 11
325 140
323 128
81 153
88 302
62 18
165 51
381 151
383 143
178 129
326 137
320 124
350 359
224 298
276 374
79 289
388 110
92 27
206 337
164 53
82 294
266 275
267 373
331 184
326 138
370 10
138 381
270 277
341 361
50 17
352 247
341 248
79 300
95 15
266 24
180 180
82 303
381 149
341 364
386 153
319 138
273 279
345 253
338 176
263 16
225 302
263 285
136 383
203 328
104 28
227 309
72 140
235 150
272 280
302 107
125 386
346 187
385 11
100 23
169 49
344 189
238 151
209 327
256 211
246 152
126 392
194 182
47 310
207 332
65 18
185 185
391 155
232 308
260 21
161 52
225 305
314 114
397 109
176 129
57 5
86 399
386 154
255 228
336 185
341 360
249 218
267 369
170 119
48 312
235 154
388 97
75 300
96 20
305 114
229 297
51 7
300 113
168 134
170 133
268 289
209 336
68 12
59 5
239 151
353 356
124 389
273 15
267 288
278 376
394 112
41 313
162 56
385 102
381 145
169 43
89 289
200 326
264 17
387 150
100 18
276 281
165 44
270 274
176 133
70 154
280 373
229 302
317 126
307 106
256 15
87 298
43 316
255 21
134 382
89 395
245 158
347 186
261 9
76 295
260 212
81 287
178 123
344 260
207 341
347 250
81 304
135 393
270 378
312 112
265 276
315 109
171 132
86 290
173 121
374 7
73 155
260 12
51 12
161 123
270 380
342 256
349 359
306 103
166 133
375 16
394 147
340 180
84 286
272 381
356 246
55 21
353 258
177 127
49 16
83 391
392 100
89 399
230 305
329 129
102 22
264 19
262 286
340 364
80 153
81 150
383 154
346 356
94 393
52 308
383 148
345 182
254 213
208 342
396 107
395 156
170 124
238 303
80 296
167 127
234 299
312 117
278 280
131 393
333 187
208 338
269 24
326 129
388 150
239 144
59 309
165 49
223 297
178 127
257 222
371 3
58 2
196 335
266 285
94 391
138 382
306 116
383 108
244 155
256 225
349 361
274 278
343 175
86 299
75 147
85 290
264 285
318 135
213 333
312 115
390 112
71 149
265 13
345 368
235 296
129 394
167 121
64 4
380 149
54 316
386 96
337 183
209 328
81 290
46 308
241 149
369 13
350 247
164 41
305 111
90 396
184 180
75 299
151 51
374 6
302 117
169 126
345 181
85 395
247 223
393 103
373 4
395 154
376 14
90 18
282 380
354 253
346 352
173 133
303 103
272 272
58 3
50 320
373 14
368 8
381 146
313 133
238 144
235 309
129 384
164 43
58 13
228 308
268 275
81 300
236 299
340 179
137 387
53 309
91 23
89 394
190 188
124 386
262 22
354 248
129 385
382 154
106 19
389 149
389 148
200 327
180 184
337 178
62 8
55 17
75 145
270 284
260 217
277 384
48 303
195 183
317 134
281 371
386 145
167 125
86 297
54 310
382 153
391 158
279 284
173 129
207 342
250 229
331 138
66 13
185 191
223 299
394 150
264 283
197 329
320 128
160 54
381 111
173 135
265 286
177 122
270 289
395 144
77 287
158 41
308 113
253 217
255 225
135 389
305 101
385 9
321 138
387 114
47 311
140 386
168 52
303 104
175 119
212 340
167 128
81 302
167 132
327 124
308 102
343 358
263 19
356 355
367 9
381 152
86 300
200 332
313 111
331 177
387 151
82 155
93 23
384 157
221 304
349 261
95 391
164 55
66 12
347 246
280 382
279 373
153 54
87 395
164 131
247 158
227 307
81 156
132 393
227 311
308 112
323 125
314 136
371 17
268 379
378 13
186 180
105 28
348 356
89 388
244 150
313 110
320 127
254 224
245 149
167 120
95 26
197 332
320 135
254 18
78 396
81 147
233 154
251 214
41 308
339 183
10
