15
3500
12
22 244
2 125
292 271
15 291
258 150
211 182
133 210
93 285
142 115
140 233
103 191
237 56
279 187
1 16
20 173
281 191
203 183
29 243
291 271
102 291
104 182
244 64
248 59
230 60
126 212
18 238
263 159
105 187
281 188
14 173
130 211
252 146
12 243
216 186
127 216
28 240
112 194
253 149
97 293
239 60
31 175
126 208
247 54
93 276
138 244
137 203
279 192
207 178
285 263
13 172
22 252
147 107
95 286
299 267
131 207
280 186
25 245
128 206
132 212
266 150
15 179
274 188
32 245
292 269
142 122
135 112
20 287
6 124
130 236
231 52
247 52
144 120
134 211
23 176
150 123
285 269
25 181
239 66
286 195
102 292
137 124
28 175
153 118
288 274
2 121
209 171
150 237
234 54
278 197
137 117
22 287
144 232
290 279
28 181
27 167
23 292
96 188
84 283
9 283
144 121
131 201
7 25
111 187
103 200
131 229
267 146
82 289
240 54
9 128
135 225
23 297
93 291
272 188
296 261
143 110
132 214
288 194
23 177
136 237
15 244
130 217
151 115
102 193
32 240
295 275
135 203
294 261
242 61
255 143
25 291
109 182
29 173
241 62
243 48
142 112
205 172
28 238
5 16
137 241
130 218
26 177
89 278
8 295
255 149
261 147
7 18
3 10
295 271
7 128
240 55
129 211
10 285
18 241
11 22
10 11
234 51
217 180
240 62
20 170
21 239
88 295
87 279
139 215
17 241
204 175
142 106
277 186
17 251
258 140
9 121
272 190
89 279
132 120
126 219
282 197
125 204
235 48
202 177
28 251
21 289
130 220
19 254
216 189
9 286
26 235
208 172
291 279
147 233
273 194
93 284
124 206
134 243
229 60
97 285
274 182
271 189
8 15
152 121
239 61
260 146
299 269
283 269
20 243
15 290
113 189
134 223
17 165
5 120
293 280
144 206
221 184
232 66
110 194
18 169
9 175
98 187
109 186
6 11
243 55
222 179
20 179
287 272
12 12
254 146
6 285
12 282
8 127
139 217
7 116
283 192
21 243
135 228
286 187
91 282
283 190
84 284
1 135
6 8
7 292
283 267
138 202
134 219
12 122
106 181
21 298
24 288
96 279
17 238
285 189
255 161
256 152
18 170
248 149
297 270
130 219
136 216
137 224
6 14
145 122
136 235
21 282
131 214
269 182
286 266
135 121
269 183
27 237
143 236
19 285
268 150
132 112
273 177
138 203
146 112
6 12
10 288
294 264
238 64
93 275
290 260
11 281
130 207
83 286
130 229
266 157
207 193
282 268
6 115
135 234
209 176
12 13
102 185
98 198
206 188
151 122
238 46
31 170
27 244
6 10
247 146
107 188
111 197
104 286
264 140
207 189
126 214
22 180
244 65
144 126
4 131
287 276
260 151
144 236
8 119
208 191
124 211
258 142
279 184
254 156
33 242
245 54
236 45
141 210
13 171
249 156
9 293
273 191
238 62
236 65
212 176
3 114
10 294
16 296
272 194
135 206
289 185
126 216
18 252
219 188
131 199
239 62
0 24
22 299
9 289
5 13
21 247
123 214
131 230
267 152
18 289
232 55
260 154
132 237
233 56
13 291
24 252
20 297
255 145
279 191
23 254
88 289
14 247
140 213
97 200
275 194
139 236
95 296
294 275
94 284
85 279
93 288
24 294
142 229
294 268
212 188
98 293
135 243
263 144
283 188
89 285
135 239
296 281
135 221
13 182
139 121
11 246
276 196
136 205
8 282
14 292
260 143
204 189
288 276
290 277
131 237
290 272
203 187
4 10
235 49
148 122
238 50
20 235
124 207
11 16
134 239
5 290
263 141
143 106
10 120
265 156
134 205
145 237
8 131
143 122
23 246
22 296
143 206
144 111
271 180
137 237
142 111
23 252
102 279
97 296
130 210
273 178
21 181
135 218
3 115
18 248
221 182
3 127
86 279
24 286
15 299
261 156
17 172
127 201
0 12
0 25
29 239
25 249
213 184
267 187
209 174
249 147
9 118
8 18
17 166
31 240
219 174
131 208
12 19
287 185
101 200
150 119
144 243
21 162
203 177
6 289
287 264
5 118
13 246
3 130
264 151
265 157
25 287
150 232
258 159
130 199
131 205
13 238
8 12
239 47
140 240
273 196
272 191
101 197
21 291
25 238
269 193
275 178
136 239
140 105
228 62
213 187
91 294
142 123
17 243
100 193
212 183
84 290
87 277
13 165
20 251
146 227
292 283
28 234
21 254
147 116
287 183
7 122
140 210
254 139
281 273
132 208
9 291
284 264
287 179
20 240
8 7
0 135
149 121
142 119
139 237
87 289
28 176
295 264
84 291
7 117
200 182
272 195
246 52
142 212
138 229
214 190
236 63
269 190
299 266
275 179
241 52
226 58
89 292
98 295
10 289
232 58
218 188
137 238
153 113
250 145
274 187
21 290
148 112
141 225
88 279
207 186
102 189
141 124
3 120
94 289
0 122
19 290
30 174
91 286
293 268
270 184
285 278
129 237
297 280
126 204
147 109
286 186
133 237
213 174
283 193
14 288
286 192
212 171
25 166
285 274
94 276
28 239
142 233
24 297
2 12
107 193
95 189
281 185
19 182
286 274
21 299
129 234
250 151
21 172
0 114
137 228
4 120
91 280
101 289
290 183
136 226
264 160
22 249
291 272
133 213
261 160
144 108
30 239
262 149
278 187
133 238
282 273
95 277
140 204
253 159
285 268
211 194
22 236
101 187
149 120
248 146
203 180
25 285
5 136
285 267
130 215
128 200
22 284
97 291
228 52
211 189
145 232
136 206
149 239
269 184
255 148
151 120
256 155
29 168
142 213
256 157
28 178
264 147
213 185
18 239
288 271
111 192
9 174
228 51
272 178
213 181
214 178
24 289
142 242
235 58
285 180
148 235
276 183
244 54
126 202
285 270
133 239
24 296
150 110
202 181
131 238
254 147
231 61
23 295
144 122
18 240
101 191
4 123
246 51
13 290
2 14
21 283
4 18
249 143
288 183
279 186
216 182
146 125
22 291
276 178
147 240
85 291
253 143
10 13
123 205
134 229
150 117
286 196
140 112
297 263
290 268
13 126
99 188
203 175
7 129
133 226
273 180
104 199
211 188
145 124
29 170
128 207
20 233
98 184
138 107
264 146
128 203
298 269
136 105
2 134
298 281
104 191
137 120
284 193
206 176
90 274
135 115
299 273
139 109
142 125
278 180
137 230
134 120
94 295
136 200
136 236
208 171
27 248
135 200
25 171
142 121
147 114
272 189
31 245
21 297
94 294
284 276
21 284
146 116
11 125
129 206
15 173
152 116
220 175
0 127
24 169
144 244
218 187
12 299
1 5
138 201
250 148
285 273
270 183
16 283
213 178
237 54
139 239
92 292
143 120
16 295
7 125
125 209
251 145
22 233
102 188
295 282
122 214
241 53
147 125
140 222
2 24
17 174
86 288
0 27
99 182
275 177
259 160
93 273
15 246
18 290
7 124
297 271
6 24
264 149
249 144
127 213
98 185
234 49
137 214
23 163
139 232
285 178
97 295
215 174
143 240
97 282
216 181
253 151
149 110
128 214
20 163
13 294
139 230
31 250
103 199
91 287
148 114
99 275
28 169
152 119
99 283
17 244
139 206
12 280
285 187
122 212
22 240
133 199
219 182
146 108
274 181
12 179
244 49
14 165
283 273
97 275
253 140
27 247
23 243
240 58
232 63
281 274
261 139
144 242
138 109
84 286
149 118
275 176
132 202
135 116
277 178
277 180
1 24
260 161
222 183
24 254
266 146
138 124
209 187
22 289
103 281
240 50
29 252
125 203
297 268
264 156
87 292
231 46
88 276
284 266
100 292
30 242
140 114
129 209
279 197
3 12
252 156
206 182
100 293
218 181
227 50
284 179
147 112
295 276
0 15
90 292
288 282
16 179
253 158
297 279
282 267
133 114
251 147
1 13
99 295
14 166
87 275
30 248
150 120
292 278
218 190
85 287
230 64
290 280
106 200
13 250
89 286
137 236
282 191
206 192
259 154
150 115
236 54
289 272
250 150
144 104
260 141
12 241
99 181
130 238
206 181
18 243
23 247
222 186
8 10
251 156
8 117
216 187
292 267
98 183
23 240
240 57
215 190
85 285
110 193
108 194
221 176
26 293
295 265
9 295
94 292
133 219
142 110
251 158
16 241
255 152
99 186
239 54
287 189
287 268
136 212
11 245
272 182
18 297
97 290
91 295
296 279
229 55
249 152
239 59
102 182
88 286
102 282
98 199
148 119
18 176
260 158
236 55
12 119
25 179
2 119
20 245
252 143
95 275
136 119
3 134
218 182
153 114
205 173
29 179
137 234
1 26
147 120
149 229
136 234
146 231
271 194
96 296
139 106
133 198
144 226
285 276
289 183
201 176
285 197
2 5
100 290
287 261
14 293
134 225
145 107
132 220
17 175
124 217
9 117
272 196
15 178
5 293
24 255
7 13
141 223
23 296
103 279
137 226
294 270
92 291
151 109
146 126
142 117
284 268
139 208
141 224
12 181
149 108
143 223
109 191
144 224
277 196
3 7
22 163
236 47
147 228
20 165
286 263
143 104
231 57
18 166
270 181
93 296
102 191
93 187
288 281
5 20
294 266
114 190
113 191
279 176
128 205
214 179
219 175
291 275
282 195
103 181
1 132
6 129
134 208
214 182
23 181
280 193
236 66
282 183
243 56
9 170
131 116
21 253
268 185
229 61
285 196
134 213
279 183
3 291
108 185
150 228
32 247
143 205
147 231
12 130
235 54
284 180
30 238
10 9
16 248
2 133
93 195
22 232
28 165
247 153
286 276
142 241
33 246
234 67
266 148
131 112
11 175
4 293
135 214
14 243
103 186
142 239
141 118
138 241
129 208
98 181
23 250
14 248
87 293
22 172
255 150
20 284
260 153
268 145
0 125
9 122
235 64
144 241
274 192
95 281
284 272
25 247
31 238
107 186
214 189
6 291
10 286
4 124
3 15
131 240
14 296
287 266
14 240
143 230
5 295
31 243
29 242
98 191
19 234
21 295
10 21
8 293
141 204
145 236
287 273
101 184
26 245
282 187
200 181
18 179
98 196
2 23
222 185
113 195
26 255
290 190
211 171
237 61
143 244
267 155
102 285
149 235
209 172
100 196
134 112
247 57
133 216
279 180
85 282
12 126
234 53
140 218
3 5
241 67
201 183
100 286
98 192
17 181
10 15
291 265
290 185
287 281
12 240
94 279
98 182
204 180
277 195
13 242
200 180
1 124
247 60
261 144
109 196
135 236
125 202
140 219
11 126
268 151
262 146
143 204
281 190
227 59
13 288
108 190
14 172
217 184
258 141
130 228
130 234
104 181
30 240
271 192
30 236
258 147
146 228
281 275
124 209
214 193
17 280
275 197
262 148
22 293
24 298
139 112
94 185
16 245
203 189
21 180
260 156
110 199
242 55
146 121
97 278
6 118
12 175
136 224
84 279
1 17
14 287
92 281
3 133
11 242
216 176
140 245
279 181
12 124
273 187
208 177
14 171
2 130
276 184
22 167
6 125
138 206
142 243
214 192
298 264
93 190
11 294
8 130
99 277
141 218
219 187
287 180
261 142
26 290
83 280
4 14
272 184
144 124
255 157
27 238
259 146
88 281
247 59
246 56
296 260
9 120
6 296
139 205
281 193
142 216
258 153
238 53
14 283
286 193
143 115
257 155
272 180
275 182
202 189
11 169
140 110
235 55
245 52
22 292
266 153
287 181
241 64
286 190
101 280
248 150
128 216
15 281
292 263
11 119
3 116
139 213
127 212
10 20
6 16
11 289
25 255
129 236
232 60
98 280
16 250
87 288
8 23
236 52
28 174
216 177
244 47
82 282
253 155
227 57
22 166
282 276
151 112
210 189
17 176
134 227
244 57
153 116
247 51
212 189
135 237
137 123
16 252
26 180
283 275
24 248
11 290
265 151
247 55
144 234
288 182
228 63
83 285
264 148
0 7
17 163
99 191
22 285
95 196
133 111
234 62
137 244
284 188
207 187
1 131
233 49
228 56
18 284
284 182
137 201
100 184
150 239
22 178
128 201
107 183
283 198
24 233
152 120
232 59
100 202
3 25
240 51
11 168
145 226
284 196
261 152
145 112
19 244
28 249
289 181
250 146
111 198
141 105
89 290
17 281
22 171
268 153
139 214
143 208
25 174
135 233
125 216
282 176
4 24
299 264
148 236
217 192
20 167
270 194
291 281
22 179
86 287
131 204
218 179
127 215
216 178
235 65
27 241
283 178
17 294
4 133
23 290
30 246
205 186
254 145
4 135
287 269
99 276
8 285
7 121
89 284
23 235
254 158
242 59
149 122
206 184
106 189
26 166
287 262
13 179
134 215
266 155
17 173
280 177
110 195
139 218
244 61
28 235
213 180
293 260
4 122
238 67
19 294
284 178
136 225
18 282
92 286
86 291
110 184
8 296
26 171
142 244
137 240
101 190
20 285
219 177
103 196
217 175
152 112
31 242
18 298
269 151
260 139
30 171
209 184
3 118
209 191
258 149
244 50
202 182
219 181
256 151
256 156
1 21
231 60
133 202
101 199
133 115
16 176
217 172
144 225
9 171
273 182
9 18
209 181
84 285
221 183
129 214
250 155
242 60
136 110
99 280
268 189
16 293
140 201
229 51
139 201
210 190
12 168
240 46
215 182
102 281
23 166
249 154
275 198
6 136
32 249
269 154
103 280
234 48
124 204
138 123
23 285
17 245
91 276
215 172
132 110
253 146
131 211
135 118
253 142
16 164
216 173
254 155
289 186
96 182
11 243
12 173
124 215
134 201
243 47
93 279
142 105
148 109
143 124
133 233
28 242
280 176
29 235
253 160
146 242
7 126
8 25
250 149
17 240
137 219
218 175
237 59
276 193
269 150
28 179
213 188
135 205
0 129
295 269
13 177
290 187
27 172
7 289
87 282
104 180
269 187
281 197
239 49
141 113
14 297
142 227
20 294
134 200
20 281
7 134
99 199
14 169
1 27
18 283
257 142
131 220
232 53
126 207
251 146
234 65
13 124
145 104
260 142
8 173
107 195
246 58
31 174
107 180
245 62
140 232
149 111
244 59
92 282
14 251
21 176
100 185
211 172
91 292
134 233
21 167
112 186
27 235
296 267
237 66
137 205
137 208
103 195
226 56
114 188
8 135
129 215
24 250
256 150
232 46
14 280
255 144
206 173
4 25
5 10
85 288
136 228
97 201
111 190
138 214
137 229
230 50
136 113
217 173
1 9
83 281
7 19
18 235
260 160
7 9
141 237
93 278
147 124
99 195
88 294
267 145
100 189
27 234
139 123
295 281
278 194
259 150
138 233
11 129
25 242
210 177
24 251
290 278
139 231
244 63
6 13
249 153
1 128
139 108
275 180
278 189
282 185
27 169
271 195
288 192
282 182
26 246
147 115
97 196
139 107
11 170
95 295
228 55
277 189
11 285
152 233
143 123
26 172
289 188
271 184
90 286
92 294
152 113
134 109
148 125
137 119
135 109
141 208
11 127
140 208
233 47
137 213
10 131
97 198
256 145
134 230
21 165
138 104
131 113
10 169
134 210
95 283
288 270
144 118
210 187
5 296
15 279
124 212
33 245
6 120
1 133
233 48
259 153
86 284
97 190
21 250
293 274
152 110
144 115
99 202
259 142
139 211
284 190
134 235
284 273
20 180
8 299
231 48
5 18
109 201
140 243
145 238
11 128
91 283
99 201
145 229
95 284
19 237
137 200
296 263
27 168
207 183
97 189
8 16
260 144
280 197
2 124
143 113
105 188
28 241
274 190
99 183
288 187
99 279
125 208
282 275
287 182
201 178
10 167
26 168
28 177
291 280
128 218
19 281
136 106
206 190
280 196
113 193
1 119
137 218
99 293
262 160
25 172
102 283
31 251
7 295
242 66
6 127
218 191
20 166
284 189
14 284
9 22
104 200
18 172
107 198
10 129
252 149
132 115
213 171
11 287
127 203
100 284
274 183
214 183
7 297
5 119
132 232
254 150
277 188
14 299
282 188
274 186
16 175
228 49
143 226
107 201
19 242
239 50
246 53
220 187
10 125
98 290
255 146
17 247
130 239
209 193
251 150
257 154
7 22
17 289
206 179
29 249
220 177
108 188
12 17
19 184
243 63
13 174
128 220
93 197
128 217
13 180
22 250
137 105
136 207
284 265
102 187
245 57
246 62
238 51
202 176
140 111
103 290
17 283
138 114
266 143
95 289
243 52
217 181
102 197
130 231
23 174
95 293
103 286
150 112
260 155
147 236
210 178
94 184
152 118
14 181
255 147
206 187
99 189
14 163
129 220
16 183
12 20
127 209
297 267
15 165
24 246
101 278
97 276
100 288
88 283
96 293
138 235
284 269
2 22
6 298
87 280
143 210
3 18
23 167
242 56
138 215
3 23
236 64
90 291
95 292
82 283
125 211
1 116
241 58
257 141
17 242
141 232
265 147
203 178
248 53
10 178
93 274
15 280
96 281
142 113
270 186
282 272
276 187
15 249
8 124
259 141
132 241
11 241
134 221
105 198
21 182
211 190
135 207
17 249
238 61
12 167
139 200
11 174
233 67
26 244
248 155
257 148
245 58
283 183
244 60
150 107
12 172
257 139
141 242
106 195
292 270
210 172
281 192
126 218
100 188
12 242
18 178
133 211
12 129
134 121
265 152
20 184
93 188
16 244
146 232
131 200
20 252
151 232
25 183
268 188
5 11
91 291
136 117
28 244
133 209
261 146
18 292
133 232
93 292
19 245
16 251
23 283
90 281
5 124
146 241
18 165
141 205
258 146
290 189
143 121
148 105
22 283
137 232
12 170
201 180
0 132
25 239
230 55
132 118
20 161
274 179
93 294
17 287
146 119
10 119
101 287
137 122
264 145
9 14
92 278
100 183
278 179
128 215
100 195
136 109
22 169
134 217
100 191
10 287
140 205
24 170
95 195
232 50
14 174
282 271
95 193
91 284
265 150
278 185
141 121
235 67
143 216
13 240
98 292
24 240
282 266
18 174
24 243
271 187
31 244
107 196
265 148
92 190
14 249
8 294
132 117
299 274
137 114
7 285
232 49
149 124
12 180
148 225
275 193
93 192
19 249
298 262
9 20
0 18
127 204
211 191
14 282
228 50
252 158
90 289
139 113
20 241
273 188
214 184
275 186
8 298
137 222
138 225
286 178
83 289
103 285
146 225
276 181
26 236
12 171
258 155
146 234
277 181
136 116
13 282
289 262
103 192
2 115
265 153
250 157
209 177
122 211
262 152
298 279
11 18
204 181
233 66
283 184
146 233
104 197
19 239
83 284
16 180
240 65
4 11
14 178
24 236
280 194
204 188
97 277
138 119
25 289
262 142
137 206
127 206
213 186
100 200
102 201
9 12
15 180
21 296
28 253
12 120
131 117
202 183
114 194
109 192
12 291
246 55
132 205
146 243
279 185
137 116
132 114
27 253
6 133
21 183
151 119
282 196
286 268
237 55
263 152
108 195
17 246
19 180
262 156
215 191
4 121
279 188
142 118
141 229
203 174
134 110
256 141
90 280
288 279
262 139
15 296
19 236
296 276
10 16
140 244
87 291
98 193
280 181
7 20
113 186
220 184
236 60
27 250
138 117
96 195
133 218
30 251
143 227
34 244
268 155
23 289
92 187
17 168
221 179
205 189
28 237
142 226
87 281
18 244
6 126
285 191
137 202
22 174
242 57
215 189
234 63
20 292
0 130
265 145
296 278
20 176
132 121
138 234
138 105
237 57
244 48
9 287
107 199
253 147
94 196
20 291
15 250
3 131
96 184
209 185
216 184
29 250
82 284
144 223
93 185
279 189
20 239
269 186
208 192
208 175
106 185
206 172
5 288
240 67
16 234
7 284
213 189
4 134
91 279
256 154
29 178
18 250
89 280
284 192
101 288
16 181
21 235
136 209
15 235
263 148
282 179
12 295
18 286
279 198
29 240
112 187
104 284
29 251
201 179
21 238
204 178
287 280
102 199
140 216
22 295
137 215
135 110
8 289
1 20
125 205
254 153
26 247
28 236
13 297
135 241
21 184
22 241
4 295
241 46
137 225
257 150
139 120
8 24
205 175
16 177
235 52
98 195
99 292
86 276
16 291
4 6
246 54
8 9
236 57
19 283
86 280
95 280
283 268
135 217
283 197
101 286
100 192
214 180
22 182
4 119
209 182
289 279
25 176
23 249
96 197
151 117
123 209
16 285
108 182
286 261
96 284
276 186
149 106
105 191
273 190
237 60
85 292
142 240
111 193
129 212
138 205
32 248
105 180
135 220
284 197
140 228
104 195
285 185
30 247
273 195
249 157
208 185
255 154
219 180
298 266
140 224
23 286
5 122
278 186
10 124
136 114
143 229
147 232
242 58
141 233
230 51
134 209
150 233
209 180
15 295
101 181
258 161
122 207
27 239
142 214
4 5
94 286
246 59
13 284
292 268
219 190
16 239
25 173
150 231
298 268
138 222
16 280
146 118
232 51
214 187
137 212
20 236
29 244
90 282
22 282
7 298
285 184
112 190
264 153
110 183
210 182
16 163
208 179
21 294
109 200
214 181
87 276
17 236
281 270
102 180
258 154
100 181
210 188
108 201
97 281
18 181
253 152
91 274
237 50
289 269
11 120
13 122
24 165
281 194
290 274
29 172
216 180
257 149
9 16
16 297
241 48
264 152
19 296
235 60
286 183
103 187
296 275
285 272
272 181
268 156
85 290
138 126
133 240
210 179
31 248
16 182
151 110
289 281
10 130
148 234
96 198
134 237
283 182
242 63
240 64
103 288
235 46
243 51
136 231
215 177
12 281
220 189
11 179
243 64
241 65
133 201
25 180
229 52
138 219
84 278
141 212
87 290
20 175
279 194
27 180
86 281
10 127
92 193
147 118
94 189
285 194
15 245
134 119
136 229
113 197
110 188
151 108
134 202
20 295
208 189
247 53
135 223
111 186
137 199
27 181
142 124
130 202
213 179
129 230
96 187
106 184
233 52
135 227
243 61
10 117
2 7
148 238
95 187
266 152
105 196
130 230
3 11
210 193
4 26
11 172
84 287
100 279
145 126
19 164
295 268
282 192
125 214
275 189
95 190
25 178
217 189
149 114
137 108
234 56
1 130
137 217
136 115
215 186
234 64
276 192
8 13
28 248
8 120
27 236
100 277
269 192
29 177
296 282
143 212
102 198
135 215
201 186
235 62
124 214
233 62
132 213
199 182
130 233
248 152
288 278
12 247
100 281
127 207
88 293
214 186
97 197
22 253
283 177
111 191
25 234
139 233
32 243
24 241
211 173
31 169
17 295
293 266
291 267
139 126
19 169
26 173
233 46
138 116
139 226
150 229
142 203
140 206
138 217
135 209
261 143
101 293
125 210
99 197
213 192
16 238
100 180
210 181
20 242
4 8
141 243
136 118
149 226
85 283
270 189
144 112
230 54
206 189
213 177
21 241
24 164
151 229
131 210
131 234
289 189
20 296
152 114
25 292
137 233
133 214
294 276
209 175
23 172
4 126
152 115
19 178
110 185
277 177
104 201
10 174
98 278
96 190
16 184
278 176
142 209
82 281
294 274
272 186
130 205
293 261
260 140
276 188
289 190
123 213
260 145
294 263
98 277
215 178
8 20
252 154
295 279
96 288
143 111
0 26
104 194
263 143
84 288
206 175
138 216
99 185
138 230
1 22
279 175
13 249
17 282
18 295
10 170
17 235
243 46
97 193
0 23
136 125
279 179
17 286
28 254
298 267
106 182
18 164
285 275
208 176
112 197
141 111
128 212
218 174
125 217
298 274
15 168
133 208
11 240
141 107
240 53
33 248
258 143
287 277
12 125
290 266
202 187
149 109
136 233
0 116
17 178
218 186
138 237
145 225
136 201
274 177
267 149
27 182
133 225
0 13
7 24
144 114
98 285
15 174
22 294
149 107
260 149
142 207
95 290
255 160
238 52
102 287
2 113
2 17
143 241
257 153
281 189
245 63
294 269
267 154
234 52
11 173
131 218
141 236
287 265
104 202
21 292
261 153
215 183
145 241
11 298
87 283
10 118
13 128
23 168
141 122
263 147
32 242
18 280
10 297
3 26
131 217
141 227
253 150
236 61
138 111
233 58
296 265
254 144
88 291
281 269
284 195
207 177
30 249
84 280
284 184
16 298
136 230
95 285
19 289
249 148
144 212
242 65
122 209
4 125
236 46
24 168
14 242
98 281
254 143
144 211
103 184
288 280
27 179
143 125
18 253
123 211
129 231
243 58
90 290
23 169
9 299
145 115
8 125
18 294
263 153
143 234
138 242
140 227
136 227
293 271
93 287
274 195
5 12
242 64
14 289
140 239
28 173
297 272
132 116
215 185
104 283
110 190
17 164
137 113
1 18
130 200
142 107
298 275
108 184
232 64
132 240
5 291
289 275
283 274
133 220
12 16
8 11
270 190
244 56
12 238
222 182
282 270
22 183
280 195
258 156
217 183
96 193
9 298
27 245
21 236
211 183
141 207
246 50
208 174
143 242
140 119
11 180
133 234
24 293
106 201
292 281
207 173
201 181
229 50
94 281
5 116
203 190
7 23
89 287
149 233
291 260
217 182
133 228
147 108
26 251
112 193
284 277
6 131
140 225
275 184
288 260
209 192
287 271
248 145
31 172
96 282
137 235
20 238
107 197
98 197
245 55
286 272
96 194
140 234
241 57
130 214
12 293
151 236
148 108
145 111
288 265
3 24
20 288
31 241
241 59
144 106
10 121
130 235
289 192
215 173
141 228
145 228
26 252
19 297
232 57
146 124
293 276
95 188
279 199
19 240
4 16
111 194
20 254
10 173
28 172
4 288
30 172
269 181
220 188
0 123
17 292
26 237
94 291
277 176
294 267
217 186
25 294
102 284
274 178
28 252
5 115
290 261
7 288
213 183
138 209
139 110
135 201
286 278
92 283
136 202
16 166
109 187
104 289
22 254
144 233
127 211
1 8
96 186
26 164
94 188
280 179
24 183
110 186
12 15
137 211
124 216
112 185
233 57
286 264
16 162
207 182
273 184
113 196
111 195
16 172
254 152
203 182
145 110
235 47
1 120
271 188
261 151
243 66
152 117
105 190
284 181
276 176
26 250
237 47
26 163
5 131
268 146
136 203
270 188
98 201
290 186
12 292
251 159
16 236
233 51
148 111
141 203
138 200
32 250
15 248
101 279
7 21
139 222
109 199
104 184
212 186
204 190
202 179
252 160
110 200
291 276
13 245
283 277
204 173
287 263
15 166
27 177
106 190
11 292
114 193
30 250
19 293
150 230
27 240
123 204
290 262
15 170
255 141
108 189
242 49
138 118
145 118
6 295
11 132
292 260
205 176
210 184
102 186
242 54
24 253
215 184
17 298
6 117
88 287
233 60
202 184
263 158
295 277
24 235
11 283
126 203
107 200
10 283
134 123
145 243
139 223
205 177
8 134
254 141
23 288
135 106
148 241
258 145
269 153
26 183
18 173
277 183
29 175
134 231
150 111
280 178
14 177
145 109
145 116
132 227
86 294
26 288
150 109
97 185
150 236
131 118
271 193
271 183
140 241
17 167
16 243
230 48
87 284
104 192
216 172
146 122
270 182
287 184
10 17
205 179
95 199
19 292
210 186
98 275
3 125
10 290
263 149
265 144
276 197
86 290
204 191
204 176
246 150
270 185
132 201
89 282
137 210
149 232
149 238
14 164
298 276
101 185
11 20
19 183
234 45
246 60
30 176
133 119
232 65
15 253
131 203
15 171
209 186
237 46
143 232
242 53
136 108
290 270
278 182
205 187
4 292
235 51
207 184
147 225
84 282
259 158
2 126
28 168
110 198
140 242
11 12
92 280
237 67
209 188
95 287
28 243
136 240
104 185
218 177
233 59
237 68
271 181
143 239
82 287
7 8
114 195
7 26
99 291
114 191
3 20
210 175
139 202
128 204
135 224
15 239
229 53
92 194
261 159
217 190
25 295
21 281
139 125
2 132
253 148
276 198
135 107
32 241
15 175
111 185
15 252
17 254
235 57
98 289
14 295
135 242
131 221
14 182
25 167
221 188
295 280
211 186
20 282
26 233
24 242
146 238
268 190
277 182
240 56
132 225
142 127
14 167
95 279
86 285
290 282
102 200
298 280
18 293
131 236
147 224
20 174
220 178
264 159
252 151
5 134
133 227
295 262
19 241
241 54
299 276
239 52
88 290
135 232
146 237
219 179
233 65
146 235
139 228
0 115
5 123
289 191
25 290
9 282
97 280
97 183
270 187
134 214
7 135
18 287
135 202
212 180
98 194
107 190
235 50
27 176
24 172
14 168
298 265
109 190
145 123
97 274
141 202
259 139
15 297
288 267
220 182
266 142
215 175
19 166
148 230
102 183
231 65
293 279
4 129
14 290
281 195
19 253
94 282
91 275
143 237
94 186
19 238
214 176
103 182
294 272
5 15
103 193
208 184
111 184
257 151
93 295
105 185
12 246
229 59
143 213
95 274
143 215
257 146
25 236
97 184
141 120
94 190
26 234
32 239
202 175
25 288
31 173
245 48
261 145
2 114
141 117
96 276
133 118
98 287
4 114
281 180
7 130
7 15
144 110
18 233
283 180
10 298
259 145
208 190
98 276
13 292
8 283
230 62
200 185
99 287
142 116
6 23
133 230
2 18
135 119
259 151
135 124
143 116
136 221
292 266
22 242
29 247
103 183
140 230
139 216
14 183
141 126
260 157
137 204
86 289
238 47
141 112
251 154
205 181
146 223
253 145
30 237
18 167
214 175
262 158
150 234
135 123
1 125
245 53
145 117
11 296
97 188
208 173
131 227
285 192
286 182
144 222
9 288
101 183
297 277
22 170
135 229
150 116
10 22
230 57
147 119
24 163
4 17
114 189
147 111
212 175
92 191
260 147
13 293
140 202
132 111
254 142
137 242
129 204
16 289
14 245
245 56
26 169
11 295
289 263
247 150
108 199
260 152
98 188
253 141
289 265
214 171
141 104
1 25
247 50
227 60
23 293
135 216
139 210
205 182
139 203
20 248
104 193
128 213
248 60
244 62
145 125
28 250
230 49
258 139
23 242
101 277
134 114
92 277
99 180
265 159
210 192
1 118
23 284
24 287
23 175
216 179
257 156
3 9
143 222
135 238
237 52
96 274
15 242
18 162
296 272
90 293
280 180
98 279
204 185
22 245
206 185
136 232
292 261
33 247
103 185
19 165
12 248
99 284
11 118
145 106
25 254
137 207
101 201
297 264
5 133
9 281
288 263
205 190
83 291
24 181
140 217
85 281
10 299
229 63
84 281
227 53
149 231
18 299
22 255
1 114
15 298
289 274
10 293
86 286
294 281
129 218
298 271
284 194
5 135
240 47
140 209
9 127
237 44
137 223
96 285
285 265
152 109
142 238
104 187
127 220
6 132
149 113
5 22
286 279
283 187
12 287
95 291
9 176
9 290
217 178
6 122
283 276
247 154
108 198
3 117
141 239
26 292
206 177
104 288
23 237
231 59
125 212
140 120
267 156
20 171
262 159
201 187
147 234
107 202
87 294
96 286
138 113
92 195
129 199
266 158
261 149
4 23
275 191
20 250
90 283
8 126
15 163
132 219
15 177
23 171
227 56
140 117
3 132
13 169
13 173
2 129
139 114
284 278
295 274
98 288
235 63
16 249
104 189
2 117
243 59
15 286
95 197
12
