11
2500
16
97 74
198 233
228 246
149 211
285 91
71 280
106 256
37 122
98 133
50 217
172 266
46 111
112 78
35 135
297 87
145 212
59 208
193 218
110 82
83 284
204 226
57 281
178 255
272 96
33 119
77 270
174 251
296 89
48 224
226 242
37 118
72 282
88 127
38 120
27 134
70 281
64 294
38 128
67 284
294 86
116 261
291 84
50 203
55 216
96 75
238 251
50 127
226 246
99 259
31 117
195 239
100 85
54 213
25 115
187 270
103 86
163 206
183 270
168 262
27 113
212 233
205 243
21 122
47 211
33 107
201 225
71 267
207 242
112 131
272 82
217 248
72 273
105 252
176 279
283 93
230 239
102 132
98 86
187 271
98 120
172 264
43 209
284 87
103 248
88 135
198 240
71 281
154 217
94 87
89 129
42 216
228 252
205 219
36 223
84 279
220 242
174 271
33 122
85 134
60 278
180 259
90 131
30 131
91 122
176 258
112 249
44 135
185 263
72 276
58 226
38 216
186 242
292 78
54 224
296 93
109 271
99 142
26 123
215 240
36 212
226 236
151 204
93 120
103 118
48 219
30 120
98 139
292 99
239 256
217 254
77 286
72 271
149 223
62 215
198 223
25 126
210 233
108 144
294 98
40 229
107 266
95 262
282 81
219 250
86 82
29 122
101 244
225 258
105 79
241 240
52 118
55 224
191 229
103 251
152 220
102 271
117 264
83 273
151 223
152 216
41 229
223 258
94 81
195 237
186 238
196 235
201 236
277 94
94 261
278 105
218 245
38 220
229 244
289 99
185 258
110 249
53 227
106 74
41 125
163 257
31 130
174 267
77 291
104 128
217 257
198 247
43 222
81 285
280 80
287 97
87 80
94 85
61 214
294 104
185 234
240 243
57 217
96 144
286 96
38 211
138 219
113 133
210 231
183 272
118 256
98 144
78 272
98 76
165 263
136 215
84 74
289 85
97 134
101 123
140 212
58 230
139 212
281 99
88 121
83 137
28 134
157 268
116 263
220 236
283 106
88 143
85 133
119 257
173 272
219 238
192 245
170 276
44 113
163 210
275 83
76 269
61 268
106 244
27 111
104 258
121 259
42 219
56 281
161 212
29 127
228 241
104 145
278 89
242 253
225 247
140 222
79 278
289 82
208 240
98 258
161 262
111 259
222 243
102 124
116 258
43 221
102 268
94 126
141 220
108 241
92 85
58 218
108 260
91 77
95 144
299 98
279 97
146 212
158 207
198 224
69 276
78 289
272 90
292 82
108 83
221 252
141 202
231 258
82 281
53 206
185 227
107 72
81 273
65 221
174 275
75 273
284 82
38 209
217 237
104 262
232 251
228 244
99 83
230 237
293 88
184 272
193 225
114 262
109 138
166 261
99 118
161 220
139 209
160 219
28 135
68 266
289 97
38 215
66 275
273 91
294 78
83 67
95 138
71 271
161 215
206 224
38 134
141 198
103 267
288 89
23 128
94 249
160 216
88 78
157 266
60 279
50 201
75 295
188 233
159 219
276 85
42 223
59 273
198 234
60 227
33 133
105 271
47 221
215 250
104 133
163 273
109 139
46 131
168 251
213 230
61 292
229 245
118 251
110 123
46 212
110 270
98 72
223 250
187 265
104 130
103 252
173 255
73 286
148 220
285 96
195 245
146 213
95 81
24 124
42 211
180 257
164 258
184 264
32 117
106 70
178 270
39 107
69 271
184 270
142 203
27 120
113 258
53 221
179 257
96 251
85 73
42 221
158 200
60 284
98 117
149 209
176 265
291 85
103 62
72 289
41 206
42 226
145 225
110 251
153 212
115 266
273 83
166 264
194 246
98 256
192 228
58 219
143 212
278 104
179 261
104 122
41 127
203 247
95 79
188 225
115 269
296 100
103 81
63 224
282 87
47 213
154 206
188 238
177 269
197 218
45 111
93 123
193 232
98 85
275 84
199 220
116 254
223 259
101 81
102 246
59 206
100 142
184 258
95 267
68 288
161 277
192 244
153 226
184 228
89 139
40 111
103 254
45 135
103 123
52 232
97 246
292 96
188 223
186 227
180 274
46 216
64 223
103 124
40 116
220 249
98 261
95 147
179 262
169 265
72 266
147 225
145 218
65 289
97 142
273 87
170 269
38 136
97 257
84 131
175 269
156 201
52 228
136 210
62 220
83 289
118 249
83 128
28 116
93 72
41 114
227 259
103 64
211 230
119 263
99 76
64 277
82 76
147 206
141 218
188 266
138 204
23 124
84 282
172 273
119 260
117 248
43 135
79 268
142 208
292 103
158 205
197 220
22 124
284 94
26 128
277 101
107 124
50 233
66 288
183 233
197 223
238 240
274 96
208 223
94 260
91 88
164 278
202 243
59 220
177 260
50 219
117 255
156 266
158 272
96 129
103 87
94 246
104 82
41 215
167 268
272 88
113 131
182 233
101 143
173 265
114 259
70 274
170 264
182 278
43 216
96 79
232 250
163 254
282 82
201 233
152 203
99 135
145 226
279 77
40 215
163 260
100 253
33 127
183 257
102 242
63 274
59 275
38 131
93 130
45 232
164 266
276 83
281 100
91 261
182 255
109 258
24 122
233 250
42 110
46 230
225 259
174 278
40 126
214 253
100 63
84 285
74 279
156 207
108 258
114 260
240 248
297 81
37 124
187 225
93 85
48 213
90 130
110 130
188 226
107 123
32 120
88 126
91 251
105 69
38 111
173 276
50 125
161 205
145 214
96 138
201 232
196 243
62 279
42 205
183 273
150 197
143 197
104 74
236 245
217 250
291 90
213 237
87 71
177 258
189 224
57 220
173 273
86 135
94 253
87 81
165 259
57 273
85 69
98 132
194 232
86 77
101 252
118 257
163 211
51 123
87 135
296 88
86 132
269 91
295 93
233 247
82 69
284 103
98 137
70 273
42 135
279 99
196 233
95 77
180 272
76 294
284 97
100 254
47 111
114 253
42 116
52 222
45 123
34 124
92 89
81 74
100 123
297 90
68 278
94 142
208 225
25 113
111 251
204 246
51 220
54 210
87 86
100 72
299 92
161 274
98 250
45 224
68 276
239 241
228 235
45 205
44 114
221 232
37 111
94 74
32 119
67 292
278 86
140 207
176 268
160 267
43 208
39 126
179 271
40 225
209 223
24 130
273 90
53 232
92 78
66 295
110 242
287 95
186 230
289 80
62 292
117 260
40 227
105 76
110 268
110 256
51 215
94 139
209 226
40 112
77 267
118 262
98 64
35 122
150 209
107 74
158 199
47 220
44 224
175 266
40 130
153 210
135 218
95 263
135 217
26 111
277 85
144 204
270 91
198 246
169 266
97 252
77 275
92 75
277 95
111 254
200 223
106 85
190 234
110 140
280 95
144 216
240 255
232 246
35 137
111 77
68 275
241 255
271 96
206 225
39 217
116 267
103 144
50 224
168 252
78 267
86 84
157 205
86 125
67 279
149 222
104 68
101 82
177 273
64 280
111 142
104 61
47 222
203 239
88 77
99 270
229 236
39 214
71 284
118 263
168 280
97 58
137 215
142 199
154 221
186 259
91 85
101 138
146 198
57 222
34 137
285 107
177 251
278 94
111 248
183 275
91 70
140 214
57 274
287 102
50 223
217 255
119 250
189 220
286 81
39 127
105 81
90 132
61 278
100 256
86 136
281 82
64 273
67 278
97 247
154 208
117 246
238 248
87 83
152 210
198 238
188 221
152 197
100 88
193 226
65 276
112 260
283 90
231 256
63 270
158 220
48 218
135 213
285 85
74 295
38 212
291 93
104 86
36 221
69 266
51 228
102 140
201 242
291 96
208 232
37 211
90 139
170 260
91 257
197 244
41 128
169 260
100 144
278 84
138 206
45 131
235 241
90 143
142 215
150 217
36 116
236 240
84 126
27 110
53 205
82 288
169 270
82 286
188 239
166 252
149 197
50 207
61 223
107 269
105 124
99 75
145 209
99 262
102 67
293 99
94 148
218 235
96 260
191 243
296 87
74 288
193 245
43 111
104 69
81 271
232 247
285 106
68 265
98 81
177 280
289 88
283 81
85 142
225 260
60 215
149 219
36 115
243 248
136 203
70 285
203 221
160 270
175 274
39 114
231 252
142 210
299 84
188 231
98 138
208 230
89 130
221 233
82 277
231 235
25 114
161 206
293 93
114 263
167 263
92 122
51 117
120 256
104 254
104 88
76 272
152 208
165 260
96 120
29 119
105 78
112 70
216 238
112 261
292 105
147 219
48 229
105 61
204 240
241 245
80 293
278 99
92 147
144 210
89 67
50 130
50 228
80 275
96 136
41 205
231 231
144 199
226 254
288 95
233 256
73 291
97 72
97 248
165 257
66 294
175 255
218 250
166 270
44 117
204 245
106 76
40 210
24 129
140 218
101 267
64 271
68 284
94 72
63 216
164 272
87 142
88 83
97 245
94 88
108 71
106 69
178 264
272 83
170 275
146 203
81 286
42 128
193 233
102 84
106 80
184 232
96 68
98 244
95 88
61 222
112 262
58 276
155 198
200 218
71 277
68 291
95 142
50 211
223 247
159 201
159 200
156 205
164 269
48 206
148 198
100 124
174 263
74 291
212 232
85 79
143 200
186 273
93 136
73 287
40 207
37 113
168 278
224 243
227 241
76 266
282 105
179 276
136 214
280 102
216 246
34 109
28 112
30 113
200 231
109 130
286 92
28 129
41 219
82 274
279 94
178 269
239 238
201 248
274 87
112 128
164 277
100 134
226 250
146 217
99 84
227 256
167 280
116 256
99 121
72 267
100 64
88 82
86 134
82 279
59 218
170 255
49 128
274 91
113 252
22 126
41 135
43 127
176 281
168 253
92 119
224 236
186 263
110 80
41 204
156 216
160 215
225 235
103 134
93 249
100 146
197 238
159 267
270 94
106 68
176 266
50 131
110 267
286 78
283 77
58 220
141 199
47 219
140 217
50 229
143 218
62 270
290 102
96 124
70 265
295 82
172 254
60 285
61 270
55 226
37 220
172 256
111 124
137 203
283 88
36 109
102 74
226 240
72 281
83 290
72 268
189 234
207 245
92 73
34 125
101 71
35 214
83 279
82 78
192 223
30 135
276 82
231 254
229 238
140 203
146 200
100 70
179 266
38 221
232 237
50 212
92 251
238 258
273 96
91 72
53 222
82 75
50 215
171 256
31 128
99 123
279 103
98 266
150 210
204 237
279 105
100 81
139 202
148 226
225 233
298 89
97 131
92 65
229 246
97 73
185 232
47 227
195 221
97 78
113 244
48 129
211 239
47 232
101 148
185 233
57 221
51 125
176 278
161 264
71 296
92 120
81 281
225 234
100 65
192 229
37 217
58 205
288 100
107 62
202 238
102 59
58 229
67 274
51 204
203 223
84 75
51 203
152 204
190 242
167 273
163 214
32 110
90 123
175 279
292 97
78 274
34 108
202 248
165 255
39 137
32 125
104 244
162 254
41 217
61 290
176 260
34 119
31 110
193 219
31 122
223 239
96 262
108 270
65 218
227 249
103 72
151 199
159 209
73 292
103 82
150 208
45 132
111 69
85 276
223 255
43 226
111 80
25 124
153 196
177 259
197 229
197 231
170 251
293 83
56 203
229 249
113 246
239 257
285 75
161 267
56 282
286 77
203 219
117 262
278 96
108 70
61 210
190 229
192 231
164 276
203 218
92 88
153 216
28 121
60 207
185 262
109 76
114 267
50 230
30 130
94 136
108 79
236 235
31 133
92 69
36 130
36 119
233 245
224 250
47 212
117 267
96 256
90 120
271 93
31 113
220 239
103 256
154 219
62 221
189 241
100 145
83 70
204 221
106 86
186 260
99 249
235 246
216 244
92 64
67 273
280 88
41 207
180 267
48 121
115 261
280 76
83 76
73 265
42 215
37 115
54 212
76 292
174 268
95 255
237 239
96 61
46 126
173 262
111 244
233 239
43 218
100 243
153 206
97 63
270 96
229 233
158 212
155 208
225 255
217 256
83 277
282 79
111 260
147 198
199 235
278 101
294 82
96 128
32 137
237 256
86 81
50 122
207 246
105 122
49 221
147 217
227 234
61 213
110 70
285 102
141 209
66 292
197 243
190 231
90 77
45 120
171 272
153 203
41 107
160 265
156 206
26 126
74 275
111 76
87 132
49 215
34 129
83 133
70 295
279 92
101 243
84 82
170 252
170 263
88 140
40 113
109 72
181 262
160 208
100 82
112 130
143 203
66 284
28 122
105 143
239 249
89 61
43 132
48 203
284 90
273 99
102 258
186 265
158 273
292 80
57 214
213 232
171 273
221 246
32 124
52 213
172 261
286 100
77 274
103 253
162 216
164 206
166 266
73 288
55 231
34 120
92 123
141 222
156 211
110 66
45 216
43 118
136 212
73 273
165 280
231 248
180 253
91 139
187 269
275 95
120 257
86 284
97 118
162 273
26 117
169 263
193 229
48 202
216 252
37 221
39 124
62 282
96 59
37 210
232 236
161 210
208 222
148 222
196 222
235 259
155 197
98 140
109 133
194 230
163 204
173 253
74 265
41 122
106 253
108 73
49 232
119 253
216 247
83 283
171 278
97 141
178 261
36 114
292 79
81 268
298 87
242 239
53 202
64 287
70 294
186 239
48 124
97 140
157 219
66 291
86 282
63 226
61 291
47 131
190 225
76 282
89 143
181 256
145 197
105 256
185 237
104 257
76 279
194 231
92 131
294 83
164 267
242 247
41 212
291 98
174 253
93 118
91 86
279 83
191 226
176 270
47 230
49 209
147 203
173 278
39 133
109 256
220 247
288 83
283 96
198 237
34 118
238 235
176 261
180 270
172 263
27 132
172 262
225 243
271 88
55 206
57 286
69 285
38 129
91 61
146 197
75 279
74 272
137 209
105 65
159 221
159 214
193 222
95 127
39 213
65 274
160 205
62 223
97 256
236 242
188 245
271 91
285 89
289 104
134 206
207 223
101 264
53 208
282 80
98 122
106 254
47 207
223 242
285 104
93 84
46 203
38 125
211 224
208 226
200 225
47 224
87 70
101 131
36 213
163 270
49 116
200 241
101 142
220 252
191 232
37 131
78 280
110 81
221 258
93 76
115 263
99 257
186 231
40 206
34 126
158 270
120 262
172 252
216 251
152 202
292 104
198 235
200 221
220 256
238 256
71 265
109 266
288 87
104 241
162 266
271 87
121 255
162 206
45 218
218 241
147 200
90 124
83 280
176 254
214 246
52 205
110 247
157 216
166 256
240 236
218 240
159 269
224 241
102 253
83 271
134 208
79 280
227 246
186 262
226 243
105 132
24 128
107 253
273 98
164 216
100 268
157 203
295 103
111 129
121 261
159 274
184 274
107 86
196 218
106 142
88 123
32 133
39 227
63 225
232 252
102 77
289 98
23 121
287 103
294 90
86 68
83 270
47 117
91 134
77 287
166 257
219 233
177 265
120 255
281 85
103 145
94 254
233 238
193 238
57 227
34 127
275 82
146 220
162 204
77 290
185 260
99 119
209 244
172 258
190 230
45 231
95 76
87 136
189 245
284 105
210 224
47 204
30 128
93 59
40 115
86 83
44 227
74 284
67 276
64 270
164 261
208 227
277 92
88 68
84 79
63 275
224 231
110 241
69 279
63 290
237 233
93 145
106 144
35 221
297 99
107 81
36 137
224 239
288 79
198 228
27 121
105 82
138 210
70 289
135 216
176 251
43 203
65 269
82 284
278 80
111 247
186 271
283 92
112 133
36 125
105 263
283 80
282 90
200 235
291 105
203 241
161 207
201 229
39 116
143 213
103 249
239 236
183 259
91 75
241 244
200 234
218 237
294 79
97 138
57 283
98 247
281 104
87 124
210 223
229 259
102 269
219 254
78 277
225 244
150 198
108 261
235 242
50 221
47 202
90 70
119 256
43 131
26 125
224 237
47 114
234 243
283 85
43 230
95 129
162 218
85 75
199 228
64 210
96 141
167 254
159 263
234 239
53 216
286 101
41 116
88 69
64 212
106 132
99 245
70 284
141 204
35 123
162 220
96 71
95 121
103 60
91 260
219 235
101 86
22 127
274 83
50 117
99 148
199 247
206 241
207 228
147 226
207 236
236 239
102 144
273 101
55 219
105 84
107 120
50 232
156 208
75 270
45 226
110 131
58 227
86 276
196 241
111 133
103 79
177 276
221 236
179 277
109 74
100 269
79 281
97 126
239 239
236 238
214 233
180 254
59 217
45 212
181 257
43 115
274 89
141 223
106 61
40 217
280 82
96 85
160 221
160 212
230 238
191 238
154 199
100 68
82 283
62 287
41 124
108 84
91 140
102 70
102 121
88 134
65 282
88 86
155 215
110 260
110 83
75 285
30 109
229 243
201 222
98 74
207 222
107 268
187 234
210 241
97 143
41 110
37 133
227 253
148 225
230 255
295 91
110 254
227 233
109 71
187 232
281 91
24 125
299 87
178 278
50 205
105 250
85 124
101 89
107 258
282 96
79 286
109 80
96 118
98 265
101 59
169 253
37 126
64 268
152 198
79 285
67 291
282 101
94 59
234 250
159 220
231 232
113 253
66 274
92 257
162 278
155 203
39 109
48 130
101 74
201 234
90 81
206 231
231 244
98 127
43 126
105 125
280 106
52 229
80 274
74 267
22 125
277 87
61 279
203 232
106 71
154 218
156 200
112 74
189 232
180 275
177 272
185 275
79 273
40 114
35 130
39 118
226 255
93 80
153 225
108 247
198 242
107 134
180 266
187 227
192 237
235 257
75 286
26 119
35 128
277 104
185 267
203 238
179 258
202 240
105 140
78 293
102 260
175 278
29 132
242 240
39 108
279 82
97 79
33 137
167 266
45 124
107 140
49 130
187 268
71 279
117 245
231 242
194 244
160 263
298 82
105 127
90 127
91 87
208 221
115 262
95 252
210 243
51 229
112 243
175 277
177 281
285 99
75 281
111 125
163 258
293 102
172 250
43 207
207 244
107 122
192 240
234 236
67 267
87 130
94 266
284 92
149 216
70 278
98 82
222 239
226 248
142 211
118 247
230 258
152 218
103 67
56 280
206 230
199 238
287 84
101 133
96 252
170 278
235 245
88 66
187 240
212 228
67 285
86 139
64 275
112 259
159 207
221 237
230 233
237 249
275 86
296 80
285 83
181 276
163 262
179 269
182 264
75 293
97 145
199 223
95 264
72 283
151 202
53 204
77 294
135 206
98 136
85 275
208 242
69 294
86 75
64 217
186 237
39 125
58 273
163 218
49 112
167 278
32 108
179 278
40 124
298 86
90 136
56 283
51 224
36 122
99 62
105 136
145 207
49 208
73 276
172 260
279 102
160 262
95 125
85 66
148 210
89 126
88 80
47 112
180 265
274 85
227 245
49 125
203 235
62 208
168 277
135 211
76 275
298 83
86 143
116 265
81 284
180 256
52 207
218 238
43 212
63 268
44 124
227 255
233 260
291 81
107 76
100 61
43 130
171 257
185 261
99 147
90 128
87 77
277 86
190 238
236 246
206 244
285 77
139 215
215 244
146 204
26 130
213 229
291 92
39 208
88 64
91 126
204 233
103 78
175 268
109 122
89 74
65 275
95 131
38 226
105 126
292 98
204 234
90 133
26 115
230 232
96 83
218 254
60 223
156 219
99 243
40 119
92 129
50 114
173 261
106 129
77 278
101 259
99 134
217 245
137 217
79 292
70 267
141 214
104 251
113 270
108 81
205 228
90 82
89 136
172 255
282 77
58 221
182 263
293 104
45 129
70 266
86 126
275 98
63 279
161 216
228 250
77 283
144 211
234 234
296 94
111 78
188 227
230 251
48 220
104 267
196 231
206 229
32 116
230 249
95 146
80 288
51 127
208 231
30 122
92 141
213 233
190 232
217 243
88 73
89 145
170 261
84 284
45 207
65 285
160 257
49 117
60 212
113 245
52 221
224 249
78 269
109 67
92 261
234 242
166 258
160 210
58 289
179 265
134 207
85 135
140 209
118 252
93 126
92 253
157 270
92 128
99 80
103 77
45 223
157 214
56 276
35 215
203 233
178 271
82 269
38 218
93 89
217 251
99 73
33 111
153 213
204 222
101 265
100 259
161 261
171 253
273 100
75 288
290 86
141 221
243 241
112 254
99 255
158 261
95 119
279 88
70 279
106 252
56 209
150 199
98 125
186 261
151 197
86 131
198 243
98 248
235 240
153 220
92 145
60 286
94 259
276 91
186 223
59 216
59 272
204 243
281 97
48 214
195 238
293 90
38 137
104 70
97 135
63 286
69 283
108 132
97 68
121 258
191 235
35 121
96 81
96 82
77 273
276 84
148 201
143 214
73 268
202 221
290 98
142 201
91 258
74 274
41 133
100 89
220 254
203 228
220 258
164 274
97 130
214 250
62 214
156 224
284 104
89 142
153 223
48 123
22 120
84 286
58 280
99 246
47 116
278 79
170 254
169 273
100 249
293 100
93 77
93 128
62 222
150 205
119 261
39 223
37 137
62 276
173 279
117 250
118 254
87 280
114 266
223 237
238 242
35 110
186 226
148 200
96 143
37 107
56 206
205 235
96 263
177 271
115 244
231 237
106 247
72 279
120 251
81 282
227 232
51 223
212 230
138 213
228 251
162 256
69 277
106 270
283 84
121 260
87 138
111 250
237 248
101 251
62 278
44 134
44 209
26 120
162 269
226 261
224 253
169 259
298 96
93 73
35 129
85 126
26 116
75 283
109 69
108 269
143 207
235 251
65 217
108 142
177 252
281 79
68 274
197 228
91 79
155 211
213 244
175 280
110 265
165 252
37 218
205 237
159 258
177 278
173 274
158 264
65 294
194 234
28 113
212 239
68 282
167 251
287 93
241 247
98 246
187 233
96 78
285 79
92 144
178 265
179 267
240 247
153 211
46 118
183 230
116 250
272 85
96 137
231 243
97 267
52 126
158 222
111 126
31 123
181 272
159 272
104 65
179 264
162 264
33 130
56 205
201 226
201 220
295 88
95 63
32 126
100 242
100 67
202 236
202 246
200 244
92 259
209 243
93 138
50 214
41 210
45 227
152 219
179 252
109 127
156 199
184 268
100 76
294 89
111 242
101 134
96 247
286 91
37 212
97 123
187 266
46 220
60 277
285 94
163 212
41 119
75 290
117 258
94 144
159 260
90 80
75 276
220 255
178 273
40 222
203 225
44 214
46 226
60 290
93 129
46 117
202 242
171 267
157 265
178 266
47 228
75 277
271 95
42 108
169 257
166 254
104 265
102 270
272 95
100 131
16
