32
10000
21
252 339
107 68
180 294
219 78
174 421
140 197
429 100
361 399
176 244
132 11
63 31
354 193
87 124
318 11
56 421
246 445
369 269
126 435
425 220
31 119
113 258
408 55
27 295
23 202
325 254
438 379
166 117
335 105
372 338
73 367
14 5
94 176
31 216
171 294
373 331
74 350
232 93
83 375
67 28
82 143
30 309
424 381
164 416
436 85
125 432
343 206
321 273
80 376
12 16
25 283
439 209
37 106
416 52
16 195
113 278
104 123
264 351
13 0
363 320
338 184
335 256
150 197
19 14
54 40
243 449
334 187
355 267
327 256
30 191
427 62
319 245
177 258
338 113
48 411
114 244
414 207
340 179
166 439
428 224
363 287
133 193
232 339
58 22
332 121
331 22
122 71
434 224
35 189
244 433
251 436
144 195
173 423
13 6
147 119
136 181
174 106
245 434
0 20
83 30
380 282
78 26
177 130
6 195
249 443
426 381
231 432
218 69
370 180
380 284
390 54
181 427
361 253
32 197
120 200
167 286
177 134
185 285
89 188
171 311
342 190
184 419
209 96
25 134
136 212
11 191
8 10
420 379
139 21
95 165
399 69
104 161
97 62
164 290
175 430
422 381
432 113
99 53
127 65
143 197
363 208
187 255
373 200
195 304
174 406
40 296
442 225
141 440
236 345
135 195
67 370
74 136
80 141
121 429
363 392
330 266
434 221
310 263
245 354
358 278
210 63
320 20
27 282
101 164
22 195
139 205
186 288
148 22
352 104
164 112
358 204
91 188
136 432
181 287
184 248
108 269
46 287
95 60
19 204
240 428
81 373
68 352
375 357
0 18
363 197
129 22
93 140
361 416
354 387
101 72
383 268
186 246
341 124
98 256
138 429
266 341
67 350
368 253
164 250
136 429
257 323
63 19
89 67
79 382
181 249
204 79
405 51
359 283
123 17
57 34
38 128
418 40
173 414
398 56
362 407
29 222
437 105
246 335
337 106
20 120
361 337
79 125
361 333
13 192
376 266
354 276
19 200
120 21
24 102
422 111
14 126
216 66
18 189
76 365
252 440
119 56
129 449
371 328
36 426
433 119
81 135
438 378
96 55
319 272
122 265
134 8
120 443
29 13
227 449
7 295
361 209
424 98
99 260
412 74
105 162
114 272
90 364
18 16
41 200
122 435
413 41
436 399
55 439
100 73
142 8
75 419
157 102
140 440
259 345
374 281
378 349
309 248
345 410
349 90
226 90
29 116
154 122
366 407
41 430
328 270
34 99
105 52
62 435
215 89
30 123
20 205
253 319
109 247
179 440
384 326
68 355
334 241
48 417
183 244
415 69
108 275
203 68
316 1
429 97
89 163
88 70
21 284
426 56
323 265
216 86
240 340
75 363
309 257
438 103
237 333
369 389
401 69
437 208
187 303
363 253
356 418
82 190
425 98
97 111
321 264
80 386
224 74
165 436
310 20
191 289
37 128
229 69
178 127
317 245
270 336
77 126
360 271
99 167
355 280
72 17
18 279
56 404
445 372
37 196
66 430
407 221
155 198
345 191
44 29
246 444
60 37
47 111
334 94
127 6
256 433
174 227
18 191
161 123
369 203
319 2
18 13
39 304
361 254
338 186
47 411
357 380
63 379
93 106
441 85
165 429
65 358
10 210
67 378
177 289
336 11
163 304
157 420
324 28
190 253
173 130
324 22
317 250
367 345
76 169
55 431
16 294
121 200
442 99
411 208
24 113
190 306
342 103
228 83
311 240
330 85
88 359
7 292
378 352
179 280
38 283
131 433
10 20
416 50
120 435
344 256
315 13
335 124
360 347
178 228
348 101
64 350
355 333
20 102
15 293
427 375
68 430
419 377
1 21
57 373
351 100
128 17
332 100
196 299
9 188
146 186
68 381
422 41
182 406
210 91
410 224
391 62
423 102
425 204
213 90
18 192
113 274
369 263
40 426
11 114
70 19
159 130
133 6
265 439
179 405
363 405
93 56
379 266
415 232
63 439
105 57
358 194
109 57
234 447
94 117
39 427
86 177
445 374
47 29
221 60
17 17
174 428
99 190
373 267
188 428
127 28
113 239
133 202
48 425
106 240
47 427
183 114
42 205
319 13
33 196
419 217
202 86
84 370
232 436
141 182
125 426
68 12
176 292
81 169
65 437
345 198
248 357
108 443
124 442
379 339
436 366
112 6
398 51
150 15
87 127
347 110
148 110
224 65
365 284
259 442
23 296
316 23
231 61
67 16
52 18
59 36
166 98
74 38
330 13
220 70
337 241
310 241
350 382
9 211
180 237
402 46
79 360
52 414
121 69
312 1
53 26
427 205
323 247
76 185
87 129
131 264
391 67
205 80
349 408
381 397
119 432
248 356
366 354
132 193
252 360
109 187
55 28
345 196
184 119
54 428
72 43
350 96
73 348
24 215
154 117
397 57
338 5
230 77
183 258
22 183
255 441
149 206
110 61
236 337
80 377
67 421
38 214
76 350
318 16
247 344
377 282
380 407
173 441
445 378
337 116
28 297
324 21
73 13
40 130
5 208
427 118
301 12
381 331
409 233
182 291
71 38
358 344
221 84
27 131
29 17
120 78
344 408
337 187
434 393
109 69
86 190
170 290
340 203
445 385
41 415
18 187
412 88
174 100
355 105
108 257
161 412
176 119
436 103
73 39
378 392
340 242
125 243
117 270
423 212
42 113
132 254
326 20
337 181
56 436
362 408
170 411
259 334
150 127
443 111
385 275
368 342
121 194
10 187
136 177
368 336
144 177
371 344
41 197
141 21
15 113
421 391
376 318
112 442
442 227
99 141
178 301
342 394
175 406
95 72
334 195
377 329
30 132
149 1
144 427
354 339
163 258
108 249
164 124
136 6
413 233
335 196
82 379
148 19
347 397
437 385
116 274
343 200
379 327
172 409
331 18
379 332
234 431
404 37
166 434
163 295
131 206
145 442
378 274
376 332
367 344
378 336
128 437
333 89
321 247
5 19
17 207
345 108
81 381
144 3
41 112
356 412
352 382
337 125
377 391
229 80
145 5
448 372
168 423
207 83
350 403
437 370
95 167
123 245
120 261
22 132
248 446
189 244
181 243
175 417
180 433
116 10
130 8
175 438
13 129
196 305
104 74
39 214
40 293
168 283
41 287
76 121
21 182
152 124
68 32
355 380
99 87
444 389
437 231
364 320
420 214
435 94
381 277
324 96
114 61
182 296
183 251
175 278
324 16
37 137
238 443
115 240
99 156
179 305
215 75
372 382
249 446
329 111
147 178
323 252
8 16
195 250
173 309
375 323
192 282
381 266
305 9
25 183
62 417
24 221
218 87
111 248
349 107
384 341
124 191
131 16
94 171
95 132
54 369
127 181
317 236
357 255
365 289
346 94
76 18
347 176
360 333
356 262
331 12
433 90
341 89
63 356
84 358
7 210
420 38
354 185
170 291
439 396
60 47
361 283
244 437
67 411
328 109
439 92
146 439
71 426
120 63
132 179
189 231
95 73
120 419
123 187
54 424
113 82
427 234
348 173
158 237
110 169
365 287
120 448
23 217
18 309
366 183
359 199
178 401
357 344
255 445
445 396
311 263
160 107
98 158
311 264
257 321
226 74
362 330
32 10
207 92
369 390
180 410
335 8
194 425
83 177
408 56
89 75
60 11
114 262
349 91
128 250
357 284
246 440
184 120
356 257
243 427
440 213
337 118
318 5
29 208
266 446
395 40
172 229
72 137
194 252
46 405
91 108
340 115
339 269
159 423
107 66
153 133
170 305
133 199
30 288
170 256
99 128
12 12
128 268
179 313
373 279
111 76
98 83
94 185
164 420
338 246
217 93
341 187
315 107
21 218
86 127
155 426
71 30
95 56
42 122
438 389
331 123
17 307
442 375
65 367
330 17
173 401
53 403
363 285
157 249
109 250
320 91
362 390
89 368
24 103
9 6
415 67
439 112
108 243
265 332
235 443
52 410
74 431
74 177
316 3
211 81
320 271
365 337
124 418
231 66
77 137
338 114
35 218
68 17
85 142
54 432
416 62
73 18
115 259
89 363
267 326
171 103
83 130
31 218
70 418
196 238
349 196
150 20
322 271
180 107
253 333
431 374
49 16
195 282
187 304
131 441
170 242
345 256
328 107
433 88
15 204
67 361
81 361
439 219
323 12
347 103
419 107
24 305
174 114
381 340
69 407
424 221
115 78
328 1
324 102
161 409
226 72
112 260
227 439
142 215
389 50
382 330
308 4
59 436
364 255
413 91
186 437
169 251
68 386
187 416
354 211
95 54
123 15
343 198
62 372
163 109
97 268
92 177
237 331
323 266
367 260
252 347
172 127
93 369
111 238
83 118
72 386
324 240
335 238
43 295
95 115
141 215
241 343
411 215
174 429
82 189
367 339
90 132
138 20
189 412
61 437
265 338
86 359
375 320
69 405
330 112
364 330
436 217
36 99
176 245
191 426
321 112
359 257
80 351
104 167
189 430
119 23
94 110
370 263
56 368
64 370
332 13
366 403
21 202
151 114
101 132
401 57
6 15
255 447
73 363
154 108
330 93
242 329
181 411
83 166
414 217
125 7
388 277
252 444
121 433
60 28
332 255
137 208
200 297
17 183
206 85
104 67
116 1
163 426
182 312
16 206
181 285
140 199
161 119
334 247
393 42
43 284
130 17
361 208
186 234
38 109
108 239
359 353
140 425
154 110
332 124
427 216
86 178
98 122
378 404
440 90
30 188
339 265
383 261
115 419
90 161
136 196
411 91
169 292
209 92
419 387
334 93
66 380
177 226
435 84
356 413
349 105
371 414
179 426
444 114
348 108
48 408
75 375
17 195
13 109
420 115
375 352
374 388
410 93
87 107
253 359
252 446
167 246
59 423
206 68
139 198
399 58
29 306
97 156
356 328
50 428
378 339
44 32
183 303
152 15
433 213
110 184
361 328
150 187
13 186
142 10
448 370
90 167
202 70
182 421
23 287
265 443
71 381
419 239
100 185
135 440
422 235
262 449
133 422
365 404
115 67
48 440
384 283
95 173
180 404
188 297
179 303
264 440
45 118
147 21
200 76
372 344
186 250
186 426
161 293
255 335
32 206
158 106
435 96
127 205
91 374
367 340
137 435
113 266
433 201
363 387
206 94
220 76
33 284
29 295
347 413
188 307
361 207
359 392
176 411
131 435
14 307
407 227
77 349
29 206
182 278
333 237
311 12
43 289
65 356
130 438
181 115
422 214
207 71
352 206
374 325
257 346
153 186
195 307
256 338
59 45
42 124
187 282
422 213
134 442
357 388
37 298
118 8
85 128
25 306
99 193
365 341
348 391
126 69
434 101
188 280
215 93
314 268
153 120
424 227
406 65
226 66
21 303
55 360
425 117
269 349
153 118
358 275
309 255
172 411
140 201
29 189
436 209
63 352
403 71
109 431
86 382
10 207
360 260
364 191
126 19
120 15
10 299
443 383
108 87
158 429
128 251
130 247
314 31
226 440
214 69
182 263
30 217
436 90
185 256
381 355
431 368
17 117
107 429
16 7
84 141
224 77
422 65
47 296
88 66
418 46
125 249
267 332
96 122
16 129
172 296
222 89
23 1
424 217
181 257
46 425
333 5
231 91
70 16
23 188
212 77
431 81
19 290
317 97
40 310
423 99
443 98
382 266
412 75
133 185
100 272
439 395
91 132
27 112
145 0
199 77
144 21
185 427
178 291
173 233
353 110
302 5
434 213
429 119
374 402
45 288
435 102
199 286
358 261
436 225
29 139
345 104
337 12
311 9
326 262
194 418
55 40
363 384
16 296
439 234
429 208
344 201
91 67
339 99
229 435
314 21
171 276
334 104
41 412
77 164
184 423
368 259
101 136
64 354
253 356
419 109
359 410
25 313
445 218
23 193
401 45
23 107
368 401
334 101
75 20
169 302
316 101
130 425
148 12
30 135
28 133
157 195
419 115
328 16
53 21
21 297
110 166
436 234
210 77
424 57
67 125
30 198
317 113
231 449
327 21
185 241
161 108
30 109
40 420
409 224
417 91
328 104
333 239
245 352
421 240
316 24
131 438
364 407
42 293
104 117
438 106
234 71
46 32
313 30
129 428
13 299
442 92
410 100
133 261
344 191
169 436
437 367
179 106
116 429
82 144
434 391
21 8
389 263
416 43
19 292
373 411
53 23
165 404
183 307
28 200
188 251
333 253
373 195
226 68
106 126
376 406
387 265
429 99
169 254
432 399
3 206
147 204
133 435
134 179
338 255
159 199
105 166
438 105
339 121
326 19
185 422
11 205
315 6
185 120
17 129
93 75
61 383
27 191
177 243
439 394
385 327
369 273
382 341
442 398
422 205
86 114
221 85
352 213
183 109
146 121
316 0
147 197
350 412
78 130
25 189
108 82
433 387
367 284
74 20
313 241
87 367
440 232
108 71
371 189
265 442
224 85
227 70
154 420
439 94
393 47
357 381
47 417
192 426
223 91
438 234
423 68
103 194
101 269
441 212
249 324
439 96
15 202
150 196
135 210
314 105
258 341
90 172
142 5
73 130
264 332
235 444
104 134
181 413
64 437
326 273
425 391
28 1
10 188
144 190
232 433
118 19
313 3
373 355
351 265
8 25
58 439
88 376
381 258
36 285
138 420
212 63
367 322
78 128
169 115
148 112
22 218
319 241
106 183
378 340
13 124
438 368
36 291
252 442
98 140
366 401
382 253
130 417
368 334
30 218
172 275
113 68
425 56
325 249
344 194
150 208
23 11
422 387
78 112
121 427
203 76
361 184
306 13
419 56
104 254
367 357
419 83
368 281
151 12
419 211
229 79
103 269
96 142
141 190
182 404
45 114
115 277
122 441
27 192
49 38
89 129
124 30
215 97
416 90
441 383
57 370
37 291
318 14
378 409
96 255
378 328
373 345
13 190
428 109
87 145
22 296
106 86
53 41
363 198
58 409
366 379
117 7
349 206
142 0
78 40
315 249
101 129
23 134
398 45
360 339
425 228
126 432
113 177
97 122
35 185
112 423
60 14
332 247
185 274
178 426
182 285
427 222
153 185
27 129
36 123
400 57
61 408
424 66
68 20
101 56
132 183
197 283
102 256
35 210
338 17
355 335
13 309
83 132
441 95
330 246
425 48
178 402
152 206
425 88
360 404
7 8
70 24
377 353
225 86
125 439
181 403
357 333
409 101
438 111
166 114
189 287
358 389
440 374
251 319
106 48
114 238
17 8
130 208
334 11
379 397
338 16
152 196
69 28
418 381
312 254
101 60
327 114
36 216
166 290
231 448
51 425
353 262
424 233
44 427
134 194
164 236
27 183
19 286
180 418
92 128
142 194
392 334
152 186
22 189
424 213
244 430
260 348
392 49
20 119
357 396
399 47
346 109
353 194
372 272
74 353
187 284
322 97
254 449
393 56
428 228
318 31
417 107
397 60
375 283
308 264
32 113
120 426
372 345
411 92
361 321
117 263
257 443
207 62
8 192
16 199
33 288
68 119
27 103
437 205
412 48
68 378
358 331
376 341
73 37
446 386
345 106
102 119
357 187
95 122
385 328
34 113
224 95
449 105
415 229
256 356
186 300
113 443
35 108
166 286
105 239
124 65
12 293
92 170
369 288
138 26
408 100
442 115
224 96
212 97
343 399
194 244
139 434
368 340
25 123
426 207
425 49
11 305
9 200
105 124
414 97
270 337
98 78
213 83
234 75
438 388
423 385
174 225
61 44
93 71
418 90
416 63
168 279
176 287
90 62
103 73
301 20
23 284
71 413
321 266
21 107
100 156
123 9
330 14
108 440
307 262
331 104
26 107
299 12
181 108
188 430
150 109
32 138
245 337
126 64
376 405
430 210
328 116
107 65
344 399
381 354
263 356
441 98
246 428
316 236
12 120
12 308
136 417
76 184
340 207
232 69
306 246
83 181
110 433
94 156
188 283
80 27
169 135
114 74
337 110
7 24
440 221
93 112
126 202
113 86
322 250
413 58
176 296
350 269
108 262
68 422
353 186
258 437
39 130
38 411
90 377
253 442
436 383
409 208
108 435
418 235
443 106
449 106
175 112
28 130
422 366
36 125
26 103
68 129
350 275
18 312
435 397
358 415
351 104
435 367
363 401
44 112
439 87
186 258
90 170
107 239
339 101
317 21
375 408
86 109
366 344
437 225
420 99
329 241
95 171
154 191
383 267
210 94
68 376
370 203
367 261
26 186
437 113
41 106
236 343
151 111
411 57
433 209
175 419
142 186
138 443
66 349
378 286
137 440
367 286
342 251
429 384
363 191
208 88
68 128
100 262
363 400
131 26
321 6
263 324
330 241
25 285
131 421
310 7
437 220
108 78
62 354
431 120
150 184
59 25
377 264
130 3
32 6
107 172
158 193
395 60
172 313
121 252
365 178
170 306
364 334
37 102
121 64
428 240
162 288
443 110
331 244
309 242
64 21
167 294
16 133
225 88
55 26
347 94
313 20
110 254
233 65
115 20
437 221
72 14
324 251
174 253
37 289
19 193
410 108
48 22
343 189
371 183
268 348
440 365
36 213
321 109
326 28
433 114
197 286
411 224
158 417
368 355
37 123
368 184
226 81
36 114
196 281
94 113
73 110
221 58
120 8
333 270
127 446
185 231
89 59
94 170
148 121
22 102
383 347
125 211
338 10
335 245
167 101
384 331
65 24
308 242
30 134
327 248
132 211
437 372
184 438
69 115
116 250
325 109
166 298
41 204
135 441
74 120
353 411
125 442
225 67
56 23
108 425
441 219
179 239
88 191
400 36
155 124
172 106
442 108
214 80
118 51
69 44
91 184
152 208
223 63
333 259
142 205
415 222
113 268
160 125
168 128
108 431
240 447
426 65
379 283
259 356
442 395
363 419
312 3
22 304
428 55
150 193
401 74
227 94
438 396
170 110
144 442
10 206
71 435
334 12
430 217
74 375
126 418
113 52
164 430
427 227
414 69
110 59
237 327
171 410
331 273
349 189
261 348
139 440
101 274
171 224
69 34
118 424
26 188
53 17
423 216
128 211
188 252
102 258
93 124
110 432
414 74
176 402
329 99
170 258
188 409
133 448
58 24
379 396
358 280
344 107
139 17
415 215
265 341
32 300
416 228
57 432
422 63
60 17
260 446
88 372
66 437
59 416
420 97
171 253
56 439
23 299
321 105
34 296
157 424
191 422
10 211
133 7
322 245
436 100
169 109
21 212
129 205
107 254
158 103
86 135
433 104
405 221
250 355
375 399
208 64
184 275
12 302
8 292
141 11
308 250
233 341
43 427
212 89
167 245
375 358
302 19
57 361
356 396
413 93
205 63
383 341
442 382
433 202
371 281
48 45
15 110
162 103
362 177
23 282
234 92
173 406
45 301
34 5
368 261
175 261
320 1
378 357
77 113
185 437
94 175
369 340
62 37
116 426
187 415
185 284
74 349
163 124
238 327
178 245
160 248
38 205
377 343
124 69
66 377
360 398
424 388
156 116
118 435
70 376
365 357
336 108
79 371
121 17
251 346
324 14
76 176
312 21
183 277
13 282
383 325
109 432
174 101
409 71
330 99
65 409
429 79
351 270
56 30
33 218
96 178
227 95
66 369
407 49
386 261
361 281
151 103
192 242
45 438
347 190
419 113
182 126
393 55
61 42
374 394
416 95
166 118
83 169
96 256
166 299
26 275
36 282
166 227
141 177
172 277
424 206
11 12
144 206
107 242
346 204
332 5
126 192
158 244
26 206
126 60
367 185
183 246
402 56
159 116
118 270
67 430
439 207
402 68
417 64
344 388
363 263
135 5
23 308
320 241
435 114
40 427
120 241
77 38
49 440
162 408
25 299
185 305
352 280
357 262
134 7
113 419
88 133
73 420
419 38
413 216
323 110
208 93
225 60
79 349
336 196
31 292
75 178
6 204
104 190
320 25
236 85
155 114
361 386
433 374
119 22
110 241
372 399
21 281
69 384
228 444
341 115
181 247
170 424
11 1
377 256
93 162
418 219
251 426
348 390
327 10
26 7
111 257
265 444
325 242
308 260
251 357
328 265
34 192
52 23
449 388
352 199
416 222
167 121
120 240
19 221
426 60
251 336
37 112
433 363
115 52
128 256
416 218
48 122
86 380
67 383
182 298
307 259
110 51
76 37
176 417
126 17
334 265
109 275
117 448
80 368
104 175
343 262
138 422
397 63
180 252
334 245
91 142
124 420
136 203
229 82
312 6
117 11
435 373
254 332
412 223
255 432
255 436
442 229
305 254
176 425
176 441
91 190
146 435
373 400
192 295
119 54
331 86
423 391
69 132
18 209
155 423
172 290
148 125
417 220
74 25
373 320
42 288
231 85
107 67
64 15
86 186
164 406
13 310
75 121
61 438
443 391
358 393
122 199
114 76
402 47
132 18
173 257
362 417
251 339
140 188
3 201
259 352
333 13
194 254
238 436
16 212
23 314
235 91
13 22
202 69
51 408
428 202
164 104
86 354
95 248
423 380
79 164
369 271
89 164
71 114
415 210
95 192
61 18
134 26
107 80
170 108
43 129
422 391
178 256
447 385
194 281
99 74
134 214
333 268
358 396
374 321
389 338
336 111
331 9
51 17
259 447
353 280
414 215
360 392
310 256
183 237
102 252
231 443
246 442
44 415
85 173
227 445
117 21
56 355
362 278
367 249
147 188
434 89
121 432
253 437
337 255
336 254
403 43
17 12
357 193
307 22
164 243
70 116
95 260
18 119
46 288
25 197
378 318
236 75
358 181
150 201
336 241
125 28
343 118
323 29
20 297
236 74
358 203
73 17
132 261
80 373
80 363
433 393
259 344
189 257
26 300
100 182
61 40
76 179
107 175
38 211
364 337
311 242
170 100
170 122
32 8
356 387
379 347
331 247
70 112
139 430
90 143
107 244
151 9
33 187
367 285
437 378
104 191
325 89
177 407
377 400
186 276
39 212
425 368
125 268
10 203
183 263
385 337
174 400
33 293
144 440
141 441
322 238
30 294
240 342
76 114
354 404
187 290
143 2
140 21
232 91
421 107
421 82
174 134
123 194
101 189
118 24
56 442
168 303
407 35
97 73
327 264
130 264
340 92
184 256
71 44
408 228
329 243
119 262
310 268
89 160
127 211
60 438
431 231
341 195
3 202
90 182
155 421
119 266
425 53
217 88
34 311
414 228
388 336
410 59
419 236
163 132
134 21
99 185
228 445
235 89
429 382
66 405
157 430
438 221
41 115
93 118
251 333
128 195
437 392
233 71
105 250
148 206
126 428
409 232
87 70
358 201
423 383
258 447
118 25
6 24
377 257
56 365
23 215
203 90
144 443
37 100
311 18
326 27
18 103
139 195
337 117
118 444
342 263
436 359
33 120
115 264
234 443
87 144
168 100
145 185
358 329
87 191
178 417
158 198
439 109
120 28
364 417
151 192
68 431
130 21
102 185
448 376
220 98
237 88
430 90
32 288
77 33
259 330
234 79
246 438
63 35
57 431
361 353
139 431
408 230
424 209
348 174
412 111
239 440
380 333
117 269
100 260
39 411
385 330
127 74
62 424
110 246
78 180
382 326
145 179
362 191
149 185
114 64
188 239
447 107
339 106
370 191
39 422
384 280
72 377
122 269
95 184
171 299
131 215
112 241
337 267
352 111
252 351
249 440
81 165
24 286
368 387
234 340
81 168
17 10
28 102
14 294
319 99
164 238
191 303
114 12
344 387
10 218
120 65
233 84
414 39
437 207
361 397
305 10
184 258
93 132
203 86
433 369
259 357
88 183
65 363
233 63
219 83
311 265
54 414
114 56
89 362
185 238
57 51
111 60
227 93
45 406
351 395
220 74
256 330
439 371
21 134
356 383
132 210
131 437
391 340
223 62
403 45
95 188
219 90
435 216
327 6
134 9
174 296
59 13
51 407
321 5
16 6
57 420
375 346
16 301
84 143
128 5
299 13
237 334
38 307
60 402
124 3
447 371
162 249
379 408
54 45
164 297
53 35
168 124
359 404
271 345
331 96
126 422
327 106
374 386
315 11
52 402
23 130
10 119
94 155
170 298
249 449
114 446
250 354
315 109
41 418
125 428
22 196
222 62
379 282
109 173
89 123
428 112
422 102
369 279
427 90
415 238
171 259
119 421
398 70
116 59
345 113
76 19
90 187
366 194
349 398
135 432
446 99
113 432
73 25
17 197
255 319
415 49
421 369
131 186
359 416
160 194
428 91
409 35
271 344
38 193
368 180
377 356
93 117
196 247
85 123
149 113
368 392
432 100
343 176
333 8
125 4
55 50
408 215
68 411
102 184
348 195
161 135
236 336
45 285
58 375
220 64
162 232
28 122
246 447
380 354
384 354
369 348
426 109
268 329
61 364
426 64
412 38
133 419
236 341
132 420
230 86
104 116
27 10
413 72
81 163
365 393
172 131
58 29
185 430
12 114
254 342
191 299
45 437
92 79
157 241
114 448
164 434
367 195
53 439
72 49
359 209
374 265
68 19
235 336
375 259
160 116
419 384
369 418
316 10
441 221
415 44
204 82
343 101
56 43
40 200
59 380
426 202
131 31
311 245
390 45
190 308
39 303
356 261
164 305
43 429
356 349
310 242
147 114
151 186
121 260
122 420
92 117
10 5
165 134
193 243
140 430
100 257
388 349
122 271
163 230
64 364
178 304
174 116
67 349
150 108
115 443
175 124
433 111
59 365
21 296
178 235
424 87
424 120
182 252
28 314
310 30
333 14
367 337
89 184
177 419
321 262
132 208
144 192
331 254
147 195
346 110
39 110
333 117
12 6
416 208
72 37
143 180
308 23
227 84
188 236
43 37
430 109
303 9
43 204
388 49
257 336
141 446
229 75
341 253
80 134
300 12
167 111
341 86
368 320
227 63
335 85
331 268
151 126
123 430
95 139
175 418
361 188
369 352
148 214
357 336
254 426
415 233
380 260
26 21
366 414
343 255
403 63
67 47
34 283
368 332
133 263
137 8
436 211
148 202
265 449
226 63
144 434
37 429
321 10
114 9
449 384
164 131
97 258
122 4
29 129
316 21
324 19
5 21
238 448
348 385
241 329
417 85
430 101
339 188
232 441
350 271
342 193
335 265
104 118
100 189
12 1
317 17
49 410
80 127
68 33
364 331
107 247
387 55
34 105
10 192
359 206
42 130
370 182
394 56
338 182
327 274
211 77
428 234
356 336
375 344
17 107
40 120
61 23
422 372
371 284
389 55
356 267
233 436
131 428
339 243
368 266
373 189
182 414
228 441
357 269
86 363
407 212
209 88
40 295
303 3
90 66
365 273
37 313
431 107
234 78
84 187
343 93
175 232
54 410
222 66
11 282
345 110
144 429
219 96
302 22
99 164
184 414
364 269
138 12
255 328
102 180
66 433
414 86
371 334
13 115
19 276
66 32
63 377
102 57
106 88
95 57
64 431
34 10
420 87
184 413
441 225
111 83
431 108
420 378
229 63
363 356
90 131
75 120
438 214
157 121
77 352
125 417
425 118
313 245
188 415
421 388
169 122
141 217
324 27
355 254
131 430
101 137
27 220
48 109
124 73
266 348
228 94
122 419
364 283
172 295
336 255
262 445
359 332
12 5
323 10
194 420
158 126
365 265
23 292
373 327
66 423
202 67
369 398
90 355
19 222
149 8
170 293
84 110
112 438
440 91
91 162
74 138
100 53
73 380
438 116
126 13
149 11
76 29
78 378
92 60
77 141
109 51
369 343
179 423
237 439
42 298
92 363
186 286
77 363
31 98
411 217
304 24
61 350
182 232
332 9
105 134
12 281
81 105
58 369
264 341
106 174
74 126
2 1
30 116
189 246
71 378
246 331
433 120
118 426
29 182
106 189
353 279
147 192
254 330
22 211
226 78
113 16
54 437
29 195
245 356
333 246
221 71
61 373
136 197
129 31
445 108
435 111
171 282
78 23
334 100
338 253
125 184
220 69
354 342
239 445
2 10
384 339
425 227
338 243
182 226
378 265
220 73
11 209
423 230
170 261
183 313
176 422
335 189
32 303
372 194
438 94
53 373
422 55
169 279
182 107
129 430
31 291
135 9
354 178
392 61
126 204
170 101
140 1
378 398
221 65
413 220
100 193
246 332
360 389
419 385
114 5
167 293
344 94
99 61
323 106
242 327
173 226
119 441
103 50
112 72
175 308
338 106
127 71
307 257
10 307
370 269
76 417
161 99
171 231
182 297
239 328
351 392
218 63
407 69
350 404
155 121
159 240
383 355
190 422
63 24
374 319
40 194
51 420
19 202
131 4
411 45
118 63
352 277
178 133
48 37
316 245
443 227
38 189
434 117
191 414
332 110
250 320
191 250
64 43
28 108
171 289
106 254
171 426
329 85
69 118
123 81
64 377
62 359
37 286
346 118
113 428
171 256
79 107
160 100
22 198
27 13
351 118
38 422
183 406
34 202
61 35
14 218
178 439
66 363
228 71
159 198
102 272
175 254
183 291
253 351
15 1
347 96
106 246
11 308
432 395
414 224
156 416
349 405
180 259
119 275
121 257
324 265
16 309
112 83
113 180
321 257
180 308
348 408
230 70
438 88
133 26
187 277
157 409
137 442
267 330
329 104
421 222
62 46
49 419
374 260
96 188
170 116
31 213
33 217
30 276
69 130
130 26
163 238
421 389
370 258
52 17
94 112
330 88
374 337
32 184
156 425
364 250
185 236
5 10
446 397
93 115
85 188
393 49
121 82
264 330
66 416
109 262
152 205
63 382
101 115
9 212
358 390
364 279
303 10
164 287
134 18
384 255
12 291
7 193
319 12
335 23
104 270
438 112
402 36
132 202
432 388
15 284
108 169
329 112
359 387
447 97
61 358
184 245
26 129
73 42
219 64
375 325
332 259
382 267
12 19
323 6
310 6
193 419
353 209
99 182
260 333
429 371
55 429
369 318
440 397
18 196
35 281
431 94
51 115
174 283
356 175
80 191
144 205
242 449
344 258
331 253
369 334
178 434
192 238
16 130
423 84
166 138
426 363
428 103
409 75
87 179
124 249
30 202
206 64
128 441
317 270
9 8
432 217
187 293
195 297
184 302
22 210
70 370
349 385
414 44
359 173
27 210
71 411
206 80
123 439
374 255
122 272
347 181
38 412
353 210
214 62
141 185
356 204
115 82
133 416
167 257
378 411
146 204
14 196
344 261
390 269
362 251
186 122
306 0
154 132
187 247
255 433
172 428
331 122
74 383
182 235
180 117
333 250
397 52
322 253
113 184
88 141
186 255
431 91
430 385
325 119
130 189
88 356
191 411
424 224
149 214
161 256
188 241
81 122
126 209
439 221
386 280
402 67
159 244
140 422
86 104
180 419
81 113
62 407
255 339
62 431
29 310
350 180
243 431
371 391
57 367
31 125
410 71
70 353
37 109
130 251
340 191
382 329
18 285
158 190
375 337
84 380
137 19
71 128
103 87
106 276
176 437
262 330
50 15
117 3
166 427
154 130
440 209
179 277
45 287
391 343
408 223
262 434
156 430
354 334
369 345
112 84
434 382
172 302
67 413
18 109
170 112
102 138
259 321
102 265
162 420
214 64
143 207
73 43
336 2
357 179
76 138
318 99
244 426
328 7
27 14
168 243
26 116
180 236
30 6
68 356
443 372
123 18
122 443
375 282
111 55
189 435
75 183
115 66
189 429
327 91
92 183
347 107
28 312
331 20
428 211
353 173
177 439
260 331
188 301
207 79
357 189
350 98
263 445
127 200
153 129
355 188
163 243
427 368
344 121
119 259
90 180
336 190
321 240
371 409
71 130
350 105
397 45
411 213
37 294
184 415
22 190
414 75
106 54
230 73
268 336
106 275
32 209
133 429
52 424
73 48
50 40
351 276
360 173
214 78
165 298
173 415
24 301
125 253
357 385
229 62
129 421
118 71
20 185
136 12
440 379
152 102
102 87
349 109
29 214
329 259
78 106
316 244
92 111
356 334
118 445
60 439
223 81
174 131
334 4
40 121
411 211
85 354
380 254
81 29
441 368
124 188
251 442
430 224
20 21
156 206
45 32
72 383
320 97
80 31
334 268
438 224
98 255
0 9
106 192
15 8
361 406
237 326
320 30
364 207
21 291
339 87
352 415
369 187
40 431
64 416
107 253
51 120
362 356
417 41
384 261
96 191
179 279
426 367
216 95
195 285
41 282
336 263
332 264
17 306
33 307
47 129
110 48
58 50
54 43
20 299
43 408
87 164
372 273
24 303
175 113
77 16
14 302
436 376
50 407
363 181
83 32
301 5
143 205
53 371
319 7
93 171
76 368
23 112
58 356
39 117
62 28
428 87
59 363
85 135
71 113
376 261
34 303
183 232
120 245
178 296
20 15
25 194
159 411
121 72
181 252
111 249
168 282
371 386
407 58
137 198
414 218
230 440
133 197
95 138
113 179
165 408
162 424
86 367
131 12
98 65
11 192
33 310
52 401
426 224
179 241
80 137
82 161
157 425
299 8
119 55
159 234
345 192
57 27
170 225
62 375
32 129
82 172
185 288
102 68
367 181
114 433
84 178
388 275
78 367
32 133
337 95
385 338
99 56
368 192
362 270
118 429
385 261
127 201
7 12
82 106
57 371
103 250
371 394
124 259
18 108
16 287
396 43
321 2
361 205
384 278
259 448
330 124
141 212
178 264
315 244
140 427
136 441
14 17
213 87
44 433
125 69
172 260
21 132
379 356
112 270
151 14
17 216
318 253
380 323
73 428
334 120
177 278
191 412
111 180
413 71
368 178
107 163
349 212
432 228
25 138
104 115
192 414
16 120
368 269
376 264
76 46
184 276
374 258
45 412
254 448
90 158
162 128
239 334
180 226
184 254
428 51
99 73
12 217
75 356
428 380
34 211
106 267
354 187
40 113
424 392
238 329
174 244
143 1
169 233
175 404
96 157
97 191
419 48
189 306
180 251
133 196
216 94
171 425
171 414
437 398
230 92
360 266
373 329
198 284
64 434
72 357
171 283
242 345
354 102
391 346
87 104
87 364
127 206
425 105
229 83
201 82
38 299
145 22
89 108
76 352
359 212
407 225
406 51
190 305
58 401
103 59
97 177
68 357
56 416
19 0
421 237
94 127
171 301
387 324
411 106
93 108
185 411
70 37
188 227
111 179
174 120
384 272
88 362
162 292
377 268
442 232
323 122
90 190
358 332
18 112
87 143
415 230
115 176
432 118
378 254
106 119
70 47
89 373
139 443
48 405
81 184
60 378
133 213
384 263
138 199
26 117
150 198
347 386
351 109
44 303
205 66
415 206
70 36
366 323
372 263
385 343
327 4
365 322
352 201
436 391
417 106
134 424
240 341
333 18
373 330
193 297
183 128
84 161
352 401
63 52
361 384
57 374
104 188
337 196
109 272
121 441
91 56
154 183
369 341
107 272
63 43
347 119
158 238
89 194
72 431
52 425
193 251
71 374
27 1
126 258
267 345
369 188
51 428
356 209
15 186
184 116
87 182
112 15
38 119
370 183
424 113
39 308
411 69
327 118
108 166
80 39
333 238
72 16
371 408
179 113
110 267
177 264
66 24
171 114
401 41
14 3
115 23
69 133
62 351
186 416
219 69
419 94
82 381
167 281
364 277
47 118
55 412
102 157
316 241
418 65
89 367
316 106
446 101
37 425
172 287
167 426
339 90
442 379
183 420
155 108
242 328
239 78
116 53
379 340
22 107
259 329
42 415
8 2
205 89
244 449
331 117
325 268
116 16
445 381
185 261
21 314
44 38
165 405
104 158
168 108
72 410
166 437
184 107
83 114
27 285
177 231
12 194
355 203
80 43
52 367
374 400
424 230
334 259
349 180
425 219
145 196
205 83
422 40
368 382
424 107
318 255
343 250
207 75
74 108
343 106
261 433
261 349
199 82
268 349
320 18
83 140
176 239
338 109
172 309
67 428
160 406
113 62
443 105
321 116
61 377
449 375
413 222
209 84
22 1
82 128
270 345
34 133
238 351
359 418
325 263
168 135
116 23
172 227
162 104
163 409
178 112
82 349
363 336
128 418
135 183
136 213
425 221
136 21
343 197
372 267
34 117
440 368
95 70
429 118
239 77
122 26
95 71
373 387
189 236
0 7
13 9
320 111
143 15
128 3
434 90
8 4
52 408
236 444
67 119
239 336
365 202
115 438
46 427
407 45
225 87
341 109
136 191
126 260
38 209
411 67
46 128
23 305
79 171
219 99
341 190
97 117
331 237
214 85
193 250
81 364
81 162
367 393
79 115
166 124
422 96
366 268
93 76
174 245
375 289
102 78
30 216
328 11
53 409
343 113
162 130
31 111
14 300
355 400
58 423
344 411
169 132
183 422
121 426
130 268
117 251
118 16
369 407
81 384
98 176
105 268
379 284
379 401
353 399
153 421
56 50
322 94
375 348
215 72
78 108
326 247
329 237
35 293
363 337
250 449
362 394
92 80
373 187
325 6
132 1
418 234
238 340
165 307
78 169
354 386
82 163
107 71
68 126
81 359
88 109
349 415
28 139
52 431
141 197
69 365
43 107
196 297
322 273
424 89
122 240
328 236
325 25
256 341
168 236
434 233
61 382
207 85
163 129
13 297
358 394
102 261
42 294
321 95
247 345
126 15
55 373
61 423
352 399
261 442
238 352
50 124
41 421
82 167
151 211
430 117
212 76
416 53
349 411
248 442
365 176
254 334
108 164
125 423
171 237
238 353
382 271
334 196
45 122
73 387
312 28
36 129
181 228
72 34
330 86
347 95
319 267
84 372
4 7
334 194
270 338
120 263
418 84
80 364
130 182
438 82
234 449
129 271
342 206
421 58
14 23
258 444
355 328
352 393
166 294
385 324
329 234
61 51
108 72
46 300
154 421
187 437
310 248
235 335
353 275
371 353
322 239
94 184
73 38
390 331
45 303
193 417
410 70
99 257
409 219
38 113
420 220
381 349
55 44
430 388
113 168
358 189
444 100
115 56
171 102
80 112
354 190
167 435
172 113
74 16
116 242
84 163
26 1
444 216
25 211
41 122
251 321
89 159
79 187
121 59
17 285
123 196
180 288
116 81
171 413
247 359
362 398
93 194
351 398
120 199
74 373
28 185
345 407
180 126
107 76
229 94
77 26
154 209
51 430
64 369
85 368
155 112
350 97
35 216
140 28
245 347
55 46
348 103
421 46
176 277
371 192
99 136
36 122
245 443
21 111
164 128
190 245
264 347
98 118
172 134
366 383
427 81
357 382
204 87
28 137
268 352
131 6
161 436
103 116
183 408
423 235
342 104
370 318
265 340
141 10
395 68
245 328
35 289
320 9
169 440
56 27
202 66
127 8
134 207
138 191
156 122
140 435
120 244
344 203
125 416
82 164
251 427
23 208
69 415
105 274
124 70
74 30
156 118
61 357
411 53
324 25
351 413
74 121
19 196
368 194
6 206
43 128
26 209
360 210
170 248
374 393
323 258
130 179
119 51
375 396
355 175
328 122
144 186
169 435
176 130
196 248
219 94
44 307
53 27
337 269
362 274
42 291
320 107
103 181
415 226
116 77
419 215
379 269
158 249
115 50
423 66
13 187
181 122
80 355
167 283
74 173
10 13
418 85
365 258
328 123
347 112
54 36
142 27
85 161
26 286
438 232
414 90
330 28
331 250
52 435
135 216
122 267
177 309
175 285
423 60
367 182
37 187
122 427
142 213
162 114
215 67
235 432
369 265
152 209
171 296
333 241
312 8
95 194
52 29
118 419
126 194
31 206
445 393
76 116
78 138
325 116
164 432
53 42
67 126
355 109
186 238
179 283
105 71
247 325
360 254
175 111
146 26
328 13
191 293
310 255
430 373
168 250
109 244
135 189
95 136
25 304
253 432
106 53
169 418
16 197
134 434
326 238
41 101
122 198
441 224
93 166
179 259
227 69
138 205
373 325
22 289
347 184
177 109
172 110
12 305
71 430
195 292
189 407
341 206
260 352
189 249
13 188
69 122
227 86
357 202
361 322
120 57
170 126
361 405
359 189
353 98
380 257
113 430
261 340
75 417
368 385
317 246
39 418
339 202
30 291
355 384
362 262
356 195
175 303
103 119
105 257
324 1
118 241
234 330
72 427
175 424
323 271
152 111
5 9
370 394
352 340
34 11
113 174
98 174
176 246
137 213
177 119
109 257
250 357
174 414
380 258
66 417
125 8
341 404
41 292
352 109
142 444
420 108
119 13
58 14
133 27
350 190
373 350
379 335
261 322
429 209
118 258
444 93
355 283
205 86
4 11
316 255
26 106
169 307
74 23
41 297
355 198
422 386
444 383
75 118
431 380
73 46
339 250
390 53
438 229
424 222
313 22
21 307
37 210
16 21
98 270
234 343
163 431
178 427
184 227
123 64
164 235
319 97
438 360
362 325
186 120
347 99
172 279
167 405
146 21
110 163
233 67
27 205
317 248
109 424
9 7
429 391
184 417
157 244
424 366
55 372
395 66
102 127
20 217
127 444
43 132
119 7
401 62
327 0
370 321
165 131
430 114
342 209
27 100
351 396
146 431
368 264
107 268
369 350
377 358
170 416
140 177
35 213
112 179
156 238
436 231
373 326
378 358
22 188
76 27
251 324
409 213
168 232
106 79
147 196
33 123
36 209
105 180
158 239
108 273
299 19
61 384
65 352
27 19
373 281
24 112
52 430
418 112
113 172
325 98
354 408
309 13
329 17
100 85
256 439
8 197
363 210
334 0
169 237
35 106
156 105
339 185
44 133
306 19
70 360
326 102
133 29
260 431
240 351
442 218
137 11
230 90
423 392
370 255
229 433
123 63
417 210
130 184
5 1
352 96
366 348
379 254
160 429
174 256
78 135
167 415
49 403
124 203
71 379
228 449
145 198
96 190
354 347
362 406
243 434
86 171
259 336
37 424
420 85
336 117
32 216
164 122
298 17
81 171
128 262
312 257
134 29
381 350
331 89
21 102
117 276
83 189
334 112
103 62
13 4
105 66
116 72
304 7
436 395
172 112
421 119
405 40
86 106
37 292
12 0
56 405
250 334
30 293
269 339
230 82
318 15
105 263
112 424
54 18
46 411
181 312
240 326
419 200
67 37
320 262
345 260
90 378
68 31
437 102
235 429
23 104
28 119
48 414
78 163
300 6
209 83
348 118
118 262
421 41
303 24
167 307
163 292
163 234
81 386
137 199
89 104
179 110
36 115
54 434
323 234
137 217
57 363
415 107
172 132
88 182
164 116
78 182
327 93
37 199
396 51
422 112
435 378
98 266
122 252
93 363
306 260
28 107
53 16
118 416
338 110
221 82
85 189
409 217
429 373
56 22
161 245
449 392
124 25
141 198
366 201
190 312
446 368
171 420
140 438
66 367
139 421
372 388
373 346
106 76
339 268
49 20
336 105
335 116
86 129
156 188
67 13
130 448
63 380
337 199
394 50
411 41
369 191
318 21
121 245
448 366
125 76
87 178
129 204
22 292
86 124
356 393
156 186
329 265
437 388
101 265
140 5
23 190
342 404
14 122
120 194
39 292
358 385
412 215
94 53
173 115
251 327
107 438
403 44
449 377
40 118
72 376
413 61
329 235
44 301
122 67
301 13
447 373
313 251
179 314
70 129
211 75
75 29
64 428
416 42
92 73
410 99
312 15
159 422
428 204
102 55
93 366
308 266
352 396
178 249
104 264
157 124
449 385
50 25
180 304
75 171
361 407
69 24
47 430
180 425
30 302
302 10
343 103
374 333
217 70
448 384
381 342
44 128
414 53
4 12
34 136
64 358
427 119
136 192
148 204
142 202
35 102
96 52
129 442
413 104
28 304
21 117
8 12
42 111
417 214
312 7
303 12
56 379
78 178
131 182
431 96
346 178
171 127
77 188
174 312
128 181
355 334
162 238
163 252
19 195
119 431
395 59
208 80
74 376
107 262
111 178
173 135
68 30
133 209
319 26
76 134
220 77
231 440
111 172
67 50
235 82
117 252
88 179
85 374
189 302
47 408
144 214
38 198
87 111
98 133
17 123
344 254
332 122
91 143
446 102
347 180
359 195
84 351
75 139
432 229
335 15
363 346
243 355
34 280
102 54
178 306
22 205
16 0
62 365
416 223
190 243
59 413
154 129
312 247
129 258
352 115
124 428
234 441
97 271
325 11
66 350
187 286
152 116
441 108
328 29
353 330
135 2
9 20
306 15
423 56
364 280
15 306
181 229
423 221
213 68
169 256
168 240
416 110
38 130
143 445
355 107
402 60
97 129
381 255
230 71
112 53
132 443
143 439
126 434
413 70
429 370
357 329
192 236
7 211
365 189
96 180
128 19
414 108
133 179
36 280
158 408
56 363
35 304
437 88
117 417
367 273
342 196
206 65
62 419
92 192
317 273
190 250
49 417
428 102
225 76
383 282
436 397
330 237
147 16
401 70
43 121
373 406
148 108
105 176
415 212
107 182
372 276
419 209
77 368
435 376
360 176
39 301
35 285
298 7
91 70
169 229
168 418
363 268
311 249
363 259
152 13
80 185
66 404
114 434
423 101
361 267
342 406
101 71
325 120
152 211
244 434
49 404
439 225
52 429
419 382
180 262
423 92
78 32
435 100
426 80
237 436
107 75
242 331
154 189
247 445
375 385
351 176
38 104
86 126
84 144
69 21
167 99
121 56
101 161
354 275
99 266
412 222
419 65
72 117
429 88
373 323
31 288
226 439
25 191
341 207
108 50
357 185
60 375
430 228
187 422
192 251
371 388
241 435
77 18
24 214
55 39
116 268
213 59
61 25
429 226
324 91
22 105
116 256
45 433
160 255
102 190
74 139
440 94
370 259
63 410
413 44
238 83
400 47
227 447
426 93
377 338
422 46
433 386
28 277
122 431
163 303
194 253
9 214
170 409
172 413
127 273
431 371
61 367
338 200
421 95
324 244
126 443
349 96
112 261
322 265
428 216
319 255
29 304
95 59
109 189
104 85
326 120
113 5
373 253
344 116
425 200
372 359
248 326
50 432
231 437
329 120
131 261
260 335
36 103
96 57
383 340
366 280
428 392
373 413
91 65
191 430
367 177
174 426
434 367
116 444
97 64
133 19
351 189
12 3
352 338
80 120
141 436
103 78
178 258
13 296
183 438
129 185
98 253
439 229
76 418
146 213
168 294
374 353
76 140
312 26
424 377
9 296
18 132
120 198
372 249
412 96
152 9
35 112
26 281
59 352
121 21
45 126
189 428
333 265
433 398
337 15
14 120
154 207
102 82
336 266
165 119
37 296
139 28
369 200
103 76
403 37
62 432
263 441
107 276
77 172
174 435
56 432
98 123
151 11
135 437
93 261
169 113
307 16
81 37
166 440
14 280
119 238
78 376
45 34
212 70
322 22
248 347
449 95
175 425
163 118
435 235
40 300
106 75
140 433
242 446
134 446
43 426
74 18
143 423
172 98
128 200
232 443
85 114
77 117
151 210
172 300
109 436
438 108
98 126
219 75
122 20
82 170
20 6
354 265
444 388
433 373
383 280
33 129
55 428
96 51
424 208
180 286
135 436
346 92
82 384
374 277
228 64
366 388
428 58
401 38
328 256
55 364
134 443
354 394
16 209
428 114
81 160
116 73
416 74
32 134
421 112
138 206
83 374
378 260
72 25
179 274
369 248
67 46
268 341
329 273
148 183
118 17
3 196
84 369
178 411
427 63
132 19
173 409
448 96
263 330
103 262
326 91
171 99
61 363
19 280
15 283
372 320
440 117
361 187
359 379
192 302
421 216
64 426
69 373
386 279
421 385
147 19
156 191
47 107
425 87
346 95
11 207
29 5
307 27
31 279
219 81
418 97
404 36
343 406
359 323
173 227
16 112
153 101
13 12
167 250
352 185
363 402
300 16
70 123
421 97
18 105
63 440
101 130
308 29
175 100
257 340
434 372
5 207
195 294
91 140
113 73
28 138
111 88
169 232
191 281
97 182
122 59
12 213
370 383
449 364
16 305
182 434
89 369
430 371
233 438
411 95
97 70
417 102
326 257
65 33
118 260
124 23
76 362
254 323
50 425
319 94
388 50
115 445
164 245
135 14
27 21
150 113
388 341
174 136
201 88
74 31
100 270
98 162
235 71
17 3
340 113
300 18
105 48
418 373
166 122
141 214
441 382
364 185
309 262
321 107
167 126
40 292
151 116
99 140
29 308
434 231
374 358
143 202
119 258
168 117
59 360
107 435
359 253
350 270
114 66
121 198
62 408
73 120
99 171
374 334
315 250
16 207
74 43
97 138
422 376
65 407
64 407
89 374
219 60
166 125
166 243
143 196
146 441
156 421
155 100
237 83
46 291
245 343
371 387
191 282
342 87
250 336
429 239
438 104
354 410
20 12
378 337
238 330
242 334
156 239
37 189
337 264
429 378
430 113
411 96
339 105
264 337
77 42
248 449
78 113
43 432
180 409
345 185
174 122
104 267
432 214
170 114
105 114
335 108
56 26
54 401
332 246
419 46
343 201
362 342
192 291
435 233
229 87
437 390
31 15
305 252
330 251
244 326
32 132
323 112
121 79
372 282
398 55
356 189
161 130
433 239
171 251
88 67
129 440
409 69
314 26
408 209
65 34
37 277
163 408
438 391
231 86
161 98
237 427
190 423
113 48
241 440
184 307
267 339
254 432
183 121
180 401
8 216
80 372
39 109
186 296
165 409
36 310
165 126
362 208
256 359
159 103
149 21
366 411
55 402
155 122
369 179
55 33
174 132
160 97
69 376
80 164
142 181
203 70
29 215
254 325
191 415
143 185
113 171
8 213
414 91
7 297
411 93
422 209
346 193
110 245
444 390
44 28
366 341
306 6
187 257
16 10
79 19
96 137
338 12
322 254
432 372
136 178
191 249
154 128
354 414
111 264
167 255
175 282
32 218
17 283
131 190
107 185
119 273
233 72
432 234
447 395
125 196
346 100
24 290
261 324
123 428
434 103
185 304
118 268
166 431
323 15
173 231
378 408
116 254
192 278
135 199
43 406
423 112
433 96
46 433
367 383
83 139
17 291
427 104
426 393
142 2
323 107
259 350
376 260
42 297
85 139
370 353
4 13
390 340
172 120
433 109
145 436
354 345
370 264
421 228
343 245
95 190
375 338
235 69
353 195
96 246
67 369
327 119
33 277
26 217
214 82
243 328
152 112
34 284
435 372
82 378
169 112
69 51
419 95
131 2
106 62
71 384
261 449
425 103
406 63
243 446
128 269
42 107
105 272
178 236
176 241
90 157
33 209
372 330
423 80
189 410
106 177
331 264
225 75
169 407
356 199
28 99
13 301
76 122
31 276
120 54
301 1
322 261
244 327
78 120
98 127
182 435
39 204
357 188
142 19
216 62
106 71
355 269
43 205
103 58
405 226
103 57
143 3
83 143
84 357
232 440
412 100
260 325
426 113
109 52
333 248
258 432
174 285
414 70
352 342
44 407
79 184
365 209
249 439
36 300
268 335
33 106
239 327
96 257
61 354
107 48
126 62
75 418
106 441
76 28
45 125
324 93
244 357
209 94
394 41
174 411
151 130
415 90
163 423
185 234
314 238
322 17
260 320
319 242
167 226
32 189
194 288
90 71
351 394
59 41
92 119
351 181
126 187
80 142
25 112
185 257
7 290
237 71
195 284
243 324
362 275
332 90
18 17
175 307
180 412
43 301
210 93
260 347
429 238
65 433
395 58
68 387
131 256
13 298
410 60
160 411
75 129
249 442
112 66
262 333
362 335
417 47
56 359
423 374
329 27
173 260
374 278
364 288
163 298
346 105
389 339
21 302
15 187
160 245
356 182
366 406
83 355
131 209
160 108
363 187
91 61
379 343
178 254
61 27
19 194
124 57
90 117
148 211
191 258
334 5
154 105
199 80
65 405
423 100
67 410
352 276
37 114
422 207
181 434
332 12
435 97
127 196
43 208
426 215
319 23
387 346
368 282
77 116
415 58
120 77
86 180
23 293
70 17
336 253
436 111
251 334
37 281
47 412
23 210
431 394
443 210
235 67
369 251
306 17
300 17
24 128
60 433
344 410
302 20
122 449
314 23
357 390
378 283
76 109
149 22
355 409
220 87
64 359
332 272
117 56
172 125
219 77
34 119
36 197
108 439
226 87
147 201
246 329
32 308
190 433
113 3
324 271
421 226
363 345
404 56
161 431
58 412
108 178
97 183
87 158
357 195
431 397
242 437
245 439
238 75
202 82
58 36
350 200
10 217
360 207
57 440
172 237
120 17
87 134
19 300
76 356
396 45
385 352
99 125
28 308
346 117
247 330
122 2
423 97
25 294
164 252
331 100
156 194
175 423
430 214
163 288
42 136
93 105
435 223
178 409
27 182
32 127
29 283
97 250
77 361
38 136
111 240
139 19
420 234
315 262
119 268
389 331
423 67
49 416
105 190
412 108
165 245
220 93
338 123
160 232
370 188
319 9
127 198
96 179
194 291
17 25
414 55
77 36
80 161
37 303
427 91
28 291
161 134
160 137
427 95
255 442
407 63
133 449
117 419
363 321
418 108
412 233
85 174
353 337
43 119
426 62
99 118
338 6
175 313
358 409
127 17
61 431
70 122
426 92
145 177
439 391
154 118
183 300
360 175
312 20
319 244
339 97
111 85
384 256
184 251
76 421
330 256
45 419
172 105
256 340
178 252
31 116
336 93
146 114
105 132
14 107
72 433
114 54
312 13
424 96
197 299
167 258
372 396
14 16
443 374
186 311
172 280
236 441
342 88
169 126
388 51
191 257
355 349
258 326
367 270
343 89
209 68
35 214
62 350
171 104
356 408
24 14
446 381
432 84
58 428
90 174
321 246
26 101
437 371
4 210
88 157
199 84
57 378
79 123
377 273
271 347
111 269
323 236
435 218
364 253
123 202
118 56
355 415
178 124
438 374
14 127
60 20
23 110
416 231
97 195
134 439
43 135
358 342
196 249
26 195
150 125
32 190
106 64
160 238
180 421
422 216
181 235
422 54
65 31
168 234
26 111
80 382
352 267
228 448
242 433
100 117
102 243
402 73
436 107
163 112
160 300
141 195
157 111
94 55
29 284
49 411
94 183
301 6
190 230
131 203
88 167
135 192
80 352
442 93
169 107
379 400
347 91
35 294
248 436
133 28
18 127
364 258
423 94
18 215
108 77
354 393
352 334
210 69
157 203
357 184
147 210
234 86
79 173
316 266
430 203
29 105
419 112
50 404
175 249
329 19
195 280
269 329
168 104
352 388
351 187
176 431
431 82
147 181
110 244
321 26
266 440
71 409
212 75
424 202
426 51
96 116
361 387
319 17
409 227
93 111
394 62
144 184
109 53
135 426
110 425
360 178
376 385
62 373
87 372
73 136
72 118
49 46
54 411
411 230
244 444
408 50
336 112
341 113
112 60
37 135
43 27
115 253
272 343
114 79
25 288
430 235
431 398
126 65
81 127
194 235
336 248
320 267
153 128
143 210
177 229
107 187
172 440
218 75
345 401
198 300
193 284
104 86
131 189
11 290
240 441
435 374
437 94
321 27
97 116
170 428
143 213
424 235
89 116
138 431
422 113
416 61
165 308
372 333
89 143
418 379
383 330
318 29
232 446
208 69
172 288
48 24
63 37
305 249
337 194
156 128
350 396
429 220
94 56
9 303
305 256
143 188
262 352
187 305
401 63
176 100
349 404
424 82
61 381
349 407
119 418
175 134
406 56
168 97
423 57
360 405
36 111
19 205
124 264
353 342
140 183
132 30
20 104
53 372
31 281
334 116
30 103
14 310
118 256
78 22
27 186
360 200
76 139
108 256
92 107
82 109
114 63
107 260
162 423
220 59
359 326
243 432
166 424
345 387
27 287
47 116
359 274
84 126
210 67
120 10
438 371
152 212
362 409
217 64
86 371
187 409
36 188
429 101
236 82
46 416
151 189
108 271
368 388
24 133
110 446
46 27
390 46
349 198
26 204
117 446
219 70
89 356
364 282
147 111
96 267
115 271
259 340
255 449
309 9
26 182
110 443
377 406
83 28
85 111
161 428
9 4
171 126
353 257
319 31
80 105
21 121
21 288
336 197
195 300
311 15
131 418
336 187
114 53
310 25
57 415
232 336
41 198
365 194
158 101
171 101
110 265
25 20
130 248
86 353
45 430
43 412
41 417
362 277
356 213
87 161
220 84
166 287
103 168
333 9
162 106
317 6
18 24
113 251
366 325
334 258
114 273
420 66
121 26
420 386
441 218
27 217
122 12
169 244
197 296
69 416
112 256
13 290
2 21
356 211
67 377
62 357
64 35
145 200
373 190
166 236
240 335
341 97
63 15
103 255
327 115
102 263
350 195
422 57
384 345
382 349
168 225
359 182
180 426
346 199
73 427
60 364
243 440
37 283
17 204
23 19
374 283
98 191
325 108
126 4
422 62
16 308
370 356
389 342
178 307
211 76
404 40
420 111
246 432
335 89
168 433
322 4
318 238
319 21
161 112
442 86
130 209
51 412
103 162
111 421
103 273
31 190
258 434
371 358
79 41
418 111
371 203
322 20
25 210
354 106
427 392
121 16
39 311
88 160
97 118
329 100
2 2
238 428
335 261
410 210
94 65
161 232
347 93
15 208
367 252
448 365
225 62
51 402
318 19
190 302
232 340
57 26
144 194
52 46
316 258
185 408
138 202
341 400
177 117
19 288
259 439
77 358
166 423
114 263
427 374
129 252
362 379
147 23
14 191
437 213
130 431
142 188
115 447
13 126
4 16
236 430
31 101
358 400
165 239
32 123
60 35
172 247
155 101
245 436
373 341
195 291
360 383
194 426
239 79
74 348
191 291
365 263
66 365
371 406
122 442
259 342
310 2
178 309
433 359
78 355
189 433
25 277
404 38
121 254
333 21
48 416
42 300
31 12
213 91
157 419
355 341
355 348
299 16
352 208
78 189
134 202
40 117
118 78
80 128
161 241
68 24
158 194
138 180
374 330
104 160
446 98
430 237
128 23
371 288
417 66
401 53
368 201
362 353
81 167
133 187
112 432
139 432
18 7
138 194
136 8
217 71
349 204
107 51
227 77
241 356
67 406
62 16
85 169
412 42
109 251
351 403
113 436
22 201
66 28
166 305
75 32
176 294
209 69
353 270
19 105
319 107
269 344
118 274
92 194
82 188
219 84
335 249
441 377
347 106
58 379
108 163
80 38
336 1
49 35
167 439
154 197
13 7
360 418
381 398
407 211
379 255
30 304
63 408
24 101
322 107
74 362
336 18
82 162
74 117
126 272
351 262
26 198
161 124
107 246
221 86
24 106
160 199
107 248
140 24
448 390
127 416
182 426
169 239
18 291
74 116
132 258
30 111
92 367
186 408
354 260
430 103
187 421
166 426
35 100
384 329
33 137
364 319
182 250
359 202
213 69
65 43
118 254
411 73
350 213
34 109
341 99
439 226
35 5
30 124
14 19
64 41
216 73
127 3
415 94
342 178
244 334
107 427
66 27
56 28
187 406
249 354
177 411
75 383
379 405
298 11
361 389
77 31
129 8
17 279
88 142
386 331
169 291
74 416
125 2
423 91
115 431
180 108
156 99
189 432
429 380
92 176
65 411
168 278
331 265
81 180
62 23
231 82
83 379
12 304
356 181
409 66
441 101
119 437
151 118
176 408
87 114
17 11
437 108
181 227
226 95
443 368
360 264
107 266
29 133
18 296
160 434
219 61
176 415
144 425
175 314
91 109
61 360
323 114
84 113
132 445
358 257
44 24
205 68
254 331
325 273
270 333
27 115
170 292
353 256
212 91
321 102
20 1
179 231
306 24
37 311
46 112
103 164
372 202
139 419
420 201
38 107
176 409
377 281
381 267
319 269
349 116
182 307
55 407
403 41
354 175
208 86
39 127
34 201
176 110
411 70
140 209
378 271
84 132
112 9
436 380
314 27
328 238
113 10
33 192
20 129
242 338
17 303
141 20
369 254
359 388
445 360
97 114
97 184
371 337
178 118
79 367
14 187
164 239
171 298
335 185
86 176
412 221
301 8
101 272
419 379
187 405
27 119
136 195
71 427
43 437
193 309
8 294
371 266
17 298
445 373
57 419
245 437
106 255
119 77
91 165
447 368
408 224
218 70
328 25
373 192
46 31
39 286
309 7
103 85
359 256
125 29
323 25
352 207
357 175
172 100
81 170
122 197
380 344
331 23
177 253
209 85
403 70
103 53
165 135
367 198
242 343
187 287
161 115
123 445
71 12
262 346
34 210
70 28
398 65
364 328
88 115
185 276
184 420
65 385
351 102
176 274
88 193
131 417
178 419
45 422
191 242
175 439
232 445
97 267
360 251
33 287
347 178
104 164
101 65
74 137
391 63
382 273
101 168
67 22
107 125
107 89
355 197
123 240
216 76
88 186
183 280
14 298
415 102
16 132
303 25
422 67
176 293
343 94
159 194
424 389
175 310
175 259
257 440
153 209
438 382
50 18
60 26
90 183
211 80
95 52
318 113
51 123
232 77
184 428
59 12
252 345
143 198
174 231
186 244
78 38
159 255
359 337
449 396
118 242
443 398
439 361
411 36
38 194
367 342
372 413
337 105
102 123
70 128
34 126
226 64
119 0
9 285
164 253
18 213
122 23
122 81
349 382
129 29
428 57
360 334
46 126
170 136
361 195
82 175
411 74
82 173
327 102
166 425
251 326
10 200
368 328
160 192
126 185
414 214
325 248
435 211
444 374
76 171
140 437
250 331
157 132
68 409
152 202
197 302
431 205
237 330
115 64
256 327
80 374
10 204
104 182
1 7
263 439
158 187
32 124
241 344
126 261
351 96
116 435
68 419
356 416
367 333
226 75
425 212
231 83
159 249
160 416
426 368
346 212
29 209
21 127
235 438
440 212
115 55
90 80
165 423
317 105
262 436
243 351
220 83
20 219
171 130
148 181
254 335
95 157
22 11
24 196
12 199
180 105
324 101
185 250
427 57
246 355
27 221
177 305
176 117
263 442
151 187
175 127
319 15
137 0
202 84
344 119
18 211
365 338
164 106
364 340
219 98
428 389
434 104
320 115
106 130
72 111
73 113
425 64
113 14
397 38
258 359
407 219
11 186
25 188
18 218
215 80
52 20
441 87
8 19
446 112
32 137
335 244
440 87
411 40
156 428
39 279
76 173
120 277
190 287
386 353
63 353
28 195
165 103
312 251
431 382
74 380
27 302
174 301
25 184
81 131
92 161
128 260
358 327
370 343
22 283
72 380
194 419
257 355
31 212
436 109
333 116
206 84
347 201
428 239
240 78
375 413
437 219
363 249
14 289
28 218
190 285
367 351
337 204
43 305
76 16
235 344
334 261
366 179
133 259
35 208
421 117
166 232
121 253
135 194
271 339
394 65
341 100
169 238
166 132
10 17
245 355
181 295
257 350
249 329
32 3
33 213
47 21
323 95
374 194
439 224
442 388
57 11
176 122
77 138
2 4
103 79
129 197
376 320
120 260
351 195
209 63
109 184
126 70
429 83
106 269
415 237
133 418
134 181
322 30
71 415
12 297
397 71
128 188
377 398
228 76
88 137
125 197
75 175
22 135
132 255
39 111
173 300
176 230
369 277
412 60
443 222
433 84
368 330
117 258
414 46
442 385
348 396
125 435
30 210
180 314
21 114
440 106
338 117
413 92
364 338
378 255
340 121
126 262
31 137
370 381
383 323
358 339
85 380
88 76
231 65
70 48
320 245
439 387
265 351
122 425
8 196
44 425
61 33
389 344
88 380
118 81
15 131
119 449
245 441
440 84
82 355
377 330
65 419
66 42
31 210
120 20
208 75
162 136
368 322
398 39
10 215
20 208
181 129
366 319
171 227
193 420
178 134
162 131
108 61
183 304
173 122
376 355
360 328
380 334
179 131
58 354
170 288
383 349
334 249
162 119
74 48
104 120
95 85
336 249
158 430
205 77
349 397
21 220
173 429
57 24
340 93
409 209
416 40
71 124
357 278
181 405
184 295
366 349
89 113
119 429
422 60
156 250
182 440
18 197
156 240
28 311
265 349
159 426
407 71
418 67
93 186
177 232
401 66
386 329
103 185
26 296
414 206
50 122
167 288
329 23
97 181
410 55
100 172
216 80
355 266
120 13
103 84
79 378
413 53
327 19
325 28
139 5
360 402
75 353
357 280
171 290
169 300
32 287
12 198
98 135
59 374
322 234
425 216
63 365
358 382
226 71
170 259
25 132
397 39
338 125
28 104
32 105
39 202
88 138
383 328
164 431
51 22
354 280
79 39
445 394
307 23
154 100
50 22
324 236
124 270
144 430
131 15
359 393
156 411
441 214
365 350
105 72
61 15
61 20
122 22
10 196
207 64
66 382
334 97
392 50
372 389
217 96
65 368
79 183
201 72
142 209
104 187
116 17
7 22
262 341
87 376
336 261
169 136
140 23
217 66
238 449
328 260
251 435
370 190
309 264
26 297
333 98
38 279
97 171
228 80
367 399
50 433
86 141
17 116
87 370
92 371
182 310
91 124
56 422
369 387
16 5
177 228
313 13
338 101
105 245
20 192
119 416
193 301
101 178
438 361
94 84
363 409
317 23
111 274
305 16
61 416
356 419
23 121
128 1
139 427
377 404
10 7
91 156
39 121
170 226
310 257
179 311
88 364
336 90
74 381
435 234
37 215
363 386
349 410
107 62
111 241
87 185
346 206
57 31
163 236
33 302
96 171
335 94
237 444
28 19
96 62
127 263
230 85
108 238
262 448
129 255
40 211
329 20
118 1
396 42
15 9
200 289
113 271
363 380
6 2
263 436
355 390
29 120
408 42
250 327
142 180
42 419
28 315
155 127
28 5
141 27
426 53
71 423
32 207
186 293
241 433
250 350
355 350
102 255
32 139
269 346
122 433
326 244
423 109
46 40
415 55
41 419
35 120
334 90
363 261
78 121
37 290
121 250
173 283
341 255
27 312
363 388
350 206
62 20
255 331
111 177
70 375
110 277
171 417
351 200
26 278
50 418
351 409
105 67
11 188
236 329
372 384
315 252
444 362
111 252
229 78
27 292
301 3
306 257
118 22
45 302
14 281
96 68
440 114
141 211
184 429
383 259
95 252
83 131
231 438
438 225
172 124
105 84
63 20
124 190
137 200
235 78
173 278
324 7
322 270
413 75
443 379
385 257
33 204
11 195
443 376
362 273
18 219
29 203
371 339
134 416
114 438
358 176
218 90
68 34
416 101
183 431
399 51
50 121
127 429
103 111
106 247
374 350
437 234
176 301
180 437
145 21
309 252
305 5
179 301
189 281
234 329
75 18
178 260
105 125
4 202
134 433
125 71
165 123
242 350
154 107
11 200
238 82
20 304
36 313
47 431
330 253
418 202
137 7
264 338
118 272
191 280
120 66
128 208
370 200
344 179
429 387
173 129
167 403
322 110
340 98
365 348
10 194
96 184
123 72
104 59
98 84
77 27
21 210
108 244
367 193
77 125
182 304
243 443
170 300
365 333
326 104
176 113
109 79
425 65
71 363
126 437
350 386
169 408
104 247
408 44
112 427
4 197
329 11
139 194
427 380
44 432
53 416
234 332
68 43
247 320
62 366
39 310
81 141
332 267
348 110
254 359
444 398
100 268
57 377
304 3
71 26
183 225
404 71
23 189
125 20
327 234
240 353
332 102
143 179
50 116
131 254
71 119
425 203
37 299
231 435
267 334
174 300
109 439
370 256
126 259
69 409
345 100
89 107
348 188
434 95
303 18
394 51
330 263
187 285
43 296
105 269
366 380
110 434
19 128
200 294
126 25
411 231
237 433
30 9
346 402
141 437
163 287
138 13
235 331
422 68
142 441
166 422
360 324
430 368
179 288
100 74
113 175
324 122
369 342
68 47
352 383
225 84
176 280
99 138
67 120
368 351
159 121
366 381
28 194
377 255
371 252
179 117
171 226
228 447
130 252
394 66
260 340
400 46
49 435
340 266
139 26
380 394
428 105
76 44
183 407
128 203
30 196
192 279
92 114
313 261
124 17
443 224
160 231
304 5
141 427
112 249
407 228
419 233
22 287
92 362
355 337
216 70
119 420
237 332
14 128
98 54
229 436
92 160
343 254
419 58
156 426
21 200
27 184
67 372
18 298
347 188
90 372
189 259
100 190
87 172
121 271
366 402
328 246
447 364
179 253
383 344
90 185
150 18
168 125
421 231
33 99
356 269
335 257
336 9
184 229
329 267
104 192
59 37
51 32
169 241
69 350
395 71
51 438
349 110
72 110
98 264
66 359
90 358
65 36
352 413
377 346
126 449
171 401
256 333
442 389
323 118
248 343
228 63
413 39
103 131
141 187
100 251
64 424
166 230
347 197
250 356
108 272
103 72
39 197
436 98
29 103
94 77
23 136
183 434
406 217
342 201
147 193
361 342
61 413
104 136
15 124
94 251
7 202
38 297
44 431
234 436
442 110
227 61
84 184
136 430
420 103
193 308
177 310
148 178
192 277
22 204
171 109
429 81
376 390
366 198
404 62
166 112
73 112
360 199
343 117
166 409
54 409
327 2
254 354
361 398
22 300
424 379
124 417
177 421
305 251
306 10
146 122
177 302
116 4
365 399
76 115
137 209
318 30
161 230
81 104
126 73
252 431
430 94
352 402
182 124
265 335
134 0
83 159
51 38
93 142
175 292
419 52
208 63
183 279
435 86
402 44
53 361
126 182
116 420
372 394
328 261
21 4
378 350
104 121
263 440
107 275
333 244
238 350
100 258
147 199
377 348
404 48
130 416
128 247
92 110
333 99
447 392
82 184
331 19
135 446
98 265
414 64
87 108
311 23
160 241
333 102
334 121
147 209
96 167
100 254
173 249
200 80
126 427
364 206
419 376
127 24
13 305
92 81
82 124
420 104
158 420
378 346
173 127
442 367
432 364
137 13
90 133
158 114
323 99
325 88
27 288
40 197
161 299
193 248
69 412
31 196
227 91
368 337
124 250
371 201
164 409
435 215
135 203
269 340
61 34
31 107
104 259
108 263
42 292
157 125
37 107
9 299
74 115
126 423
184 422
344 175
23 199
237 325
81 181
10 21
71 365
376 402
178 227
125 448
71 129
354 200
46 434
323 117
15 118
400 43
349 195
94 192
231 69
51 440
108 70
244 323
172 231
22 281
100 269
121 242
227 448
194 296
68 38
83 187
71 46
104 166
64 378
198 302
338 239
348 414
56 48
165 249
48 27
9 292
416 102
422 103
326 241
14 204
401 44
36 279
128 417
70 33
264 444
143 447
390 347
329 25
369 255
426 59
82 385
356 203
266 327
142 12
318 17
447 108
378 344
55 401
57 40
350 415
189 300
104 253
420 110
140 178
160 236
111 79
146 116
263 349
57 354
323 18
226 441
348 211
413 95
391 339
359 268
83 36
314 261
342 242
21 10
175 245
396 69
99 132
178 242
426 45
240 330
372 259
382 343
66 38
397 64
373 388
338 92
10 8
78 136
252 321
98 252
391 50
67 27
153 131
348 384
76 120
172 404
368 318
193 293
322 104
305 27
384 352
187 241
395 52
418 218
119 422
121 265
425 106
91 182
168 247
196 307
227 60
354 336
16 18
112 436
209 70
414 38
388 266
71 117
408 52
315 10
322 105
307 12
34 217
115 434
354 213
243 335
379 274
64 352
187 281
62 441
316 5
32 14
213 89
65 355
436 377
102 194
157 118
262 336
19 283
196 240
314 4
72 114
127 209
239 331
334 15
91 168
227 90
84 186
131 7
122 24
304 17
109 78
406 215
2 11
19 192
104 250
51 415
358 416
433 91
71 422
367 257
42 436
76 354
430 219
306 248
153 114
256 448
38 293
79 358
238 333
80 169
332 8
79 111
364 379
319 116
362 346
265 438
186 404
428 52
49 33
166 304
124 258
367 186
162 112
28 298
251 348
137 445
22 288
46 294
441 373
259 332
32 297
36 135
181 299
394 53
75 174
45 404
233 68
119 73
425 86
361 419
186 261
345 103
319 20
335 194
79 381
434 80
78 115
136 3
63 371
39 421
138 448
437 368
175 289
66 375
133 198
11 215
127 256
385 333
171 125
437 384
78 186
86 374
97 123
123 3
122 244
142 3
80 40
58 404
249 326
125 433
353 391
305 255
172 303
67 128
101 169
11 189
81 377
353 97
423 47
390 330
437 376
418 103
119 9
145 3
68 404
184 250
190 293
364 332
17 295
429 393
130 421
170 244
345 253
66 371
188 421
326 242
104 252
181 292
3 17
336 183
359 177
160 243
100 82
324 234
74 123
444 373
332 99
128 425
180 441
368 395
420 67
26 137
417 45
351 113
268 343
412 205
258 356
75 30
19 10
189 253
256 355
60 362
77 108
53 429
114 431
428 110
137 216
195 240
147 123
319 238
171 137
31 314
159 413
424 234
407 41
184 406
78 17
268 350
184 412
164 108
437 397
107 130
132 10
122 14
345 186
260 436
322 267
49 41
256 332
351 199
92 67
224 86
109 190
270 341
22 106
317 261
19 16
39 423
388 326
440 395
21 306
187 434
75 16
19 189
439 213
31 183
379 409
372 322
444 113
153 183
403 72
186 312
130 253
191 230
22 308
78 374
412 206
94 262
359 341
252 336
8 300
130 201
42 106
122 263
45 116
52 35
370 284
420 221
423 55
92 55
43 285
33 298
425 115
35 119
117 430
374 287
97 142
382 334
168 261
150 107
440 382
335 7
104 258
107 189
177 433
112 176
423 103
96 109
126 195
327 8
116 71
111 431
263 434
374 335
322 264
19 15
356 270
104 181
312 267
146 8
106 429
91 105
322 3
83 381
121 18
391 61
58 372
406 227
113 6
359 194
429 106
309 258
145 205
425 92
359 186
414 59
423 205
421 116
215 69
75 370
442 386
315 110
238 438
34 101
77 362
346 202
175 434
410 48
205 92
255 345
366 187
213 67
194 424
14 188
419 110
168 288
362 205
85 194
83 385
123 191
68 29
161 406
428 220
155 123
335 117
12 290
151 198
140 181
84 188
348 212
429 206
341 209
368 275
30 209
243 340
373 255
414 100
361 355
346 198
377 321
371 257
244 353
237 348
125 258
166 285
316 253
181 127
16 205
100 110
147 3
81 106
80 167
427 101
141 18
342 191
107 166
41 413
81 120
375 256
249 346
158 109
324 11
413 48
319 100
396 48
160 109
353 100
46 409
383 269
167 128
104 245
174 234
217 84
13 286
76 124
184 301
225 70
355 204
326 248
389 335
115 265
84 190
366 279
140 30
446 376
328 26
389 60
199 294
171 248
79 113
440 366
163 247
121 70
442 116
442 376
358 195
7 215
351 198
3 198
330 110
132 215
54 46
430 393
76 42
325 235
350 106
371 264
243 439
22 8
397 68
318 111
251 344
252 432
141 421
105 69
412 211
397 66
28 111
401 71
93 185
133 188
419 237
60 437
359 399
372 199
150 182
37 422
361 329
31 284
149 116
191 248
34 204
364 354
65 406
168 439
84 362
186 434
72 385
332 95
17 221
82 31
74 180
126 416
90 365
72 119
365 396
126 417
360 267
102 86
125 443
433 227
65 42
356 338
431 208
394 59
124 7
425 366
172 114
133 2
214 91
31 105
218 94
62 376
338 108
359 336
79 137
344 397
117 443
408 37
235 343
53 440
347 101
354 111
437 206
136 208
433 236
191 237
45 408
23 126
164 299
134 191
146 210
331 243
148 187
429 236
49 111
83 382
129 423
431 86
170 97
360 335
438 366
430 375
341 405
227 444
62 404
203 91
130 197
240 356
386 324
11 292
38 309
329 7
408 217
382 270
134 200
130 258
61 371
31 289
32 101
32 99
84 365
165 439
42 198
337 85
122 246
356 285
111 260
123 200
16 200
378 348
176 121
336 262
20 118
28 191
404 47
40 286
438 387
441 227
179 115
10 1
392 52
222 98
430 397
35 200
84 127
63 25
74 19
109 269
409 220
223 86
341 202
92 190
409 226
163 425
59 435
26 120
94 108
425 224
121 28
389 340
421 40
185 116
158 203
245 330
14 214
7 16
71 410
20 213
187 301
142 200
428 212
17 301
261 431
311 21
101 113
113 181
193 424
361 277
427 49
244 338
319 101
83 124
265 354
22 10
179 276
94 165
436 229
341 256
111 165
38 121
413 38
316 12
188 310
216 77
53 36
189 409
237 430
102 114
99 263
239 82
358 277
110 275
80 29
304 9
11 193
374 196
201 79
53 369
88 131
169 260
14 286
144 208
70 14
331 236
321 117
257 357
409 97
373 357
420 239
100 138
79 372
227 442
15 308
15 116
238 426
376 358
369 401
125 208
253 321
341 394
67 366
144 187
267 325
398 61
354 113
231 79
168 245
428 225
321 25
256 320
252 338
110 84
357 204
122 65
5 6
351 391
383 273
62 34
236 77
321 271
327 104
447 390
221 78
114 77
376 387
34 216
221 80
367 207
100 264
99 177
418 61
26 113
380 255
359 409
123 189
179 233
121 420
82 133
20 188
263 329
135 20
33 104
73 378
331 251
107 118
140 208
124 59
179 431
224 78
333 95
130 214
98 72
190 290
171 405
152 214
179 434
266 342
95 178
7 198
119 269
184 435
425 120
370 181
133 189
114 55
373 262
363 396
37 205
78 134
247 448
172 130
72 127
320 92
343 196
59 370
436 213
336 104
4 205
369 384
248 342
67 357
111 242
428 82
316 108
174 229
406 41
390 61
353 204
187 235
359 384
400 39
352 404
412 73
97 245
11 296
375 342
67 18
375 270
433 87
426 387
76 358
176 303
419 224
168 434
314 259
376 400
171 255
43 31
181 277
352 186
190 429
96 78
330 101
369 207
60 46
192 284
370 198
37 427
22 298
92 195
419 235
375 405
166 106
93 252
338 88
86 121
72 360
328 264
191 238
138 445
312 9
430 208
379 351
92 72
98 188
145 10
346 101
435 82
71 351
34 214
319 28
440 359
78 380
48 123
316 4
54 13
86 194
327 263
45 36
316 113
169 430
75 168
257 431
102 183
29 183
104 176
378 324
15 6
372 319
390 59
157 105
359 255
136 11
22 108
356 194
131 17
318 235
193 429
118 276
20 199
27 139
39 299
146 183
133 216
71 372
427 88
184 298
376 386
68 408
437 386
36 133
41 120
212 90
162 419
253 345
72 419
423 387
78 167
114 81
102 110
378 334
64 422
372 256
262 432
69 128
182 300
405 65
441 111
431 236
328 244
181 435
162 108
432 90
248 325
319 18
115 238
58 51
345 259
162 111
233 335
425 395
236 67
339 261
76 130
86 162
178 106
137 434
41 290
323 103
64 351
114 50
88 140
178 226
344 100
73 36
159 132
311 26
203 66
448 396
163 296
337 200
15 302
234 434
118 448
181 231
194 305
164 242
439 233
16 110
168 98
108 259
148 107
163 116
27 196
339 184
67 359
352 108
330 238
28 203
100 60
226 79
432 109
163 302
121 205
14 299
140 443
431 95
76 370
341 125
110 427
66 412
98 85
346 401
331 262
169 420
333 111
162 413
131 207
157 193
442 95
91 115
77 45
103 115
20 127
101 48
114 250
118 18
90 124
69 42
23 2
262 343
169 255
374 269
312 264
371 393
4 20
330 268
57 36
13 220
365 349
27 289
356 397
159 243
340 114
176 106
76 427
32 301
335 18
98 112
169 121
79 132
192 280
342 252
431 209
299 3
143 443
360 349
163 113
432 215
253 325
238 343
49 34
63 17
71 43
114 16
449 378
353 383
412 224
334 86
89 125
60 353
415 214
29 109
21 294
421 384
44 422
113 18
249 322
159 429
30 130
211 94
91 366
182 431
419 201
232 79
331 26
326 272
384 323
223 72
29 119
355 275
442 361
129 191
245 323
352 94
98 269
151 206
340 247
76 170
181 260
93 121
341 262
350 389
354 199
367 343
326 92
53 434
123 449
64 11
31 301
358 347
232 432
100 69
49 19
398 44
74 35
26 187
426 239
354 268
32 108
55 357
339 192
21 279
323 0
168 230
140 185
324 108
411 210
67 124
178 244
371 323
343 195
8 194
65 423
418 71
354 182
233 73
119 52
376 273
120 250
59 420
211 73
299 9
442 224
375 193
51 45
440 104
212 67
429 364
126 253
437 212
4 15
113 263
165 412
117 259
115 53
263 448
206 92
166 292
48 44
76 379
427 200
54 371
362 413
383 339
390 50
345 87
20 133
339 109
27 109
109 169
118 433
328 8
322 111
137 14
64 376
336 20
134 445
92 143
175 429
181 436
401 50
167 299
66 373
380 279
382 354
266 324
9 294
177 405
354 257
446 391
169 98
116 446
263 331
83 360
171 435
388 333
49 424
325 121
99 273
376 259
10 298
25 125
17 16
381 284
4 195
181 311
433 367
116 263
367 336
355 210
80 353
134 449
162 429
436 223
52 406
53 430
63 49
329 246
165 121
191 278
57 441
166 136
104 184
365 207
369 252
19 314
195 287
183 235
83 366
168 293
433 102
436 219
350 276
129 420
261 335
419 87
440 223
49 429
191 424
39 199
213 78
377 253
209 76
244 351
360 386
60 429
102 170
244 354
71 25
423 42
235 334
35 134
122 421
226 69
11 15
320 3
216 58
372 183
27 203
180 423
162 284
393 64
316 9
162 436
156 245
8 288
66 418
149 109
66 36
338 111
343 185
435 88
238 429
42 202
263 433
252 319
350 111
181 123
389 48
183 234
416 212
361 412
83 120
355 183
140 442
350 179
68 18
129 19
415 92
171 97
204 89
418 213
183 409
179 412
421 238
168 246
201 86
221 93
43 413
414 73
79 23
328 102
376 265
69 418
12 212
183 292
52 14
444 378
337 243
319 6
225 98
167 112
112 64
46 406
99 60
34 116
168 414
356 260
174 112
21 213
131 424
435 207
256 334
424 85
89 117
165 232
18 131
331 271
237 437
23 182
416 93
371 411
31 315
88 125
15 298
113 446
423 229
73 44
368 255
361 336
218 74
310 15
163 237
428 395
173 434
342 187
179 430
190 309
261 330
142 177
423 207
441 394
14 311
310 253
367 387
5 210
65 30
370 253
181 241
14 210
342 400
84 352
117 82
348 102
399 43
251 444
434 396
321 241
125 200
112 59
372 350
419 84
5 192
26 305
340 87
133 433
371 326
165 299
260 321
28 204
138 27
82 377
77 348
398 72
189 422
349 267
250 447
361 332
326 266
189 423
180 291
174 420
34 285
54 425
157 109
109 67
309 246
428 217
175 408
238 433
166 289
158 410
180 232
121 449
99 64
333 115
91 127
98 116
167 303
443 217
357 176
435 398
46 21
437 109
236 436
444 368
334 264
172 243
438 377
37 287
74 14
175 413
341 96
223 66
192 289
107 55
236 334
119 243
146 180
357 342
436 363
368 403
368 415
106 440
132 31
130 433
120 431
63 16
248 426
347 174
244 443
170 135
214 75
84 171
148 126
105 246
376 250
363 324
171 261
54 25
415 91
351 386
204 67
448 391
361 335
203 82
235 349
350 182
109 445
375 279
70 368
12 112
213 84
359 183
431 101
363 334
331 238
366 185
118 74
151 184
375 403
192 247
338 250
24 124
359 270
81 376
162 411
321 28
177 409
106 159
309 245
99 168
202 75
418 102
434 205
369 397
184 255
84 185
210 95
397 46
376 331
12 197
90 63
187 306
13 11
43 113
120 249
92 188
404 66
402 69
173 109
33 276
178 278
44 113
406 35
112 257
49 127
58 42
83 128
58 31
136 449
71 424
310 252
448 362
97 83
145 203
434 374
358 399
11 190
406 68
187 310
168 260
324 258
368 409
365 405
302 7
125 26
336 89
372 401
434 360
16 210
364 326
159 109
75 373
134 438
349 202
409 62
164 234
113 7
234 446
164 425
92 57
367 190
424 382
230 91
421 39
146 3
155 190
244 325
350 117
165 235
437 106
72 426
131 11
196 304
24 314
332 262
322 120
145 180
7 23
373 280
228 68
162 409
259 355
82 187
445 87
361 284
105 173
163 284
166 416
182 258
147 194
70 422
166 413
242 432
73 134
416 236
125 422
180 111
341 403
24 201
434 203
72 353
262 435
75 387
332 270
129 209
179 236
106 83
188 234
376 352
37 414
76 135
176 253
329 5
347 403
341 180
368 326
185 433
24 107
134 198
238 437
364 344
40 198
343 256
67 32
170 241
186 229
16 306
110 187
320 15
375 328
123 16
168 417
97 169
445 364
419 47
415 63
172 423
410 227
41 309
355 396
45 107
102 167
445 371
100 179
41 308
14 208
123 28
236 433
376 321
152 189
147 186
201 70
140 217
314 28
352 112
6 12
130 22
311 2
413 37
374 322
132 431
63 366
136 217
178 418
80 354
41 116
346 207
426 119
378 395
300 21
235 346
10 12
193 291
134 216
351 95
39 281
123 25
422 201
414 49
190 421
341 194
430 99
38 428
100 121
106 186
269 333
88 119
175 435
122 417
424 237
236 342
104 87
232 85
112 254
55 369
81 189
190 248
246 433
86 173
376 325
137 206
389 267
170 257
97 260
128 244
449 104
40 290
336 12
115 420
100 180
149 12
318 112
95 130
204 68
134 203
123 23
130 190
67 354
119 239
121 274
33 207
121 71
354 273
24 308
381 257
124 261
135 25
336 203
215 84
10 304
69 359
390 65
175 125
165 115
89 187
405 225
217 86
309 22
348 176
46 420
361 191
101 61
35 187
174 238
408 212
424 393
99 247
158 250
347 209
253 427
349 211
117 245
236 326
369 400
8 206
90 135
367 188
326 270
364 403
340 244
34 122
94 139
89 176
201 77
100 136
118 246
167 116
59 51
382 333
45 420
423 228
322 109
176 435
80 170
261 341
365 381
358 184
376 269
418 116
126 271
53 46
430 366
437 369
176 260
167 412
358 340
84 135
212 83
71 29
76 125
6 191
41 286
364 177
315 0
398 53
419 210
219 79
59 14
40 289
74 127
81 363
179 254
143 436
384 349
18 104
42 285
138 208
44 304
183 241
68 132
121 434
350 384
110 278
317 114
364 390
234 64
316 102
23 8
170 310
231 73
58 20
71 23
56 21
56 366
38 191
133 255
84 193
159 421
190 232
420 218
378 406
38 419
379 271
355 329
22 285
145 20
426 364
176 116
74 377
423 367
261 329
210 61
362 415
54 21
104 186
324 256
383 321
110 79
164 260
375 339
371 289
138 196
135 211
57 412
329 8
114 171
197 292
211 71
155 188
85 378
192 415
448 381
322 5
353 333
18 129
78 165
231 76
184 239
206 63
431 100
339 240
168 437
42 282
117 4
22 101
167 228
105 187
322 118
188 250
401 64
352 263
79 129
362 212
335 98
150 16
20 13
13 127
76 33
175 284
40 307
78 122
184 243
347 109
87 69
216 78
383 352
191 305
185 294
363 354
175 436
74 427
421 85
428 207
107 70
363 393
78 177
313 258
60 406
132 13
28 0
145 437
11 293
332 1
355 259
23 105
224 90
76 385
188 289
381 327
326 118
49 412
84 377
340 248
120 193
345 393
14 308
43 424
76 132
189 283
160 120
330 247
106 253
128 197
414 67
163 411
128 8
106 245
360 350
251 425
418 215
167 424
110 428
111 246
58 45
343 393
209 87
426 218
24 15
76 426
444 90
360 183
59 33
42 118
434 81
440 116
74 378
160 105
438 386
327 257
41 110
63 430
229 442
92 78
355 178
32 121
328 101
133 264
155 128
127 2
85 133
149 120
427 120
27 286
392 54
195 298
184 291
230 93
338 259
145 117
63 438
253 448
169 441
36 214
15 107
413 56
118 257
386 257
358 202
160 103
179 285
150 118
335 252
14 198
139 204
340 243
37 416
173 105
126 9
387 272
419 54
59 427
170 103
245 432
101 81
380 272
15 215
177 280
76 419
29 115
240 322
317 109
357 253
184 407
417 231
96 131
124 272
113 272
155 418
92 186
367 381
436 118
44 35
152 181
91 171
427 52
329 248
187 435
355 385
38 308
112 77
166 404
170 115
395 46
61 380
243 346
343 257
89 72
314 244
112 439
158 424
110 86
369 274
108 180
174 264
239 426
99 244
435 363
358 272
336 124
330 18
113 441
81 354
436 108
114 418
142 217
416 98
17 194
426 392
69 356
0 16
97 133
384 327
431 225
442 390
266 344
45 286
353 410
234 72
387 266
323 8
118 255
98 262
160 115
307 4
418 52
70 30
331 260
43 109
446 372
63 404
121 76
41 102
101 139
110 248
145 15
328 119
75 362
251 358
348 112
424 214
157 199
20 313
168 105
63 21
79 179
350 277
63 354
105 171
389 275
95 258
431 362
27 121
183 231
149 17
318 273
114 70
115 68
345 399
77 17
106 74
81 382
190 300
12 8
77 186
388 344
148 9
246 439
85 119
427 83
252 320
214 87
80 370
31 211
76 15
330 244
367 380
224 87
26 200
31 308
150 210
255 430
21 286
186 297
254 346
324 118
232 434
7 9
439 91
5 199
88 366
24 315
441 389
128 253
359 396
164 293
89 127
178 248
59 417
58 366
431 85
368 280
345 386
326 249
172 240
336 189
254 445
322 246
122 243
120 242
168 101
264 355
362 383
384 270
168 426
425 385
316 98
68 116
91 128
426 216
179 441
249 426
364 204
126 274
29 301
323 250
152 113
129 200
49 24
367 414
78 173
318 247
304 11
137 428
54 404
398 63
183 110
325 246
226 447
347 191
370 384
112 50
161 242
385 349
114 435
75 113
91 122
319 0
109 423
335 270
375 335
315 256
394 47
398 58
9 201
126 6
99 163
386 333
318 272
112 420
159 409
317 20
146 16
173 297
344 96
15 201
188 292
29 297
334 7
425 59
63 33
88 159
172 244
260 434
341 193
246 446
21 183
150 204
243 336
111 72
114 62
340 206
85 129
361 343
248 441
358 182
367 358
79 29
332 238
167 430
224 62
34 215
317 258
366 178
121 239
23 281
250 337
77 177
427 379
344 110
141 16
76 39
93 361
341 205
352 266
83 353
21
