15
3200
12
230 281
233 47
90 227
264 277
292 36
9 260
159 239
121 237
166 290
65 102
196 55
164 265
1 116
239 146
164 94
121 249
236 55
155 267
0 122
160 85
171 297
177 291
232 289
268 284
239 38
204 54
74 109
235 38
120 233
6 256
243 136
93 227
226 56
235 150
173 283
168 233
166 272
207 53
166 289
85 220
161 255
161 298
161 97
166 243
165 92
234 275
166 279
198 48
159 295
150 235
200 63
286 39
152 233
71 108
2 113
173 258
298 38
114 243
156 244
240 278
83 223
161 236
203 57
294 33
231 144
172 260
230 52
230 288
152 239
231 138
92 232
167 240
12 117
166 256
73 97
164 267
289 34
94 235
4 125
295 30
0 109
170 299
167 267
157 271
293 28
6 251
234 52
230 55
128 228
6 263
159 229
175 286
172 102
164 103
199 60
94 230
238 53
192 57
4 262
90 231
254 279
266 283
16 254
230 291
260 270
148 243
229 290
228 37
169 243
158 94
238 135
158 245
229 271
186 55
167 263
84 223
62 93
168 286
163 282
132 234
123 241
164 240
227 39
1 122
119 230
237 289
262 277
232 45
240 55
1 259
259 280
9 108
235 142
2 266
161 237
61 103
221 284
200 48
161 232
169 292
167 299
238 142
157 274
263 278
74 102
285 39
165 230
203 46
168 91
168 84
157 285
203 64
240 141
241 149
170 296
11 115
227 41
162 297
229 289
251 146
288 43
169 90
166 285
171 102
163 264
3 263
96 234
171 271
246 140
71 94
162 261
126 237
123 246
87 220
113 229
269 282
69 112
161 272
5 120
155 237
199 51
268 286
66 112
187 60
160 89
205 60
163 288
174 295
3 266
17 264
203 50
235 273
297 44
161 92
188 52
240 155
220 276
170 238
69 111
10 265
6 253
170 258
225 52
290 47
18 253
228 282
233 50
233 155
96 217
70 102
271 272
14 267
159 284
87 238
10 119
121 238
299 35
159 101
1 257
230 58
162 267
75 105
298 27
235 138
162 235
225 50
71 101
112 238
170 91
163 283
9 252
198 47
5 113
61 108
160 289
163 297
166 105
5 266
176 287
243 149
247 153
125 235
233 38
171 299
154 100
165 99
286 46
117 234
240 41
172 97
223 290
163 243
289 26
7 124
151 234
57 104
61 111
114 238
292 31
169 95
62 106
155 266
168 279
232 149
226 286
241 283
81 220
93 217
149 233
117 248
148 237
239 275
262 276
234 280
157 262
128 240
297 30
157 91
117 241
4 119
69 98
228 47
93 225
231 36
95 235
186 54
162 289
172 296
168 289
241 150
93 224
154 88
244 151
68 101
4 263
265 281
202 65
256 271
61 94
170 84
7 259
166 263
165 242
94 238
92 228
10 111
83 229
158 292
159 91
222 279
159 269
176 292
87 227
238 54
194 57
201 59
233 145
282 42
55 100
169 102
164 270
163 87
197 48
171 280
98 223
199 56
291 43
289 38
170 290
203 51
236 50
117 237
164 242
156 243
299 42
149 237
2 106
169 103
163 86
290 36
234 43
161 247
160 288
4 107
204 48
160 269
161 84
7 119
65 103
264 278
230 277
75 106
168 285
170 259
170 94
295 28
241 48
95 236
162 254
57 110
232 148
197 58
170 95
115 241
239 277
4 108
293 29
189 60
174 271
111 243
194 63
237 150
64 101
158 234
113 235
200 66
6 125
71 107
283 38
5 268
175 266
190 45
235 280
0 263
7 112
169 233
123 235
294 29
72 95
227 38
232 54
167 298
153 93
227 56
222 289
267 282
122 236
187 61
190 46
225 284
83 228
155 236
238 285
259 279
149 236
222 286
295 39
165 256
156 93
156 96
163 254
297 42
165 259
228 143
227 40
167 232
113 240
98 231
192 52
170 275
236 291
228 149
128 231
239 138
93 233
162 250
88 217
155 101
113 244
234 142
150 233
11 268
164 247
125 241
172 284
8 266
203 62
91 216
274 282
93 237
295 29
204 57
282 33
7 252
153 243
64 108
166 100
162 245
0 266
260 268
230 279
161 299
294 26
161 291
229 49
75 101
14 269
172 86
289 46
121 243
245 136
225 45
7 121
3 265
122 228
268 270
287 38
190 49
73 96
64 107
68 106
270 283
205 61
246 147
55 97
243 44
160 266
261 282
229 272
243 145
221 288
161 235
18 261
59 96
84 228
166 104
168 98
246 154
69 107
170 240
166 94
174 294
64 113
15 256
164 290
174 259
241 46
242 152
110 239
160 258
55 108
64 102
232 36
256 269
193 52
88 231
242 141
239 137
61 92
155 235
203 63
118 245
157 287
83 233
241 47
295 31
160 254
9 109
238 51
4 109
167 243
11 262
65 98
65 106
86 231
255 274
240 157
255 281
172 87
100 230
234 38
232 38
61 104
234 39
157 230
71 106
239 156
5 264
63 97
72 111
230 49
260 273
65 112
3 127
3 109
121 225
261 267
170 284
229 45
72 109
190 47
187 54
147 239
162 240
284 40
18 258
287 35
96 222
170 265
236 273
79 226
3 262
80 222
293 34
92 216
55 102
10 112
197 64
236 145
158 274
99 233
158 261
89 216
124 240
119 240
155 242
6 270
164 93
188 60
168 90
175 95
69 97
68 92
229 277
130 233
68 100
94 237
246 143
238 154
296 38
83 220
157 237
115 234
224 287
232 271
119 241
166 287
154 97
230 272
245 149
74 103
224 285
165 269
160 228
159 102
110 238
115 245
234 153
169 273
231 37
54 104
159 236
127 242
174 94
0 262
128 234
7 114
9 249
228 41
171 91
172 91
98 221
81 231
171 259
7 116
234 288
123 238
92 233
173 282
162 292
235 54
156 250
257 281
196 60
170 239
164 84
19 254
67 104
13 252
155 261
73 94
161 91
289 31
196 44
233 57
170 235
167 297
229 275
237 49
84 226
11 264
270 269
264 271
245 154
286 42
117 235
234 151
224 48
156 100
172 88
60 92
122 239
268 287
0 110
113 233
248 152
238 43
164 283
114 237
298 30
17 260
234 138
2 259
284 43
131 243
176 94
236 152
8 253
236 58
172 258
166 288
237 285
82 227
163 230
224 277
91 231
270 282
81 222
232 37
231 149
166 237
149 239
192 46
162 230
273 272
92 219
176 296
263 275
127 235
239 135
170 295
149 241
157 248
203 49
166 271
294 30
244 49
95 221
244 155
89 232
191 57
156 245
130 230
89 218
11 121
261 273
162 98
225 289
288 41
111 232
187 53
186 52
223 275
1 118
2 121
15 261
241 43
270 281
198 54
70 95
235 149
271 274
18 256
235 50
157 249
88 228
13 263
292 32
124 244
197 57
8 262
164 268
124 226
114 239
70 105
193 53
229 36
76 103
232 270
299 41
11 263
226 54
238 46
238 47
99 232
153 245
194 46
295 27
239 283
94 226
237 52
80 233
167 104
262 266
9 123
1 105
239 45
294 32
225 286
219 283
187 55
15 264
298 40
238 56
63 100
4 268
161 297
160 104
153 244
158 270
232 150
3 270
228 44
93 229
248 149
61 95
235 272
113 230
73 101
124 248
159 268
296 46
198 45
162 247
265 283
232 46
235 55
13 260
170 256
129 244
239 282
9 265
159 230
126 230
164 245
166 91
158 283
68 93
191 60
165 276
6 255
288 37
120 232
222 49
240 46
231 280
7 264
171 291
8 260
225 290
166 247
157 284
239 286
166 103
127 239
112 232
167 294
155 232
169 298
7 260
234 42
243 143
83 224
283 43
157 288
12 115
290 42
240 281
242 137
119 246
173 293
69 109
70 97
69 93
86 229
9 251
6 108
196 47
297 40
81 221
232 274
237 287
238 286
11 258
117 227
163 242
155 294
294 46
155 98
166 241
5 107
298 44
266 270
164 266
295 33
74 98
1 106
166 238
125 248
11 250
200 56
160 87
71 96
3 126
0 254
159 251
157 259
165 294
243 43
161 283
15 252
123 226
6 112
65 108
115 242
294 39
239 56
169 241
175 91
166 264
275 277
172 299
71 110
11 261
20 256
291 46
95 222
163 281
236 280
171 260
157 242
62 97
5 118
7 254
173 261
250 146
170 264
161 248
159 265
153 240
154 246
247 149
160 295
17 257
90 218
167 261
234 156
170 282
172 282
230 43
268 280
223 278
160 270
1 104
149 244
186 57
130 242
267 284
239 55
242 48
128 239
175 267
170 236
161 88
162 295
271 278
272 283
171 239
60 95
90 225
174 93
201 54
156 289
232 147
231 285
157 263
166 278
269 268
194 66
230 275
195 49
228 42
168 86
255 284
118 229
56 99
234 286
288 47
225 288
235 51
176 289
226 282
118 244
175 285
227 272
68 95
155 233
240 53
84 219
62 112
221 283
19 256
249 144
185 56
162 279
87 226
225 42
188 62
157 234
273 281
0 261
193 65
132 241
193 62
225 283
202 47
262 270
230 270
236 39
161 282
60 98
58 94
243 41
155 268
124 229
204 53
227 279
273 274
156 242
256 285
76 104
131 235
269 267
69 100
262 283
86 230
13 264
202 48
205 48
295 41
172 285
296 39
65 99
63 109
226 279
194 54
171 266
244 156
266 285
132 236
70 103
163 105
206 53
4 266
246 145
95 223
161 275
157 261
239 144
96 230
270 275
172 266
65 91
154 234
155 90
13 256
0 111
170 96
232 48
229 284
82 234
111 234
165 272
175 269
121 242
165 235
202 56
80 224
247 146
159 89
232 57
167 83
262 279
194 65
231 153
163 284
125 234
228 281
240 40
8 250
164 279
160 102
266 276
243 52
84 232
161 281
85 221
168 276
272 278
4 250
262 288
229 282
153 242
174 289
158 100
224 284
163 93
186 53
154 259
207 51
265 279
227 52
226 46
157 238
249 148
271 284
162 288
230 278
288 25
118 235
188 50
255 273
297 38
168 260
199 57
4 120
239 46
232 281
221 47
231 51
92 220
248 148
67 98
130 235
238 153
164 87
229 57
289 33
223 46
231 145
224 271
233 154
239 281
74 108
64 111
239 39
205 52
112 239
264 265
71 98
194 50
240 140
223 44
161 254
233 59
240 38
173 99
255 280
260 282
198 63
166 86
298 37
207 56
163 272
231 56
159 262
283 41
159 87
169 88
239 287
160 282
257 282
260 280
79 230
173 260
0 117
170 272
153 237
168 105
225 275
292 40
86 220
163 265
114 233
170 297
161 239
228 272
267 273
297 26
10 262
69 108
168 95
69 92
228 50
274 275
231 45
250 149
60 99
259 275
128 242
90 228
194 64
201 50
192 54
158 103
15 268
87 229
12 257
91 228
82 229
101 228
82 220
73 95
151 243
236 47
185 55
157 268
164 269
93 222
72 98
167 270
200 49
57 107
222 43
10 122
95 234
166 97
164 263
8 258
227 286
237 55
298 41
274 271
225 39
296 26
287 37
124 235
224 280
79 229
284 33
83 231
16 259
171 269
188 51
170 288
237 143
235 44
231 48
157 86
153 249
243 51
172 264
62 99
293 45
8 122
87 219
161 231
194 58
156 284
236 48
161 104
90 237
170 89
6 249
226 280
175 287
233 53
86 236
5 261
169 236
220 277
169 260
166 265
227 275
70 110
3 110
190 65
126 240
155 96
231 139
242 153
169 245
85 237
268 266
283 34
271 282
267 280
92 221
69 91
243 46
0 124
7 109
244 45
244 51
86 237
92 225
58 103
162 104
171 290
173 267
250 145
236 141
241 137
167 275
233 274
226 42
85 236
161 266
19 259
4 261
253 278
160 84
218 281
243 49
161 269
66 94
91 235
158 233
88 225
158 255
54 99
93 235
233 138
193 48
221 278
265 266
288 39
158 84
299 45
238 274
230 147
157 233
286 45
121 244
159 266
163 256
15 267
234 139
1 128
121 226
3 267
10 123
248 139
174 92
11 249
10 255
190 61
68 103
149 235
264 280
172 273
161 289
268 267
68 91
151 244
249 147
219 282
234 144
237 42
296 27
200 44
187 62
16 252
58 111
167 236
8 259
225 43
226 49
240 45
114 242
168 280
282 34
287 39
230 148
121 234
155 290
162 256
15 250
126 246
63 99
6 110
233 143
290 41
169 290
169 272
240 52
4 124
165 292
17 254
171 97
223 288
55 107
84 230
2 122
2 112
233 153
112 242
234 277
150 243
68 98
165 85
62 100
2 267
67 105
158 260
76 106
249 143
167 86
110 240
267 268
299 34
171 96
156 291
1 262
119 242
3 112
81 233
162 270
166 281
232 56
298 34
65 93
232 146
70 111
244 147
239 153
9 259
156 261
96 235
239 279
230 42
161 99
228 288
231 38
296 41
159 99
270 285
113 241
166 93
156 239
162 241
18 266
239 139
242 135
197 52
156 99
267 287
128 241
18 260
158 92
90 239
166 90
198 58
233 56
238 277
123 242
90 220
295 32
164 239
224 43
4 254
199 48
172 294
173 297
56 105
131 241
239 155
246 150
231 151
161 276
132 240
241 153
124 243
271 275
155 230
117 228
262 286
163 290
290 34
9 121
171 263
3 257
192 47
293 46
74 95
294 43
229 37
293 25
87 232
5 109
297 33
202 50
228 150
260 276
175 93
156 263
65 96
264 289
124 238
228 284
125 245
228 278
166 245
230 282
223 286
85 224
233 152
194 60
161 83
169 84
2 263
223 45
173 290
233 55
10 116
198 46
122 248
231 279
200 61
60 110
229 145
70 112
236 49
174 269
199 63
158 85
260 271
160 281
111 233
270 284
237 277
153 261
1 265
73 106
229 286
164 291
286 27
227 284
169 257
295 26
220 284
238 41
169 240
259 281
238 278
231 52
155 239
268 273
13 271
231 42
191 56
175 262
168 266
63 113
164 254
11 271
96 218
165 263
188 48
158 297
285 31
263 270
5 252
162 280
228 274
272 276
19 258
168 282
282 40
91 219
117 247
291 31
240 49
56 95
229 144
196 52
18 259
243 140
154 229
57 96
160 280
164 86
175 98
150 244
231 288
119 229
158 247
224 44
239 142
299 36
166 230
166 88
7 255
230 44
174 296
118 226
168 268
165 94
229 148
168 245
166 242
286 44
248 140
92 230
163 98
163 271
222 278
236 274
238 50
130 243
99 231
237 288
158 293
166 297
261 280
231 57
83 232
236 144
192 49
155 288
226 274
160 86
61 100
249 152
159 94
220 280
233 275
192 65
7 267
199 46
165 98
169 289
168 235
86 216
237 53
115 235
2 255
273 275
231 282
290 35
242 281
245 146
264 286
291 32
227 50
230 153
91 221
243 155
119 226
160 95
15 251
168 240
8 254
65 105
10 258
91 227
160 299
233 36
130 240
228 45
262 272
156 87
241 155
297 35
176 285
261 284
171 288
167 284
222 47
167 88
122 245
220 287
191 46
201 64
5 112
164 282
7 249
203 52
224 50
230 47
293 37
167 238
281 40
167 246
274 281
235 285
169 296
239 278
256 277
245 143
165 249
194 52
185 52
170 298
89 236
96 225
225 273
263 267
237 137
162 264
131 240
258 277
190 58
237 44
163 241
240 156
175 294
64 91
165 229
6 271
285 27
59 106
170 293
239 152
268 276
163 231
115 238
225 280
67 102
262 284
169 265
240 277
156 287
174 91
190 53
290 40
242 151
2 125
228 271
267 285
119 236
262 267
220 281
203 54
196 53
153 235
272 270
15 258
125 237
221 277
97 225
119 239
5 253
12 267
169 235
164 257
168 267
169 283
124 239
128 229
261 266
129 245
169 287
169 97
255 272
88 235
226 292
284 44
162 263
228 39
272 285
165 257
235 282
2 119
247 152
246 155
60 105
70 93
168 294
19 263
287 40
195 58
126 245
207 59
10 263
295 38
159 247
260 288
241 148
116 232
119 234
168 287
154 95
60 100
237 141
162 237
68 113
167 237
289 41
87 218
236 148
167 257
229 44
172 281
172 90
246 148
275 273
199 61
164 243
196 58
188 63
60 97
230 50
167 296
227 287
57 102
90 217
73 110
12 268
233 46
272 271
0 115
168 85
204 56
125 239
161 258
260 287
152 247
87 231
169 267
86 234
236 290
173 93
257 270
238 146
222 280
171 268
167 233
88 222
231 273
266 277
3 114
17 259
220 286
232 285
166 270
231 47
188 56
71 97
114 235
9 248
1 124
7 117
167 103
250 144
99 228
165 95
119 237
167 259
113 242
265 272
241 51
5 116
238 282
170 242
17 258
153 263
114 232
91 226
229 143
281 37
13 249
92 226
13 270
125 232
235 290
237 142
236 57
164 292
254 281
158 263
192 61
116 227
85 235
163 83
293 31
15 260
120 226
86 232
230 287
111 241
288 30
12 263
248 143
234 287
165 255
242 44
112 244
17 263
9 115
53 102
98 232
70 92
9 271
2 251
168 100
4 267
247 139
237 275
123 230
114 240
172 271
162 90
243 48
164 286
234 50
6 250
167 239
85 230
2 118
269 273
5 127
168 290
128 232
246 146
161 285
55 96
82 228
242 140
263 281
91 233
98 220
153 265
233 139
129 233
239 43
266 269
296 35
238 136
81 226
84 237
168 96
70 108
236 44
150 242
294 35
61 97
168 241
219 281
76 105
188 57
150 238
126 242
163 262
202 64
293 47
189 64
74 96
84 218
232 278
112 234
171 287
233 151
156 231
266 287
192 62
231 39
12 119
111 236
241 278
288 31
91 232
163 249
266 274
249 142
229 53
8 110
74 100
153 229
165 243
110 241
15 253
238 150
17 265
287 46
276 277
93 221
231 154
195 66
286 26
72 103
155 247
271 269
229 50
197 63
150 246
255 282
20 257
159 97
115 246
66 98
168 101
93 220
90 216
111 242
152 230
244 43
208 55
60 101
161 85
121 233
10 110
282 32
10 109
167 96
66 113
258 283
64 105
156 234
1 254
232 41
165 97
230 286
172 92
162 234
168 254
233 140
89 235
234 37
299 39
226 285
118 239
242 42
3 121
171 281
170 100
168 237
95 226
157 250
11 270
198 49
167 91
233 286
115 227
229 54
0 120
117 244
0 267
170 243
157 239
259 267
191 59
8 112
56 103
271 286
2 269
120 236
10 257
128 238
15 263
73 103
240 275
90 234
228 287
257 278
86 221
162 258
123 228
203 55
173 296
97 221
161 240
162 266
11 119
2 120
227 280
235 56
168 263
241 154
59 100
196 62
80 227
161 260
172 283
168 87
160 88
280 36
163 250
76 98
1 111
258 279
63 107
270 286
224 290
175 296
8 117
149 234
2 126
154 243
129 238
4 126
87 237
226 44
14 265
194 45
290 37
173 295
177 294
126 238
227 55
236 42
240 50
129 243
122 241
237 153
157 289
235 58
264 282
4 121
233 284
197 62
6 114
13 268
262 280
260 272
157 260
236 151
68 104
163 88
247 143
260 275
20 264
160 263
89 237
247 145
9 112
67 93
174 262
118 230
268 274
163 245
153 267
162 101
154 244
188 55
61 96
258 281
195 47
159 241
125 236
19 261
60 103
87 225
164 280
175 92
91 229
256 274
60 112
91 230
158 284
296 29
164 261
293 39
71 93
227 146
160 237
237 145
242 45
156 260
86 235
189 52
192 59
8 108
124 236
298 46
116 228
89 238
282 35
7 122
230 293
1 267
258 270
3 107
274 277
233 150
99 224
168 293
267 278
244 137
18 264
173 269
8 118
82 219
187 51
165 246
116 240
159 293
81 232
87 230
2 109
0 255
174 98
1 113
236 46
93 230
76 99
224 275
159 235
67 95
163 260
295 42
169 239
267 269
189 57
8 123
264 285
240 136
172 93
286 30
163 95
3 116
162 96
119 245
228 276
130 232
234 150
159 294
99 222
238 55
169 259
170 280
235 287
158 101
254 278
240 143
265 271
166 280
95 230
156 285
196 48
164 285
165 271
5 257
93 236
299 38
199 54
231 290
204 51
163 255
238 275
132 237
5 121
154 247
167 264
231 40
92 223
246 137
158 264
287 28
170 263
93 228
228 275
164 231
66 111
242 139
18 263
9 272
225 49
287 36
230 57
173 292
126 231
238 38
261 286
161 264
296 37
97 222
188 61
295 46
173 286
173 289
125 231
264 287
164 82
11 118
123 232
168 271
170 289
127 230
227 46
229 51
233 292
234 272
240 43
229 273
98 230
236 41
163 101
155 271
235 43
247 154
230 141
234 283
174 90
131 232
14 253
271 270
234 137
168 238
79 225
164 97
159 290
229 270
189 49
193 47
172 297
164 281
66 105
227 274
126 228
196 59
243 142
75 99
15 255
70 107
163 94
202 61
19 264
163 103
6 126
60 94
72 94
238 139
231 283
97 229
242 53
171 94
156 102
231 150
2 260
8 120
256 275
252 277
61 112
160 275
265 277
88 221
255 277
154 98
161 242
12 260
158 295
177 287
294 31
190 59
238 284
229 47
226 288
170 291
101 229
82 226
241 41
232 47
261 279
78 227
2 257
236 287
236 154
288 46
297 37
159 90
117 232
129 236
219 278
165 105
19 257
232 53
14 266
207 57
10 118
124 241
270 276
240 284
174 267
163 292
167 293
173 288
226 270
70 94
197 65
170 274
162 298
255 279
194 47
154 263
95 217
229 288
190 62
167 85
168 234
127 234
168 272
4 252
290 26
234 36
239 54
97 226
18 254
82 235
3 119
288 28
4 251
198 44
159 86
170 268
54 105
248 150
120 235
185 57
236 153
112 243
290 25
6 259
65 95
171 256
230 38
99 234
171 283
290 29
272 273
66 99
263 266
228 148
176 290
17 253
163 259
100 223
291 45
16 251
159 100
189 53
109 237
62 98
156 248
167 256
158 268
80 225
126 232
2 107
223 287
171 284
236 149
232 138
172 268
124 245
240 51
160 296
240 283
160 255
65 109
161 95
249 146
274 272
92 234
237 43
15 259
4 270
283 42
194 44
240 280
240 48
171 282
236 45
163 294
253 280
152 241
171 295
73 107
241 139
167 254
195 46
2 127
166 258
256 283
170 292
198 53
232 154
242 145
152 242
231 275
93 216
237 281
176 286
234 278
223 50
9 122
166 96
10 271
198 57
228 289
88 227
185 54
233 35
157 267
56 106
161 262
164 255
269 272
7 257
84 220
116 241
15 262
165 267
160 239
166 84
244 145
72 99
202 45
157 99
206 52
10 260
195 63
237 36
91 234
236 275
239 141
5 251
193 45
83 221
172 289
298 45
237 38
89 226
228 49
163 274
289 44
124 242
162 268
166 268
287 43
267 271
294 36
123 243
164 101
8 270
265 268
231 281
170 101
265 269
229 147
236 271
149 245
68 112
161 238
88 224
262 282
5 254
151 245
98 222
95 237
266 280
161 273
5 125
129 239
157 228
165 298
155 264
163 91
3 113
297 36
161 100
196 64
294 42
264 274
229 283
286 32
169 86
232 145
233 54
222 51
227 57
158 275
164 85
160 261
8 119
85 218
163 97
191 55
153 90
111 238
154 238
116 235
226 281
167 89
299 37
223 48
58 95
97 228
167 87
236 56
55 106
0 106
167 255
227 51
236 279
267 277
165 83
293 44
292 24
155 262
69 94
71 99
55 105
20 262
101 227
60 106
195 56
168 88
64 110
162 105
63 103
168 246
173 266
166 284
224 286
94 219
6 266
201 49
90 226
194 61
66 108
101 226
58 109
163 237
227 282
83 226
236 286
129 240
162 86
67 91
164 102
167 101
231 140
7 118
240 154
173 100
259 284
172 265
225 279
292 37
171 90
239 48
16 261
231 278
235 144
175 96
160 273
1 268
4 255
167 266
169 264
7 107
173 90
282 39
61 106
164 233
250 142
14 254
164 297
120 238
164 106
56 104
173 281
128 245
10 121
271 279
236 136
177 286
160 230
120 243
166 291
188 58
173 94
122 243
234 154
191 58
1 121
165 291
95 219
230 53
237 136
163 279
296 44
132 239
102 227
64 97
163 299
167 100
175 97
166 235
227 285
172 280
288 29
296 42
245 144
298 26
256 284
6 121
268 282
161 103
156 89
123 234
168 239
5 105
240 150
291 42
199 59
65 101
219 279
165 233
66 104
160 250
200 54
201 65
118 242
261 285
75 103
162 232
244 48
62 107
236 285
59 93
237 56
240 135
3 108
240 137
153 241
56 107
292 30
171 101
170 102
14 264
96 224
241 157
7 268
4 112
86 233
229 150
16 265
228 147
8 109
250 150
173 294
244 136
162 99
73 100
155 231
8 265
96 227
7 262
232 290
199 44
242 157
227 45
238 276
94 227
164 238
241 136
292 27
192 64
164 234
236 147
235 284
191 53
90 219
70 98
233 58
286 28
161 86
156 259
160 249
284 35
12 256
281 33
198 56
64 112
7 115
273 282
192 56
90 235
204 59
154 248
3 106
6 107
168 99
266 275
264 283
237 155
16 262
292 47
167 262
152 234
154 239
230 46
290 31
4 264
161 244
299 29
167 235
21 260
239 158
232 286
234 44
100 231
65 97
235 136
95 228
165 87
275 279
154 236
100 226
228 56
243 147
118 241
171 296
68 107
234 46
256 272
166 295
54 102
297 32
0 105
122 232
291 37
174 287
160 274
113 234
94 224
6 252
169 244
160 259
196 61
229 146
11 252
81 223
124 232
255 283
85 229
118 232
162 229
224 283
71 103
4 122
196 54
242 156
198 55
247 138
268 285
271 273
254 282
71 112
2 115
120 241
233 285
241 156
62 111
16 264
16 263
234 152
289 45
202 55
15 269
163 104
171 95
58 97
1 258
62 95
99 225
0 126
1 264
236 143
273 273
89 224
270 270
13 258
157 235
191 62
222 282
123 240
234 149
118 233
229 276
256 270
159 103
168 256
291 47
5 114
235 155
162 269
130 244
2 124
230 151
247 151
159 282
61 91
58 108
13 257
236 137
161 93
226 272
12 113
232 155
69 106
100 224
231 41
230 140
157 270
237 37
162 97
171 286
291 40
169 281
156 258
296 25
201 58
62 108
159 274
160 232
236 51
127 238
13 265
242 148
222 281
164 293
232 280
265 287
69 101
243 139
273 280
157 85
64 99
166 296
149 240
125 233
289 30
236 284
284 38
171 298
155 88
158 240
128 243
86 224
128 236
288 26
195 50
205 58
62 96
171 99
230 283
225 274
157 257
12 114
263 268
220 279
253 279
247 147
232 273
167 290
174 265
11 120
245 148
175 263
189 61
231 143
16 267
242 142
174 290
123 236
224 274
235 48
170 287
230 271
233 272
9 114
160 98
154 245
158 231
168 102
189 46
195 52
79 224
258 287
200 60
121 229
95 232
164 236
101 230
234 48
163 275
237 283
166 292
155 94
283 37
166 236
288 40
1 119
172 89
159 288
168 297
8 252
296 36
165 96
175 284
241 279
228 286
172 287
8 256
237 282
116 247
96 229
12 116
62 101
170 257
115 239
130 236
160 292
191 47
229 58
7 106
1 117
2 262
56 96
17 267
292 33
166 261
235 37
285 45
2 111
238 140
292 35
8 249
159 289
261 268
235 39
97 233
168 274
289 29
288 42
230 274
286 43
234 271
63 92
5 262
198 65
59 102
4 106
235 271
73 108
226 45
195 53
77 102
172 286
238 155
9 261
60 111
171 264
197 46
233 271
157 297
162 285
171 267
91 218
162 259
192 45
157 240
255 276
259 277
238 138
234 148
205 59
156 296
119 235
244 50
12 261
9 263
187 56
237 45
67 103
0 116
122 242
223 283
58 101
249 149
158 229
160 298
67 109
157 101
226 273
233 48
13 255
125 229
187 57
13 261
18 257
263 285
199 66
283 32
174 288
240 152
72 110
154 92
257 280
97 232
172 95
160 235
155 265
230 143
230 39
297 41
116 244
88 236
113 232
195 61
290 43
172 262
266 266
162 238
165 258
98 229
85 228
291 34
156 240
168 265
163 228
162 89
70 100
233 147
90 223
117 243
168 255
150 237
196 56
249 141
225 48
197 56
286 33
236 135
61 101
233 149
160 246
165 84
65 94
63 104
233 39
161 94
159 255
14 256
239 50
228 54
242 49
284 31
0 119
164 83
236 272
186 60
167 288
12 120
200 64
229 38
235 145
289 27
197 49
230 269
3 124
10 259
168 283
163 270
228 283
269 281
244 153
3 259
172 292
83 230
72 100
244 150
238 57
60 108
285 28
162 249
238 283
193 59
160 100
164 241
283 36
222 284
8 255
238 156
174 264
244 144
238 145
113 236
293 43
168 262
85 217
206 55
267 274
234 273
89 223
225 271
167 292
260 281
173 268
169 92
185 58
122 230
159 291
162 287
116 246
167 260
152 238
265 278
176 265
10 261
91 237
8 113
219 277
118 237
117 233
237 58
10 251
287 33
159 233
1 256
82 221
155 270
192 48
118 248
156 233
161 87
68 110
12
