25
5000
10
166 284
283 114
243 130
265 199
247 238
172 359
349 294
301 330
114 8
322 285
6 340
66 205
167 39
78 102
238 374
399 115
75 133
382 350
123 58
87 353
394 79
148 168
301 297
326 121
18 178
245 246
323 281
270 204
140 166
299 302
320 284
95 348
61 206
149 172
122 56
267 197
170 351
9 341
326 115
395 122
395 84
391 72
352 297
81 128
281 121
140 167
93 361
128 66
10 346
332 285
89 356
125 57
397 107
89 350
293 303
305 294
373 351
87 102
335 120
234 376
323 119
165 44
10 336
95 356
356 297
113 17
259 193
89 359
180 359
117 10
66 129
243 123
301 337
271 204
167 278
325 118
75 127
160 288
117 17
110 6
324 276
18 175
320 277
19 176
2 347
168 367
348 285
142 168
232 366
388 355
295 337
268 198
64 205
342 287
245 370
76 135
251 132
151 167
248 138
162 39
265 196
68 138
113 9
122 8
299 325
112 7
165 352
344 297
318 290
172 355
247 377
270 195
263 197
243 373
15 178
299 339
147 161
245 137
286 123
79 105
6 345
245 125
81 346
295 293
145 168
309 298
258 193
305 289
78 131
376 353
271 198
283 123
116 9
242 130
349 284
243 232
398 71
176 356
123 57
298 324
299 324
6 350
78 134
117 57
168 30
390 116
23 179
246 237
325 126
238 136
392 112
376 357
234 378
242 374
228 374
377 352
11 333
5 336
248 128
172 41
380 356
285 106
357 292
341 293
349 289
324 129
382 356
299 295
84 345
76 106
303 304
272 198
152 173
114 15
235 375
22 187
131 59
168 33
386 344
240 366
318 286
384 357
148 163
164 33
322 112
82 128
84 360
247 376
169 358
119 49
329 124
342 291
390 344
299 331
76 108
71 102
174 278
293 327
347 292
252 243
80 98
309 327
12 180
296 294
241 128
394 116
250 133
162 38
68 211
96 354
325 286
275 112
180 360
316 291
72 103
332 125
160 41
66 213
60 205
307 326
161 283
174 282
15 183
141 163
326 282
259 194
292 115
166 275
123 61
115 53
65 199
298 330
322 284
260 206
69 138
232 377
60 207
14 185
123 9
397 120
87 344
69 205
84 102
384 350
109 0
70 202
328 126
303 323
395 108
27 181
16 186
286 114
88 356
173 34
390 85
158 288
168 352
390 86
87 358
93 345
161 277
296 293
249 244
387 349
255 241
251 247
11 184
15 182
245 378
73 137
167 356
397 119
322 281
173 354
292 299
239 125
91 345
327 128
142 160
394 112
323 288
245 129
115 55
16 181
83 132
73 202
15 337
121 49
247 243
309 334
169 367
247 242
388 80
252 130
69 214
243 139
382 354
398 116
297 337
375 346
163 360
295 292
245 371
249 241
161 285
309 329
235 365
333 124
381 358
144 173
167 364
178 358
324 124
293 298
17 181
4 349
68 198
83 349
298 304
73 142
158 35
82 109
235 124
267 204
320 291
377 345
162 282
250 230
70 128
283 113
90 344
142 161
14 339
281 115
254 241
19 184
321 292
82 99
68 131
303 336
294 298
294 291
7 335
396 121
18 177
235 372
250 124
237 375
170 277
109 7
156 173
269 199
7 337
168 276
167 47
118 16
8 334
357 298
249 232
233 382
178 351
282 119
14 187
125 62
172 364
81 361
304 292
249 239
238 371
344 302
78 94
14 181
318 281
155 168
91 346
6 333
251 243
146 160
18 170
245 247
245 130
325 282
393 80
90 356
166 364
166 287
396 71
62 203
20 176
307 335
123 6
307 302
169 41
112 15
10 341
293 324
89 353
4 347
152 162
159 38
390 349
234 370
389 71
170 353
174 358
300 335
9 338
270 201
67 212
273 195
115 12
344 289
240 378
130 63
170 368
398 87
86 361
130 56
240 129
141 168
292 295
310 333
117 11
379 343
139 171
115 7
271 195
14 175
81 353
303 294
326 116
319 124
82 94
77 99
85 362
298 325
273 203
11 342
116 6
301 307
386 79
308 302
107 10
80 348
172 292
352 299
72 126
242 376
69 211
354 295
72 137
385 359
180 355
268 199
319 285
390 113
25 181
148 169
294 329
382 348
300 299
315 283
87 101
387 344
296 332
120 4
238 238
120 13
384 347
117 66
59 204
310 331
269 201
251 130
305 339
392 87
119 13
168 43
248 241
68 132
330 124
125 64
69 105
384 344
330 120
286 122
274 197
242 380
358 294
12 346
119 7
79 134
319 280
319 278
89 360
61 208
125 67
125 52
305 324
283 104
250 237
165 289
380 341
391 351
172 366
91 353
398 119
151 162
5 343
312 285
142 173
239 240
294 335
74 134
84 357
142 162
12 348
251 134
173 40
5 334
329 115
355 289
240 373
331 287
162 45
174 44
331 115
244 381
20 181
242 121
8 348
241 230
390 353
302 306
72 142
247 138
159 33
121 11
295 325
80 93
66 207
286 115
232 375
86 97
331 120
71 198
397 84
125 59
180 353
355 290
176 358
273 114
355 293
302 332
391 349
15 179
62 206
317 289
67 137
239 124
59 203
329 125
298 334
119 67
306 292
171 284
258 202
140 171
13 179
287 112
10 347
296 303
74 207
242 234
174 356
376 352
396 122
179 362
355 298
67 199
397 71
295 323
11 185
392 77
242 246
75 209
233 379
71 201
242 369
377 348
65 133
122 59
168 368
333 122
163 288
28 178
331 288
390 355
175 37
324 113
349 301
349 291
121 67
20 173
382 353
114 16
70 107
114 55
78 357
254 232
244 234
159 282
342 300
164 47
175 367
379 345
116 5
128 53
70 140
15 187
23 171
246 135
121 57
298 291
16 175
389 79
252 238
9 176
67 200
242 138
165 275
293 114
3 333
115 8
159 285
354 287
322 276
395 116
152 160
302 338
379 355
250 244
389 352
175 361
294 295
351 295
164 281
309 328
250 131
379 350
151 173
118 1
113 15
279 116
67 139
69 127
142 169
71 129
72 108
86 352
67 203
280 116
147 165
106 13
118 13
313 282
270 192
286 119
73 141
145 167
397 111
174 286
139 164
300 329
239 131
163 359
348 292
71 98
390 119
256 200
110 12
298 327
349 302
176 37
1 344
237 131
168 362
159 277
244 236
149 159
247 129
389 82
60 211
72 132
311 330
394 122
65 214
344 298
86 99
3 343
389 76
69 99
394 74
383 350
82 96
322 116
172 282
253 130
235 369
169 277
350 302
280 115
86 359
74 110
169 352
309 330
326 124
307 295
169 32
107 2
246 131
268 207
388 343
12 343
327 127
14 346
349 288
73 124
172 363
392 110
243 372
111 2
354 294
331 126
21 174
284 122
386 352
379 344
72 98
242 128
84 353
165 42
352 302
299 333
150 171
305 298
329 282
179 363
19 186
142 174
78 142
65 204
63 213
341 297
74 107
165 282
251 238
116 13
274 195
241 377
73 131
230 376
385 83
80 346
324 288
285 119
245 377
95 351
236 374
326 276
295 305
122 14
290 110
167 285
262 199
82 111
253 230
301 326
72 102
321 280
248 238
326 294
292 117
179 358
168 286
85 346
127 65
155 172
79 128
68 135
15 172
324 116
346 303
351 303
164 365
173 282
21 171
78 139
86 345
14 343
61 209
297 328
173 368
81 125
76 133
116 57
264 195
235 125
238 378
304 291
327 118
304 295
3 349
60 198
11 332
6 335
331 113
239 366
110 2
253 245
169 46
118 5
394 109
299 290
261 198
91 362
173 353
356 296
115 54
309 302
250 240
118 53
21 169
3 345
109 2
82 110
160 284
2 338
79 94
76 95
299 330
247 127
164 44
324 281
242 242
74 140
285 112
119 11
140 163
168 45
239 137
170 288
301 324
81 126
70 130
241 138
327 277
379 353
153 160
123 60
231 378
357 295
232 371
391 76
300 331
1 336
297 323
179 361
398 110
127 54
243 128
349 293
108 1
120 15
247 130
271 199
325 129
393 81
71 101
167 36
244 241
379 349
398 78
300 339
229 373
165 32
10 344
258 204
27 180
295 326
327 284
122 65
174 366
281 120
69 137
70 100
74 137
248 242
94 353
253 234
127 56
79 95
4 336
309 292
84 97
394 78
320 288
13 180
321 287
380 352
232 367
325 281
335 117
147 176
121 65
340 290
70 102
243 229
88 357
146 162
346 287
263 190
234 134
234 127
301 322
291 108
241 370
241 376
332 124
396 76
270 203
79 127
309 326
79 102
236 369
170 281
239 365
13 174
375 354
174 45
383 357
341 288
242 383
173 288
302 323
57 207
292 294
129 50
167 358
386 345
375 352
22 169
109 15
143 168
331 117
269 207
317 123
171 286
246 380
384 346
69 125
14 340
237 380
379 346
21 177
164 40
377 355
84 356
25 171
290 113
347 298
389 345
390 78
80 349
329 279
239 370
164 354
329 123
74 131
356 293
24 184
324 280
251 127
175 355
144 168
87 103
346 290
357 290
114 59
75 138
288 112
167 282
315 284
108 10
82 355
303 330
260 196
325 120
175 356
166 292
173 283
396 124
386 85
390 111
171 365
394 108
295 295
239 374
247 122
244 134
239 377
153 167
153 170
166 36
9 342
180 363
393 112
26 179
91 358
11 341
264 193
118 9
267 206
173 287
247 139
164 37
116 16
156 162
79 135
83 347
396 74
158 282
77 140
108 5
333 120
148 167
308 290
115 9
277 113
68 129
348 301
395 124
146 169
0 347
265 204
164 283
126 58
291 120
72 140
106 9
303 298
275 111
281 113
320 294
324 115
282 106
263 195
24 173
127 61
167 31
75 97
238 377
267 202
18 186
75 124
125 63
273 193
395 109
328 125
63 212
75 106
309 303
75 132
75 137
241 121
322 130
96 355
85 360
272 197
152 165
386 356
120 54
271 200
14 170
166 360
167 43
164 38
123 55
382 341
160 35
120 6
58 200
10 180
56 205
77 137
83 353
303 326
180 365
15 177
165 47
94 356
378 352
170 356
110 10
245 230
328 278
170 46
95 357
298 326
160 290
67 133
305 304
246 134
255 243
151 166
118 57
348 286
71 137
278 121
172 360
258 197
331 283
92 356
168 292
247 128
395 76
62 196
66 208
256 199
22 185
399 79
70 207
82 358
148 177
148 159
232 369
158 285
388 71
111 17
230 369
121 60
233 376
250 245
176 367
265 208
238 382
172 276
376 345
77 109
242 245
163 38
74 104
319 126
320 114
305 293
325 114
74 129
397 106
398 77
24 178
1 342
159 289
71 131
296 335
389 351
258 206
83 358
25 177
172 361
78 352
241 243
123 4
393 111
393 82
300 304
387 347
131 62
257 200
303 293
6 341
94 358
141 173
71 99
123 63
292 334
92 350
252 245
127 60
268 204
265 189
296 299
351 302
125 50
310 329
81 358
247 234
110 4
119 59
164 43
240 122
385 80
304 289
299 304
157 282
343 294
266 196
72 136
72 197
82 131
17 178
154 170
163 278
251 234
277 112
111 13
232 370
62 202
18 185
82 93
94 351
122 51
177 366
305 305
299 298
105 6
245 233
265 207
77 125
166 365
398 72
317 278
326 112
272 205
295 334
238 364
243 138
171 366
300 292
87 106
84 103
87 348
10 182
272 204
17 176
112 10
345 285
118 59
394 118
352 293
350 285
397 76
248 133
381 350
341 296
240 379
120 64
114 5
123 12
389 86
9 347
327 282
282 122
353 293
349 286
326 130
256 238
24 176
80 355
316 283
389 73
87 104
75 136
295 299
97 353
325 277
326 127
307 296
328 281
5 347
120 49
331 121
237 129
324 127
174 352
111 14
249 247
247 131
387 72
169 365
288 115
282 120
319 127
107 15
172 281
14 338
86 102
106 14
313 288
121 53
346 299
235 129
257 201
243 368
176 43
66 204
63 199
307 322
5 337
173 46
282 112
71 135
169 281
167 286
375 344
152 163
241 239
398 114
294 297
385 348
172 290
88 355
66 134
258 200
273 194
344 295
84 131
2 331
321 115
390 73
319 282
313 285
7 340
164 39
18 187
314 281
75 143
398 107
261 194
85 353
239 134
12 172
173 31
73 126
261 199
236 383
166 357
268 205
118 0
148 171
386 351
71 213
161 282
158 39
240 139
240 125
72 133
78 135
277 120
72 205
350 288
296 337
305 297
81 357
396 112
75 100
4 340
93 349
110 0
161 33
260 194
282 111
321 278
113 4
166 44
386 78
252 241
238 366
353 290
306 331
160 292
316 289
80 350
79 130
80 131
129 58
254 245
320 123
299 297
80 130
0 337
352 285
9 337
78 136
95 350
384 79
297 321
285 107
307 333
396 87
66 196
305 327
25 172
69 139
246 133
299 338
353 286
2 333
119 55
238 372
356 291
65 202
7 336
242 124
257 204
67 138
383 353
350 291
381 351
62 209
243 367
110 8
83 137
166 367
93 359
244 382
251 231
119 66
253 241
73 106
163 362
10 348
78 130
306 305
308 297
81 105
70 131
388 86
280 108
10 175
165 290
308 329
345 294
73 98
120 10
394 114
84 351
172 368
325 117
80 132
174 35
249 128
392 74
73 200
396 120
21 178
59 205
165 31
150 163
244 243
84 346
118 17
268 193
351 301
154 167
63 209
167 359
117 62
242 123
325 122
242 239
288 117
382 346
73 127
116 60
246 229
300 326
161 36
248 240
356 298
329 122
324 278
387 74
84 94
354 292
298 289
120 9
237 369
325 112
171 350
24 183
132 55
181 359
248 232
112 0
157 164
321 288
280 110
172 277
72 99
116 64
176 351
254 240
239 371
76 96
21 170
65 196
243 136
397 83
235 376
94 359
263 199
168 355
239 383
266 192
355 300
144 174
64 214
163 283
331 116
373 346
395 78
380 347
234 371
24 177
392 350
165 36
107 5
322 121
12 184
323 286
26 175
322 129
163 34
95 349
387 346
115 3
171 361
82 98
251 136
65 209
397 74
71 124
356 301
240 133
119 65
144 162
325 128
349 303
235 133
330 123
159 290
165 365
295 329
321 119
122 53
70 211
6 336
246 139
285 123
80 357
167 277
170 41
374 348
122 6
149 176
107 12
376 346
321 286
396 73
121 56
57 204
327 124
348 289
172 353
165 43
167 351
23 176
143 167
302 295
386 74
160 44
75 104
7 334
243 378
173 284
8 349
275 119
71 138
266 193
162 289
229 376
241 135
145 161
286 108
373 350
80 96
163 33
283 109
302 288
383 343
143 172
248 134
384 358
80 103
259 191
139 165
69 201
392 88
167 366
283 119
122 50
237 372
379 341
280 107
76 132
315 285
321 281
176 36
174 46
173 359
113 1
247 246
130 60
160 32
270 207
292 118
162 37
389 344
105 9
244 244
352 286
79 126
245 139
122 12
298 296
397 73
392 78
61 200
241 372
78 351
123 62
180 354
395 77
396 115
393 70
328 289
324 291
74 102
156 170
327 123
263 207
172 36
166 30
152 168
166 355
270 200
237 378
265 209
90 359
176 361
8 340
257 193
157 172
389 74
307 299
295 289
141 171
326 118
80 358
300 296
332 117
298 288
387 345
243 241
177 359
71 132
323 283
81 127
273 196
398 120
13 178
121 8
352 294
69 208
155 175
122 2
327 292
322 287
256 237
244 370
146 177
143 160
296 331
85 105
70 136
176 38
320 116
305 300
73 138
10 338
394 115
246 132
153 174
243 377
77 107
287 122
247 231
287 118
391 121
114 0
389 83
61 202
117 52
140 169
300 290
282 123
270 193
385 76
393 110
310 330
381 355
62 201
374 352
177 352
85 358
81 133
170 350
82 101
254 242
171 362
8 339
163 290
393 114
9 340
375 351
59 199
300 322
318 284
61 198
323 118
297 304
115 62
282 115
85 344
171 47
88 102
168 284
398 74
173 286
13 345
175 40
112 16
0 335
244 127
170 360
272 195
171 358
10 343
276 120
162 46
165 39
182 359
357 288
113 3
257 198
259 196
244 376
262 205
4 348
87 347
390 82
265 201
389 85
88 362
125 58
238 380
247 378
256 242
242 137
165 41
242 133
299 336
347 303
19 173
57 202
303 303
229 374
12 176
296 327
339 294
240 130
341 298
236 133
342 296
14 341
158 41
159 286
316 284
89 357
173 45
299 296
236 126
168 285
162 36
167 290
162 292
178 364
167 354
179 360
264 203
262 204
372 350
328 120
88 344
143 163
396 75
165 276
60 199
322 119
250 132
382 349
111 0
120 50
327 130
144 159
141 172
394 119
70 214
168 47
356 299
111 9
80 136
241 367
112 12
347 301
240 233
327 129
241 368
274 110
167 276
298 306
249 229
384 359
284 108
66 137
116 4
344 288
257 196
88 345
164 286
126 49
73 95
13 343
342 299
246 121
386 359
82 361
123 56
90 362
120 53
323 289
174 33
322 282
160 277
346 297
66 212
150 160
244 232
1 334
351 299
64 204
244 238
280 122
386 81
355 287
393 123
326 285
320 293
65 201
89 348
169 359
243 231
249 235
169 38
10 181
11 181
303 325
238 134
393 107
14 172
126 55
396 109
174 281
264 197
389 72
307 323
247 232
68 209
321 124
173 43
74 204
341 300
245 128
86 362
249 134
327 120
167 275
323 294
173 367
328 290
74 106
323 123
325 294
270 196
386 348
355 302
393 108
381 356
330 121
61 205
83 350
242 135
147 164
329 291
169 354
239 234
237 367
387 348
323 122
82 360
289 111
292 300
73 99
293 329
277 107
246 128
345 292
333 123
61 212
84 110
378 355
301 304
307 327
122 57
394 71
396 118
168 364
69 200
235 368
281 107
330 115
144 167
122 9
69 209
146 159
375 353
167 45
322 114
163 286
248 247
120 3
264 194
174 362
243 125
326 122
77 126
175 359
395 88
149 161
242 129
326 123
241 127
165 287
246 243
387 354
142 175
142 164
288 116
171 359
244 139
130 59
178 354
330 130
290 112
86 104
159 41
331 125
118 8
93 354
8 335
314 283
115 5
68 200
106 10
374 349
90 355
299 294
351 300
119 64
81 93
22 177
167 352
270 191
329 289
166 47
325 291
397 124
140 168
83 99
77 133
353 296
315 279
252 239
149 171
279 112
164 46
118 6
20 184
266 194
83 138
294 330
163 280
297 292
74 210
383 344
14 345
130 55
16 178
316 282
3 331
324 122
249 125
164 360
166 362
238 375
126 50
306 296
171 363
302 296
307 289
242 366
147 170
21 172
382 343
67 131
246 244
94 350
75 206
267 191
298 301
293 336
303 289
171 48
8 178
87 354
342 294
279 122
130 58
322 122
126 67
128 51
296 300
237 134
276 115
152 164
301 339
306 290
71 128
71 209
161 278
172 284
393 74
69 131
301 289
26 183
93 360
145 169
350 303
114 6
383 346
67 214
398 85
397 109
249 124
252 131
323 282
242 126
397 121
245 234
293 300
90 345
245 368
82 139
93 353
121 3
162 285
272 193
330 114
168 360
243 246
83 351
309 299
244 124
119 15
246 241
168 363
234 375
276 114
71 205
343 286
237 124
324 287
121 54
304 290
24 170
258 199
83 107
377 349
326 292
276 117
120 51
278 122
396 117
319 276
331 118
166 352
260 204
169 275
297 296
146 163
161 281
164 353
389 347
168 41
315 291
109 6
323 120
300 334
165 45
70 139
330 122
298 329
281 110
14 174
92 349
298 290
249 238
5 331
238 369
155 162
373 354
391 112
10 342
168 290
116 51
281 106
85 354
171 277
74 130
148 172
290 107
397 72
330 119
391 78
75 202
131 60
69 133
317 277
347 286
14 178
351 292
19 175
86 360
396 80
78 356
16 172
72 96
124 62
110 9
380 351
109 5
152 169
141 169
75 201
245 132
320 279
304 294
399 85
304 305
81 137
399 109
169 357
81 131
327 291
112 11
158 278
266 206
80 141
318 277
310 300
328 112
150 174
91 350
303 288
76 205
327 115
77 105
125 49
68 212
279 119
320 113
394 117
247 373
283 112
21 176
249 240
179 355
281 111
78 125
390 75
242 233
255 233
81 350
156 169
324 121
248 245
374 345
161 37
242 370
281 119
74 141
250 136
261 208
81 134
107 6
70 127
295 327
117 15
245 127
343 300
374 351
276 116
327 119
164 356
144 175
236 134
72 210
20 169
244 242
329 290
325 289
262 193
167 355
124 55
126 64
240 369
150 176
69 103
330 284
93 352
345 288
388 73
96 350
70 198
108 12
17 179
128 63
377 356
132 58
168 354
328 286
283 115
237 371
324 112
69 213
64 202
61 203
59 200
13 173
303 335
88 348
230 380
397 80
11 177
124 59
152 176
168 32
234 365
121 64
79 358
308 300
24 174
383 347
144 171
162 34
161 287
323 129
299 305
165 285
81 352
260 197
68 126
72 141
13 182
282 107
275 110
175 36
322 292
399 123
310 334
286 117
298 298
249 136
153 169
251 230
93 355
167 48
69 128
392 70
301 302
121 59
321 276
334 127
333 115
108 15
240 126
13 186
309 296
297 305
164 358
75 110
130 57
4 346
265 197
287 109
170 293
242 132
3 335
399 83
62 207
94 347
296 301
307 337
82 132
161 38
246 235
8 337
82 104
294 332
117 12
167 291
394 81
245 238
240 380
84 98
25 174
249 122
240 124
332 127
107 13
3 339
78 137
234 368
390 70
3 334
248 231
17 185
245 240
128 58
161 289
120 56
149 173
122 66
353 300
374 344
306 297
111 3
287 108
388 357
384 352
392 116
246 379
340 294
265 195
385 346
161 32
17 187
335 118
294 337
377 346
117 16
384 354
356 294
26 177
21 181
236 128
255 232
81 354
244 235
69 210
122 3
119 56
245 369
250 134
67 132
143 171
118 56
22 174
392 108
321 125
273 200
119 52
131 57
93 347
250 241
385 75
292 110
324 283
242 125
237 123
239 376
248 243
172 367
247 241
319 115
72 101
326 293
323 277
64 208
397 122
241 381
233 370
306 322
395 82
241 380
251 246
394 107
63 211
321 113
290 115
390 345
349 300
95 354
119 57
168 38
377 351
388 349
18 176
262 203
165 292
397 77
89 355
72 138
394 82
391 118
167 293
289 122
298 299
247 134
163 279
116 1
319 117
331 124
174 43
109 13
249 126
242 379
357 296
389 353
175 283
323 112
385 355
302 291
396 110
241 124
245 375
87 99
313 287
296 304
276 112
173 32
304 299
308 323
155 164
69 204
114 58
376 354
71 126
300 325
341 292
10 333
240 136
350 300
323 130
172 40
69 206
381 359
397 79
244 133
327 289
23 181
15 176
398 73
151 165
12 177
398 109
307 324
170 282
159 288
162 288
302 290
303 334
164 357
173 47
94 352
143 175
379 354
116 10
284 107
375 347
236 135
73 104
325 125
127 52
127 55
285 121
13 335
385 350
121 9
303 322
264 191
245 134
68 214
399 73
69 106
112 13
77 131
328 117
85 357
306 337
168 358
259 200
266 205
320 120
11 337
247 248
87 98
173 41
390 347
293 301
238 129
399 107
8 346
240 128
297 306
151 163
26 172
167 288
378 343
310 295
289 117
274 199
327 281
126 57
163 277
156 284
124 61
301 296
351 286
317 121
90 353
162 33
171 42
386 346
259 197
178 357
142 172
315 292
319 283
21 180
76 100
73 205
319 121
350 292
173 33
145 170
88 352
80 111
281 105
236 132
284 111
168 350
167 363
162 277
286 109
394 88
172 362
306 301
296 338
9 177
167 30
177 365
164 287
266 191
302 303
150 172
173 36
293 326
78 96
245 235
68 213
292 297
109 12
173 356
380 346
119 60
325 285
301 305
124 65
279 106
271 192
166 291
284 114
301 306
26 173
169 39
93 351
398 84
172 356
349 285
383 342
388 84
287 119
4 335
347 295
256 202
66 200
236 365
260 205
160 282
278 110
396 114
231 373
257 197
169 351
94 348
174 285
244 233
120 65
81 103
328 114
160 37
246 246
320 124
111 12
305 322
230 375
72 139
160 281
85 97
82 134
85 100
162 293
377 347
144 161
275 115
302 336
309 297
378 347
13 340
307 294
88 351
375 348
131 54
145 172
248 136
306 289
317 120
242 230
387 76
166 45
231 369
18 180
110 5
57 201
152 171
291 116
173 355
12 340
293 333
1 333
163 291
146 164
352 300
0 343
399 86
145 164
237 133
261 191
121 61
254 238
110 3
115 16
76 98
75 208
387 81
171 352
283 108
126 61
399 113
64 198
10 345
117 56
326 111
299 300
171 282
157 169
345 300
238 130
0 345
233 371
162 284
308 303
387 356
11 172
231 379
141 166
79 357
131 53
387 79
78 104
239 381
340 295
96 352
127 67
76 127
84 134
392 79
278 113
67 201
163 275
67 202
303 296
81 139
251 232
309 293
11 183
71 202
306 293
16 182
251 245
267 205
241 245
387 78
305 337
332 123
289 119
12 181
272 192
247 370
107 9
246 377
390 350
119 58
279 105
84 358
78 98
328 127
20 182
269 194
296 329
21 183
109 3
72 106
251 128
333 118
75 130
397 82
290 117
323 290
378 342
172 287
245 381
234 130
254 243
277 111
166 366
352 288
172 285
86 107
313 283
299 334
170 291
241 371
81 356
236 129
164 279
294 336
143 162
83 94
247 236
300 306
160 276
167 44
4 333
230 379
304 306
168 44
116 53
68 127
392 85
13 181
139 172
309 291
330 126
303 295
172 32
236 131
388 345
378 354
241 234
317 117
390 118
265 190
266 200
239 128
171 281
324 292
17 184
284 117
106 2
166 282
301 298
161 41
122 52
270 202
154 175
2 332
388 78
346 292
355 286
398 75
270 205
239 237
329 114
245 136
244 137
244 368
346 301
330 125
392 82
252 129
156 172
24 175
151 177
67 210
119 51
156 171
306 294
85 351
348 290
85 133
115 60
324 277
300 300
235 134
242 237
231 380
151 168
69 104
78 132
303 339
80 139
294 292
284 116
83 133
71 136
125 51
127 53
287 115
148 160
10 184
264 196
155 167
65 206
259 192
12 335
166 31
239 138
95 358
387 343
328 128
343 297
75 128
148 165
85 98
315 286
349 299
260 201
163 47
115 56
241 129
388 74
154 169
125 66
274 201
91 352
94 346
380 354
169 280
304 325
285 105
300 289
160 43
342 295
294 304
276 119
294 333
280 121
170 355
91 348
172 42
255 244
13 184
159 40
120 58
318 287
293 296
309 333
251 129
383 351
67 130
166 280
148 174
392 71
108 4
126 51
325 113
82 97
113 6
238 376
19 179
84 107
294 299
318 118
250 123
8 347
78 140
22 172
302 300
319 287
75 139
25 184
9 179
174 288
288 110
92 357
291 115
21 179
118 54
154 168
384 351
76 109
397 118
239 236
23 180
248 230
267 199
334 123
22 181
297 295
392 81
242 373
67 198
123 49
116 59
173 358
119 53
67 197
15 181
110 13
297 330
233 380
6 344
168 365
18 188
167 29
0 338
178 361
70 98
123 5
241 125
325 124
382 340
242 365
235 130
68 102
347 302
108 16
129 63
285 110
166 281
66 136
238 126
247 132
129 51
172 45
320 122
383 354
306 329
173 38
246 371
351 290
295 303
253 244
171 39
73 135
83 134
380 343
162 281
327 280
279 108
159 284
246 372
293 295
141 164
239 242
318 126
168 277
26 184
330 286
175 43
4 345
57 205
80 95
248 234
158 37
147 171
324 290
92 351
345 293
155 171
261 201
281 123
301 332
306 303
6 349
179 366
108 9
239 368
2 343
333 116
106 11
131 61
249 233
72 204
286 110
5 349
244 121
126 60
268 196
308 328
93 350
317 287
238 241
391 119
373 349
280 120
234 132
15 185
84 101
315 280
80 106
233 377
302 327
246 378
232 374
249 231
239 367
262 192
178 366
325 130
358 291
298 293
153 171
241 130
236 366
117 4
165 288
394 69
239 369
317 124
268 191
170 287
385 341
399 80
294 325
374 354
122 13
247 244
147 177
158 279
119 3
83 96
78 354
74 96
72 135
2 340
168 48
60 201
140 173
164 45
296 289
11 336
163 32
177 354
91 351
397 85
7 343
389 346
321 294
88 359
149 168
386 358
167 357
73 203
20 183
262 197
86 103
66 202
12 179
322 293
93 357
295 328
322 290
281 122
318 123
380 344
71 107
72 199
274 114
78 126
166 288
92 355
72 104
238 234
284 115
84 96
236 378
4 332
399 75
172 37
123 64
57 208
83 348
80 134
149 177
88 360
263 202
272 196
278 108
79 136
72 208
146 176
382 342
281 109
320 125
325 290
330 279
181 357
243 230
358 292
81 136
319 116
237 377
251 126
379 348
387 82
248 131
121 12
165 35
355 291
276 118
352 291
80 140
120 60
277 114
297 322
395 120
11 335
173 278
68 206
2 339
252 127
250 236
377 357
113 2
77 132
395 79
164 363
379 352
156 166
248 246
181 358
9 336
390 88
381 346
292 331
167 42
85 359
161 42
248 237
246 137
92 348
12 345
241 241
240 383
237 373
117 7
342 297
309 300
240 234
328 291
340 298
239 136
91 344
11 175
324 285
12 347
162 279
316 279
323 293
346 285
71 95
123 54
243 382
385 347
346 302
75 95
322 123
394 87
328 122
104 8
328 280
70 103
105 8
114 61
12 333
388 79
303 324
79 141
83 135
79 107
11 346
276 107
353 303
107 3
390 346
294 323
160 36
279 107
390 79
330 288
2 344
16 180
254 233
4 343
158 290
239 233
72 200
5 340
293 294
254 231
252 246
383 355
244 239
321 283
280 119
9 181
105 7
74 139
252 133
74 199
319 128
267 203
292 329
160 289
247 371
153 175
237 379
168 278
274 116
19 174
321 117
164 284
394 77
9 335
319 288
348 287
281 117
392 118
292 111
395 70
303 306
175 280
254 239
18 168
328 118
87 350
322 275
62 204
246 230
113 5
65 198
75 131
143 173
399 82
292 332
25 182
76 97
318 117
396 88
64 197
301 327
66 195
88 347
242 372
267 201
244 126
63 210
342 289
162 291
150 165
297 332
381 344
60 213
398 117
145 175
245 376
89 352
129 59
10 337
60 204
162 35
21 175
170 45
237 127
9 332
293 330
352 292
111 16
130 54
58 210
247 228
83 357
318 283
78 350
319 277
74 142
318 124
116 2
79 131
302 301
106 3
82 353
74 209
91 357
230 377
145 176
243 239
76 105
391 352
282 118
172 280
343 292
307 303
176 360
70 196
131 63
174 284
327 288
245 138
174 354
259 205
118 58
68 197
64 203
396 78
241 237
306 295
114 18
79 97
69 140
309 294
10 177
395 113
277 116
0 340
176 368
258 198
396 86
17 174
266 204
248 233
302 333
65 205
248 244
96 356
180 356
330 290
297 293
378 346
304 323
12 170
257 195
274 196
63 207
326 114
359 294
290 120
329 119
388 76
178 367
327 293
79 108
323 126
343 296
149 162
296 324
154 171
81 106
71 206
150 170
60 203
23 186
2 337
327 112
247 375
247 229
247 235
296 298
121 55
245 126
314 289
241 233
157 167
58 209
125 60
25 183
141 170
334 115
9 180
329 280
164 42
356 288
170 40
85 104
249 236
172 351
59 212
235 135
373 347
74 99
329 292
321 289
121 66
289 108
173 352
318 282
286 107
393 77
398 122
318 120
76 142
244 129
161 46
171 291
292 112
269 197
128 54
396 81
77 96
329 285
393 118
243 380
392 114
318 115
242 238
179 359
2 342
175 366
286 116
256 197
294 293
385 358
169 350
72 95
271 191
263 205
308 325
304 293
84 355
114 3
271 201
301 300
297 338
8 345
83 360
387 75
272 194
393 119
68 130
396 123
165 30
15 173
329 113
141 165
319 290
266 199
248 127
171 355
126 53
5 333
141 161
151 159
395 74
398 83
169 360
235 381
10 349
157 165
230 378
122 55
394 89
252 230
352 301
332 115
12 186
278 115
118 10
245 121
393 121
150 162
4 342
110 15
243 233
94 354
236 373
114 60
132 59
388 85
240 135
149 163
269 195
297 297
239 375
87 352
22 171
170 42
87 351
229 375
163 356
300 298
317 118
11 339
315 278
162 283
306 325
377 350
386 341
144 163
252 231
72 206
246 370
239 129
68 203
304 301
318 280
268 190
246 239
340 292
166 40
112 8
314 287
170 285
175 286
289 115
63 205
168 289
76 101
81 97
331 122
0 332
92 361
132 62
71 108
330 128
269 191
164 285
325 293
19 178
294 294
113 16
393 71
241 123
120 61
11 176
288 107
61 197
270 197
250 128
305 292
399 117
180 364
5 341
161 280
277 118
394 76
385 351
89 351
147 159
109 16
120 14
238 370
2 348
78 99
350 294
126 65
246 233
249 138
231 377
300 293
327 278
265 192
169 289
69 135
7 339
347 288
345 297
79 100
278 112
0 344
266 190
300 338
171 30
63 197
163 357
324 286
71 100
166 38
316 278
70 205
353 291
76 141
148 162
291 118
169 33
124 58
298 337
172 350
119 5
162 32
82 137
169 43
73 140
243 140
168 353
399 87
325 127
323 287
68 202
248 129
335 124
163 285
295 304
174 290
88 358
70 135
74 136
275 113
84 350
247 137
272 202
163 43
322 286
289 120
173 365
300 324
234 383
399 71
393 84
165 281
14 176
128 57
232 382
110 16
129 60
293 297
23 177
73 107
323 117
261 207
261 193
148 170
158 38
348 299
386 80
243 369
320 126
305 296
70 141
6 346
245 379
242 382
240 236
248 235
13 333
129 54
85 95
395 75
255 235
384 348
262 196
314 285
399 112
109 1
171 36
238 132
272 200
351 285
344 293
322 124
157 288
84 100
120 1
318 289
290 114
331 129
306 324
388 346
249 246
373 348
229 377
324 282
64 201
323 279
330 285
280 105
76 125
305 323
24 182
245 243
57 206
235 382
71 106
247 245
123 11
77 134
150 175
119 14
300 302
317 122
273 204
309 325
296 296
168 281
386 83
107 7
125 65
159 278
258 196
256 239
278 116
251 235
234 372
328 123
75 141
289 112
240 367
79 98
158 287
243 137
78 109
247 233
9 345
333 117
161 279
399 111
386 82
394 75
271 196
243 366
167 32
84 95
86 348
70 208
118 7
388 344
357 293
329 284
163 289
173 362
106 12
246 373
85 349
165 359
127 50
356 300
79 355
176 354
68 207
176 357
84 361
390 81
394 110
279 111
80 351
256 203
298 305
252 132
15 340
349 295
140 172
251 237
325 280
9 182
261 195
295 336
397 86
376 351
301 287
301 340
14 183
82 345
10 335
238 235
282 117
354 296
242 139
292 114
129 52
168 288
161 45
327 285
159 279
274 203
176 39
79 353
385 356
13 185
284 106
166 351
119 54
268 192
316 280
293 293
157 166
149 167
244 371
267 208
240 371
83 344
240 134
299 301
383 359
302 335
120 2
313 281
22 179
114 54
18 174
305 306
284 105
300 295
120 11
87 349
77 141
141 162
9 331
302 299
246 376
301 291
166 289
170 363
348 297
162 43
287 105
147 160
168 282
1 339
14 184
169 288
112 17
249 131
262 206
295 291
170 367
326 290
326 287
118 12
166 354
240 232
395 81
72 109
307 300
299 322
301 290
76 103
122 49
59 211
391 70
176 352
2 336
243 124
295 302
6 337
237 368
243 376
63 196
345 302
82 359
2 349
69 141
143 170
20 171
83 352
68 208
348 294
276 121
253 232
11 171
298 323
167 360
238 124
60 200
86 349
342 288
169 364
110 14
299 326
62 205
244 237
248 123
163 46
88 346
268 208
389 80
388 347
106 8
236 370
75 205
381 353
22 170
245 374
232 378
295 298
332 126
160 45
325 279
170 359
68 128
75 96
76 130
116 65
357 297
86 106
391 346
115 10
247 237
166 42
391 82
304 302
74 111
239 133
115 59
233 366
11 348
260 203
322 117
246 245
242 127
167 38
169 34
380 342
329 126
297 290
398 111
317 283
24 171
306 299
380 350
285 111
399 110
146 174
121 6
175 357
327 121
84 352
177 361
70 108
343 293
82 130
289 114
237 137
84 108
317 286
344 291
72 130
317 279
261 203
78 353
11 343
6 347
349 298
309 331
378 353
78 106
105 11
324 128
354 301
61 204
260 198
131 64
154 161
386 77
96 349
70 213
269 205
255 234
239 244
16 177
320 129
387 73
119 9
166 286
170 275
293 299
140 174
315 281
247 239
265 191
71 203
244 240
13 338
169 286
170 358
71 125
292 330
273 201
286 105
68 136
10 173
317 282
92 359
327 126
13 347
72 124
86 358
256 195
393 72
229 370
342 292
161 43
62 208
350 297
77 129
387 83
383 349
382 352
230 373
273 205
277 121
391 348
108 0
12 173
23 173
128 59
172 358
327 286
323 278
308 333
318 285
119 61
109 14
352 289
171 33
396 79
389 77
350 293
68 134
157 283
321 126
292 333
175 41
243 379
241 122
252 134
348 295
248 125
93 346
308 330
160 38
294 326
398 81
81 129
296 336
78 128
79 99
386 350
60 209
269 190
346 293
244 380
77 104
391 84
72 128
253 238
244 246
346 300
321 121
67 204
341 289
256 235
241 238
171 353
257 199
171 285
301 293
281 108
147 168
124 63
391 88
394 121
82 105
16 170
1 340
240 127
373 352
297 339
321 118
322 279
171 40
330 289
399 77
253 246
399 122
238 384
160 40
358 298
167 34
276 109
392 115
171 289
112 14
303 329
240 374
17 186
127 63
167 367
81 130
234 382
153 172
140 164
78 124
161 286
77 136
381 347
82 357
120 55
107 8
8 336
308 336
162 286
6 343
330 116
290 111
389 349
381 343
256 198
318 119
176 284
391 75
82 129
326 126
170 280
301 321
394 123
74 200
177 355
166 356
163 31
69 101
396 84
175 358
308 324
160 46
80 105
26 182
282 109
173 285
81 102
92 358
157 284
172 33
306 323
6 342
243 237
177 356
169 356
238 242
345 303
16 174
79 104
355 288
304 298
244 247
325 116
172 38
250 129
379 347
344 299
76 107
287 121
267 196
58 211
89 361
170 366
118 64
243 375
123 65
169 291
171 278
14 169
306 302
86 101
154 163
71 199
74 125
79 137
171 43
246 123
75 140
346 291
261 205
86 355
77 108
376 342
10 174
122 60
117 63
305 326
331 281
399 116
89 347
399 84
23 170
265 205
264 206
317 288
388 353
114 12
11 182
287 113
91 359
395 87
161 288
304 327
334 116
22 186
66 199
116 11
66 210
296 330
128 60
77 95
240 243
176 355
163 276
66 203
149 165
81 138
295 330
162 278
251 125
14 334
259 199
127 49
121 5
129 64
323 292
68 133
395 86
354 293
392 119
240 375
235 377
304 336
386 355
181 361
377 353
277 117
283 106
169 47
149 169
87 362
391 74
166 276
11 344
302 339
383 348
85 107
244 136
117 3
259 198
266 195
248 229
165 283
317 292
84 354
73 212
159 35
83 106
170 30
320 289
239 239
125 54
279 117
17 172
303 337
395 72
335 123
246 242
391 110
169 278
343 288
385 353
247 126
160 285
385 344
267 198
170 32
243 238
158 289
18 184
170 279
83 102
388 351
145 165
116 54
152 159
241 382
284 119
343 301
80 127
237 370
130 65
262 202
391 109
170 361
253 243
171 34
174 39
235 373
86 100
397 116
166 46
258 201
297 327
67 209
168 291
395 114
304 333
70 99
305 303
395 83
316 285
94 349
236 127
149 175
61 210
143 176
284 118
143 166
239 378
71 109
329 287
121 1
1 343
176 40
325 119
263 203
301 320
232 368
237 130
72 202
118 15
160 39
350 286
74 100
237 381
240 242
317 290
329 120
166 278
155 166
245 133
259 202
327 117
237 366
250 229
259 204
298 303
70 200
14 336
299 306
127 59
299 293
245 236
334 122
267 193
12 342
314 290
3 342
95 353
171 283
158 40
74 108
173 361
234 133
341 295
59 208
334 117
302 329
67 207
290 121
269 198
233 369
343 289
83 100
355 292
354 290
122 10
292 113
81 349
20 170
117 53
346 288
1 346
242 235
23 184
117 14
295 296
73 105
167 365
323 124
159 291
16 183
167 353
170 37
170 35
13 344
391 79
250 246
306 338
245 124
261 190
117 51
91 361
157 286
82 352
248 124
174 42
116 55
130 52
62 213
353 294
149 160
124 54
117 13
73 108
79 129
167 280
276 110
111 5
234 128
171 41
84 99
119 2
127 58
304 334
73 208
323 291
17 171
304 326
121 52
325 121
307 301
384 353
143 165
173 35
164 277
261 200
116 52
289 121
295 338
305 295
75 102
93 348
394 70
324 118
329 288
72 100
320 286
303 299
237 132
234 380
234 126
356 287
87 355
172 291
395 121
122 64
78 92
263 192
80 354
116 0
177 357
168 36
116 7
241 126
6 331
239 379
261 192
376 358
162 359
111 4
83 103
390 348
263 201
302 292
351 291
296 305
85 101
389 350
22 176
392 86
244 130
85 108
378 351
163 41
22 178
270 194
398 86
394 120
27 177
144 172
7 344
164 289
246 375
158 280
320 287
279 123
154 174
302 328
113 8
75 142
293 334
387 358
87 357
382 358
330 280
345 299
122 61
331 128
69 203
20 175
256 236
387 342
334 121
13 337
324 294
301 301
158 281
62 214
240 382
231 367
67 128
15 175
386 357
306 336
344 292
297 325
9 333
60 202
19 177
345 291
2 334
181 360
117 1
78 103
75 134
332 116
301 303
151 171
9 349
171 45
241 134
165 360
301 288
238 383
382 360
307 304
322 294
269 196
304 300
65 211
299 323
321 279
385 79
174 357
245 237
323 285
153 164
65 208
279 113
302 334
300 291
288 118
396 111
393 122
299 337
390 114
281 112
238 125
109 4
292 296
13 339
172 289
231 374
171 288
121 58
156 165
319 123
172 43
308 293
350 295
246 124
325 287
23 175
71 212
70 105
59 206
175 39
173 360
329 121
164 35
283 111
13 172
280 114
59 210
161 39
21 184
77 138
164 30
240 132
236 380
388 83
122 63
13 183
118 50
263 194
393 86
385 81
239 121
305 288
350 301
302 321
391 81
399 81
75 94
354 300
319 120
73 101
278 107
249 230
165 279
74 94
19 181
317 293
154 176
316 281
83 108
396 85
0 341
387 352
62 211
287 123
294 290
79 132
70 96
176 363
79 349
84 132
175 360
175 35
310 293
329 283
300 327
118 14
155 169
301 336
166 37
24 172
124 56
381 352
83 98
114 1
349 287
153 161
394 86
112 6
126 56
81 351
21 182
16 171
316 293
83 129
386 347
168 42
92 354
163 42
73 206
145 159
84 105
398 108
172 283
260 200
235 374
111 15
144 176
399 72
173 363
356 292
308 337
66 198
302 298
69 98
173 364
129 66
381 354
3 348
323 280
331 286
294 328
115 4
164 293
75 203
162 40
290 118
171 290
353 285
71 127
326 119
7 338
259 201
81 101
395 112
297 329
323 115
157 285
86 347
168 39
76 102
110 7
163 35
3 338
65 210
253 233
238 137
253 239
72 198
277 110
179 353
354 289
82 347
120 16
125 53
71 141
58 201
315 287
169 30
245 373
298 331
80 347
261 204
146 170
291 111
91 356
246 236
374 355
80 352
231 376
253 237
19 172
303 332
78 97
272 199
242 367
304 337
326 289
67 206
172 279
262 201
322 295
242 240
156 174
245 239
173 279
353 289
144 165
74 128
18 181
68 201
238 138
237 382
285 118
132 56
164 48
88 349
61 207
250 232
181 356
265 206
176 353
285 108
150 177
70 129
139 166
19 183
118 60
85 348
237 135
268 194
170 47
393 116
69 202
250 130
76 131
10 334
347 285
285 114
169 368
387 86
16 340
177 367
77 100
353 288
252 236
174 350
83 95
144 170
89 362
66 197
94 360
289 113
348 293
84 136
286 112
77 142
124 49
238 373
334 118
259 195
335 125
269 192
80 135
396 116
172 47
290 108
117 6
127 62
159 37
163 281
240 370
327 114
392 120
167 37
159 42
170 43
78 93
169 353
251 240
176 41
75 207
289 116
264 199
345 286
78 100
110 1
304 328
173 350
243 127
243 370
80 356
266 207
167 362
85 102
169 279
84 109
258 203
122 11
384 356
244 377
240 240
386 73
167 361
328 282
247 136
80 97
128 65
170 357
82 106
144 164
332 120
122 5
171 37
307 331
398 88
169 293
81 109
13 175
121 51
175 288
256 196
13 170
107 14
72 211
243 236
244 379
73 103
263 200
174 41
90 348
306 326
242 136
174 359
270 198
283 116
139 170
241 132
279 121
147 172
243 374
332 128
165 363
63 201
327 122
74 97
77 98
262 194
170 38
301 325
305 330
74 208
171 46
85 106
288 109
123 50
16 169
84 104
240 372
320 280
300 330
169 361
235 132
267 195
12 338
116 12
73 109
391 114
303 305
22 175
74 103
274 118
386 75
388 81
147 173
15 169
154 164
80 359
289 106
296 302
152 172
317 119
165 364
74 98
389 355
299 288
302 294
379 359
10
