11
2000
15
299 206
292 1
112 90
186 266
272 61
262 10
137 251
96 255
295 247
50 12
192 73
267 17
137 254
109 95
184 63
113 90
285 253
106 95
147 259
295 199
185 253
150 251
261 57
264 16
89 261
259 2
196 258
53 23
104 84
146 242
45 4
52 17
47 20
283 249
148 261
144 244
126 254
291 206
278 68
148 256
269 1
60 18
261 22
286 7
118 102
194 64
90 255
290 207
112 105
288 247
47 23
187 59
263 21
285 237
193 269
194 65
284 241
259 16
202 64
127 260
113 94
260 22
192 260
193 77
102 256
298 206
193 263
143 256
256 22
278 50
294 251
293 193
195 270
136 260
271 51
299 216
179 70
293 1
292 16
285 208
295 215
271 62
107 85
46 0
195 67
289 210
279 53
283 56
263 62
42 7
122 90
183 264
283 1
62 12
42 12
49 24
134 239
294 10
60 4
56 25
281 49
281 65
140 237
201 75
181 252
141 258
287 208
196 77
278 4
99 94
107 260
91 255
106 250
194 257
261 56
184 278
101 259
198 77
287 201
103 90
299 252
282 242
285 248
107 89
185 61
289 13
263 72
88 262
256 9
257 9
293 197
117 84
296 243
149 251
189 273
127 262
284 255
183 277
267 13
281 3
278 6
192 274
50 23
103 259
64 14
284 257
268 14
49 6
99 253
254 8
253 1
102 96
116 97
178 276
197 78
273 70
84 250
205 80
90 244
261 17
294 234
298 218
277 74
94 245
113 100
99 84
270 63
98 95
173 264
192 258
104 245
117 87
107 84
56 11
146 258
189 67
185 73
299 213
299 246
193 76
193 62
275 8
86 245
252 14
44 6
193 254
190 275
40 6
293 205
185 274
296 212
197 71
286 256
297 251
41 21
111 85
276 52
294 201
190 65
93 252
53 20
291 253
47 15
272 55
275 61
186 80
291 15
41 20
288 4
174 270
137 255
48 13
49 10
286 249
43 17
172 270
107 78
276 48
140 260
297 250
110 85
142 261
128 256
279 60
185 83
294 206
136 240
202 81
140 249
261 54
114 103
53 6
299 217
178 265
189 79
102 260
172 267
107 98
289 236
194 72
294 205
290 197
110 83
101 97
268 4
194 260
106 92
177 264
112 95
85 261
292 10
119 80
259 61
270 66
109 93
194 87
64 9
253 7
184 274
182 71
290 13
293 259
176 259
59 10
106 248
280 4
110 86
261 69
189 259
39 7
289 244
148 258
274 64
63 8
195 77
94 261
292 253
297 244
185 272
298 12
84 263
87 247
290 211
298 5
290 235
183 268
95 254
268 62
56 7
64 13
190 74
60 12
134 253
265 0
89 257
258 13
297 205
257 22
299 250
264 17
189 59
134 259
194 79
42 6
277 52
265 50
248 12
94 249
140 238
270 7
59 9
122 96
279 51
104 100
182 275
59 3
62 18
286 205
276 71
269 54
263 4
173 263
122 83
299 199
52 22
102 91
182 272
51 23
277 53
295 194
99 247
282 66
190 63
256 15
266 2
146 243
295 210
124 94
292 14
184 280
259 21
256 5
146 250
64 16
277 63
109 80
102 252
62 8
107 248
250 8
189 265
98 241
256 13
298 247
295 258
291 5
140 251
102 253
286 206
264 20
268 50
175 270
249 16
107 249
42 10
290 213
281 67
85 251
191 266
92 255
277 73
182 255
62 20
54 21
86 256
44 7
50 20
196 263
288 234
187 270
185 75
254 16
48 22
128 258
52 4
295 256
130 258
291 210
280 73
148 249
282 61
286 204
134 248
95 269
283 66
264 10
46 16
124 91
136 248
264 6
188 66
115 83
259 23
260 54
293 258
194 78
87 264
187 262
56 23
183 84
56 5
106 244
299 241
282 5
194 85
63 10
132 239
263 73
100 254
96 241
111 84
196 87
290 259
266 6
39 20
56 13
142 251
197 79
184 279
122 94
195 265
127 257
178 74
261 68
293 255
204 78
178 73
266 66
55 10
263 52
204 70
125 94
265 65
294 209
194 71
269 9
59 19
98 89
103 89
190 77
266 61
60 2
279 58
299 9
128 244
276 68
103 92
272 52
99 257
267 64
99 269
289 258
91 254
47 1
62 16
117 94
119 96
197 81
289 1
253 3
131 249
270 10
62 15
111 95
44 18
121 98
54 8
279 64
274 52
273 7
140 244
288 243
181 72
36 12
188 74
295 262
297 256
192 70
122 89
283 241
260 57
115 80
204 71
263 55
136 244
282 65
102 262
48 10
181 79
285 205
291 233
180 262
179 79
264 53
138 254
100 95
271 3
134 250
99 264
266 51
96 254
276 69
206 76
90 258
127 247
50 14
196 277
264 63
101 91
88 255
181 258
295 7
46 9
177 277
56 24
283 255
192 275
299 220
151 250
116 79
107 101
97 264
266 53
123 96
176 276
116 89
183 257
111 104
119 98
188 65
251 14
185 84
190 252
36 16
260 0
140 264
105 96
145 254
182 263
297 219
93 256
288 204
294 7
139 265
93 258
44 23
133 242
108 81
299 209
173 260
268 3
126 261
101 243
101 83
186 275
147 241
109 84
271 19
178 263
259 4
179 279
293 208
57 16
175 275
112 85
93 269
41 23
182 252
290 236
133 251
124 248
44 5
283 248
144 250
249 7
58 11
293 243
120 83
257 1
297 255
91 265
188 276
254 18
205 78
106 85
111 103
109 82
131 240
291 12
269 23
103 246
140 250
283 10
95 244
114 85
269 70
60 9
256 10
261 55
298 260
39 2
55 23
184 271
265 24
269 60
296 207
41 11
109 76
285 251
262 53
291 217
197 257
131 252
287 259
43 24
261 71
132 251
190 66
143 238
61 17
190 259
173 259
278 52
124 90
113 81
191 264
189 262
63 15
271 2
131 250
193 60
201 84
259 59
182 77
293 210
140 259
269 21
112 99
52 10
290 215
290 239
284 1
120 95
273 49
141 244
186 70
285 247
172 265
177 263
110 256
293 253
286 5
180 81
121 100
92 258
82 250
136 251
127 240
99 90
176 264
147 248
283 8
139 255
88 266
272 73
270 14
128 255
92 247
195 82
38 21
103 88
44 21
299 219
105 99
51 8
191 276
116 93
55 24
128 257
97 249
281 55
273 64
269 62
271 66
288 242
104 97
135 240
264 3
104 244
105 244
296 204
272 72
110 95
98 268
259 58
42 8
196 70
190 269
204 65
87 243
104 256
285 60
283 64
94 257
112 94
137 259
198 85
255 2
261 24
197 80
267 12
269 2
257 2
196 84
187 77
43 12
187 271
119 92
199 62
60 22
51 2
183 265
120 87
133 256
193 279
138 259
86 258
113 104
87 252
296 260
180 72
180 261
292 248
195 66
186 269
188 59
176 263
133 238
280 7
289 212
265 15
194 261
267 47
107 95
192 278
131 256
123 94
290 14
135 256
287 214
269 50
42 24
273 16
297 202
279 61
180 268
277 66
177 267
178 259
40 15
143 254
59 15
38 4
273 66
109 259
59 22
89 254
268 71
116 98
271 61
52 20
185 81
266 74
283 51
271 12
117 90
192 271
41 13
256 16
200 62
266 19
145 251
283 59
108 86
289 239
261 9
183 271
44 2
258 10
105 100
189 257
118 85
190 266
113 91
291 2
116 82
187 264
268 2
295 193
98 254
248 6
182 79
275 62
178 68
106 251
191 262
146 239
286 66
100 259
124 253
280 51
186 60
266 63
96 264
273 61
206 75
268 74
123 98
294 212
297 10
260 10
148 243
294 261
276 54
114 93
137 238
93 251
127 250
279 0
288 214
294 248
287 255
290 7
104 253
60 3
286 65
298 203
193 72
194 258
186 257
274 50
184 67
264 68
299 194
292 216
97 259
189 63
293 244
181 264
260 56
114 88
180 278
294 242
58 19
89 244
124 255
123 80
297 199
292 260
144 248
272 74
277 70
268 11
195 267
120 100
283 12
183 79
100 85
288 241
266 71
281 57
37 5
262 2
187 267
274 58
281 52
176 271
293 209
145 248
183 64
189 75
188 81
289 217
251 6
129 259
281 59
89 258
188 260
141 243
89 249
130 239
288 251
57 9
104 85
39 11
284 61
296 251
144 246
255 21
268 8
289 253
90 251
203 72
119 87
138 253
116 103
42 19
109 79
144 252
95 246
41 9
295 240
259 14
107 94
143 249
37 6
58 1
296 249
53 9
92 252
201 71
107 82
53 16
203 65
181 277
90 245
112 75
267 75
191 258
36 14
95 243
45 24
197 72
136 254
263 8
267 10
283 239
204 82
58 18
266 69
101 252
82 254
200 64
62 17
203 66
125 83
178 78
260 67
46 21
181 279
95 257
282 248
285 255
143 252
124 251
144 262
148 244
179 66
260 1
199 265
123 93
192 87
54 17
294 211
296 244
108 99
178 77
261 18
268 57
130 240
173 267
272 6
197 74
179 274
177 272
299 212
91 262
283 69
120 81
134 243
100 246
294 254
257 18
280 65
113 78
272 70
293 204
110 96
291 202
177 276
275 66
174 269
289 237
182 276
149 250
121 88
292 239
92 243
92 241
195 87
180 67
41 18
299 247
277 48
116 77
185 262
87 246
283 246
97 263
50 27
298 4
100 257
137 242
289 200
193 85
100 249
297 253
44 24
48 4
267 9
99 252
58 8
174 268
45 18
200 262
142 252
254 20
270 61
64 17
147 255
279 57
190 254
117 99
298 10
51 13
289 7
186 252
187 257
86 259
292 206
255 23
287 0
108 100
88 246
40 8
150 254
287 239
178 264
186 251
104 80
285 258
280 59
293 13
294 256
181 272
276 9
105 83
108 263
194 73
265 12
133 261
180 270
199 267
57 10
292 2
172 266
89 247
127 261
96 240
135 251
273 69
122 84
285 13
278 60
95 250
284 256
189 256
297 208
91 241
61 11
286 239
45 20
268 64
121 82
121 95
259 64
273 50
278 71
113 84
292 203
40 13
297 259
109 260
194 67
268 75
283 6
201 82
293 218
125 243
268 72
176 265
190 84
254 2
126 241
126 247
280 56
283 244
42 21
293 201
180 265
106 90
282 249
293 213
56 3
294 249
290 246
264 49
83 252
135 249
296 239
261 60
278 59
191 275
120 84
183 71
100 262
43 2
182 68
84 264
194 62
128 242
295 14
84 261
117 77
112 97
251 10
110 103
179 73
299 205
250 16
51 6
101 262
121 79
273 10
93 267
84 260
143 257
180 256
181 255
299 253
288 209
284 3
144 247
187 70
103 252
129 251
295 11
56 4
149 253
151 252
263 9
270 13
178 269
192 58
177 275
255 9
265 49
142 241
287 199
279 62
299 6
116 99
269 16
195 85
147 242
196 61
291 237
257 6
279 68
249 13
277 49
286 244
282 6
299 256
253 9
276 73
289 247
95 265
105 263
190 69
185 79
93 243
61 6
299 234
190 82
267 73
261 15
85 253
295 211
191 77
285 239
266 55
141 252
95 258
139 252
292 196
278 57
299 237
291 245
123 88
277 10
199 64
276 13
63 17
281 2
100 97
106 245
294 219
37 12
193 256
105 86
140 265
195 84
108 92
293 236
280 0
261 2
51 9
40 9
51 18
82 256
248 13
92 267
199 63
90 246
181 254
83 254
89 265
269 11
287 12
203 78
141 247
102 261
199 81
84 249
283 52
179 262
297 197
179 270
259 5
96 244
202 76
197 62
260 64
294 13
140 262
298 210
115 101
107 257
131 241
49 26
190 260
136 259
260 16
86 244
135 259
151 249
84 254
46 11
180 266
40 4
86 254
298 7
147 252
116 87
89 268
200 263
176 269
147 245
284 9
84 253
52 0
142 262
54 16
180 255
289 209
285 54
40 17
288 212
137 244
195 79
201 67
285 250
292 243
101 265
290 243
43 6
292 213
98 267
299 257
99 245
193 276
129 241
261 14
265 57
178 260
108 258
90 263
280 50
41 8
192 272
61 18
200 65
292 210
60 1
288 5
195 72
289 248
187 75
274 6
57 8
117 89
289 214
290 233
196 269
55 13
182 73
89 259
285 8
98 247
190 272
46 24
295 205
49 5
139 245
116 76
125 96
290 3
295 200
48 26
116 94
42 22
140 256
275 60
193 87
187 272
53 17
196 272
262 17
179 76
296 238
118 90
278 3
256 20
138 262
188 69
288 3
281 6
176 267
43 14
252 1
274 67
45 3
186 63
106 93
187 74
290 212
179 278
119 97
100 260
122 98
100 247
184 260
268 60
141 254
297 203
56 6
265 59
46 13
132 240
112 86
144 243
294 200
199 82
282 253
292 259
298 259
293 212
195 65
201 79
265 23
297 15
287 10
279 4
177 278
294 241
251 12
255 22
291 259
192 279
270 5
181 83
46 19
187 278
199 270
100 248
47 4
91 261
253 2
297 7
194 271
187 71
295 208
189 274
299 211
271 56
199 83
273 74
124 247
134 255
62 5
58 17
48 9
42 1
256 11
103 94
49 14
251 11
94 252
101 261
261 8
254 13
266 50
186 260
136 264
199 263
176 255
127 245
275 5
113 99
134 262
112 81
133 253
181 266
140 248
105 264
48 17
123 254
135 237
298 209
134 240
282 4
37 7
278 61
98 259
118 92
202 74
60 8
53 19
264 52
189 266
200 66
189 271
178 254
142 247
149 244
64 10
106 98
195 68
180 76
252 17
289 15
119 85
272 1
254 5
56 1
128 248
128 252
108 101
173 268
252 15
107 256
191 263
203 71
258 14
46 17
54 26
89 252
182 74
90 268
186 65
105 98
118 86
298 240
109 250
200 80
285 202
194 86
110 94
267 63
86 265
141 255
99 262
264 50
275 15
272 58
276 57
191 82
290 218
272 9
267 52
280 10
92 264
263 66
290 12
299 14
138 242
283 55
54 11
39 10
180 69
103 265
177 254
42 15
187 66
150 258
288 14
138 245
85 259
183 75
100 266
115 88
262 72
293 252
99 88
192 261
115 78
182 274
290 4
98 260
267 56
143 262
149 258
179 269
179 80
188 62
148 254
82 253
290 244
87 261
292 234
141 253
182 253
283 245
196 261
277 1
175 259
272 49
273 18
138 238
275 13
266 11
262 9
188 267
298 254
104 94
188 279
184 76
85 246
58 13
186 78
204 69
258 62
57 14
288 258
296 15
269 74
249 15
299 3
149 242
188 75
189 84
272 56
112 77
297 8
64 7
143 264
275 54
117 100
289 207
194 68
49 1
261 12
262 51
281 51
107 250
255 18
289 211
299 210
147 256
98 244
84 252
111 98
54 10
183 274
137 248
108 87
139 248
110 258
297 240
94 248
270 69
88 244
189 85
148 253
297 235
283 254
280 58
59 4
263 16
128 251
273 59
184 262
260 52
89 260
139 254
48 21
269 14
202 70
109 249
102 268
189 62
126 249
255 17
139 259
283 57
194 267
188 63
274 2
296 256
147 257
174 259
268 5
299 235
296 201
277 50
190 277
42 13
128 243
46 20
123 91
59 12
93 268
58 3
55 8
259 8
107 83
294 213
48 5
273 55
289 240
128 240
62 4
151 246
194 278
135 252
262 69
256 1
42 0
274 4
108 260
150 255
268 48
281 68
62 10
61 9
105 258
259 22
298 233
260 14
297 260
96 269
90 262
287 249
85 249
99 267
48 6
294 239
296 248
198 60
261 59
197 85
125 84
91 246
268 13
281 246
262 61
292 236
176 272
129 242
293 202
253 4
188 80
200 265
262 68
52 8
119 100
276 70
296 245
294 195
92 249
295 220
136 265
256 6
181 271
59 6
138 247
54 23
94 247
287 236
280 3
205 71
183 267
141 241
175 260
175 258
96 262
298 216
275 16
47 10
147 243
281 8
179 260
277 54
294 203
93 255
291 214
291 1
103 263
265 58
263 10
46 5
96 259
47 14
274 72
106 261
276 53
271 50
116 100
286 243
46 2
183 61
292 8
193 266
272 59
177 256
192 255
283 5
296 1
95 267
107 265
295 245
117 101
298 8
112 98
298 250
288 250
268 63
95 252
184 79
193 59
186 83
114 99
297 13
133 259
192 59
56 15
134 249
185 77
41 3
138 265
101 268
251 9
59 11
189 61
197 69
51 16
299 203
284 239
107 252
102 80
274 68
44 11
267 57
202 69
85 245
259 67
178 256
131 263
148 241
97 244
172 261
192 61
267 2
267 62
54 15
186 66
128 253
120 93
191 72
294 14
296 255
188 70
261 19
298 199
272 15
50 18
36 7
186 62
290 209
43 21
199 72
116 104
201 62
193 273
99 244
271 60
178 76
185 268
267 5
295 236
118 82
196 75
195 254
198 70
199 65
251 19
175 268
192 269
91 252
252 3
100 96
284 67
61 4
272 7
265 11
262 25
187 265
103 82
136 243
288 208
285 236
93 247
193 261
38 11
271 72
117 86
250 10
292 199
189 87
182 279
188 61
181 265
286 2
95 268
142 242
274 3
290 0
97 245
143 243
286 236
192 256
47 22
102 249
297 4
289 238
297 195
294 237
268 23
296 254
41 17
278 69
92 256
39 17
52 19
99 97
287 254
263 53
181 280
280 5
254 15
103 257
148 255
285 62
284 242
289 205
184 252
108 85
110 80
109 252
93 264
260 66
272 53
264 59
135 238
105 267
55 26
185 74
201 70
55 5
187 268
259 17
295 4
139 237
109 78
201 66
264 58
86 261
263 63
178 72
88 253
287 244
183 82
45 14
105 84
198 65
292 242
196 69
120 99
189 70
93 262
294 253
294 208
296 253
290 11
124 245
88 259
267 6
185 80
98 243
298 212
59 16
118 78
251 8
138 239
284 249
92 242
37 8
294 235
284 206
114 104
103 256
297 233
148 245
104 86
121 93
292 218
57 5
103 87
98 242
61 21
48 20
115 86
109 86
249 10
194 263
190 276
131 261
256 23
288 200
200 269
103 98
59 5
99 248
289 202
296 206
131 243
189 83
288 9
296 214
98 86
182 278
53 26
199 262
290 199
127 252
196 265
250 15
139 239
276 72
15
