25
5000
15
381 34
334 379
285 292
14 103
87 122
372 207
225 43
281 30
197 230
328 68
50 127
118 161
168 326
25 351
0 253
96 303
369 238
78 393
80 258
215 383
103 6
184 192
66 359
65 218
329 254
89 385
170 324
84 256
123 157
267 25
119 164
55 356
102 15
94 296
67 215
94 0
66 390
381 195
297 292
82 255
47 123
71 254
344 387
375 38
72 263
74 220
15 106
60 215
180 180
390 22
337 259
204 390
89 114
71 388
188 234
105 4
96 293
332 59
337 248
77 265
95 18
370 30
66 227
321 78
106 157
206 225
87 245
5 99
366 201
373 217
91 306
96 304
170 333
65 392
4 107
115 164
290 30
59 348
84 311
382 237
372 218
54 213
338 376
287 288
368 248
69 361
228 42
340 71
236 43
127 163
222 45
67 229
190 226
70 219
378 31
275 292
292 291
207 224
91 259
332 73
85 259
26 357
91 386
101 316
180 197
159 317
9 246
55 369
21 94
71 259
289 18
130 156
0 262
96 123
235 33
114 155
74 348
2 112
362 214
50 124
19 358
330 388
296 284
104 300
343 368
74 365
87 118
328 373
277 17
338 266
333 262
340 262
192 187
69 371
222 56
273 293
380 228
389 28
170 190
59 353
274 285
230 50
365 216
330 66
6 91
53 366
185 223
219 373
55 365
53 354
192 202
129 158
170 330
326 253
37 123
278 42
55 138
323 253
79 248
92 264
280 290
69 395
283 16
188 197
24 350
64 371
319 62
225 374
209 371
94 289
124 148
192 184
197 198
286 302
364 197
175 334
236 37
2 258
40 132
216 36
221 395
174 315
84 115
290 306
281 21
334 376
61 135
282 288
108 158
284 26
7 251
338 67
116 10
233 37
107 19
104 6
30 361
223 54
340 256
277 304
319 243
70 251
341 381
319 78
101 297
279 20
238 39
192 194
14 88
110 1
346 384
66 257
16 343
178 180
277 41
54 224
93 112
337 67
385 210
78 261
379 202
78 225
367 251
279 21
216 52
96 296
335 262
75 392
330 263
123 166
80 359
171 324
9 242
53 141
25 341
341 71
80 273
362 202
70 218
6 103
103 16
175 186
331 54
76 379
172 191
379 237
19 341
6 259
382 45
74 212
334 62
1 259
6 106
63 393
0 256
374 197
91 132
90 257
206 235
193 232
368 232
160 331
282 31
367 36
218 395
91 293
66 226
366 235
89 11
74 354
37 351
316 253
66 206
191 225
85 130
84 271
282 34
195 186
207 377
371 243
322 57
343 373
214 386
292 288
160 328
219 44
49 114
89 296
93 126
372 199
271 34
373 230
202 377
237 36
78 260
3 267
315 69
51 128
161 338
12 260
371 251
68 267
368 205
192 241
283 17
199 192
363 199
112 152
22 359
335 383
3 108
205 386
292 297
56 228
69 385
376 45
210 223
361 200
289 280
63 132
377 33
72 216
225 50
206 378
360 234
386 33
6 257
108 305
337 370
82 395
101 10
162 320
188 198
4 102
273 299
227 376
213 46
381 25
123 161
69 388
281 27
0 252
69 222
372 252
12 104
331 242
284 24
331 372
8 116
3 105
176 204
105 301
94 121
173 195
277 29
19 106
189 226
214 373
232 38
71 208
121 159
360 208
282 306
221 388
218 43
358 246
358 204
55 117
113 157
235 50
387 31
169 325
91 126
53 353
183 234
190 233
224 44
84 389
24 354
131 156
67 264
176 332
9 116
363 239
290 20
370 39
190 217
55 219
325 242
388 41
100 303
195 232
268 32
323 257
373 243
98 122
97 130
109 173
169 314
370 42
294 25
94 301
68 355
211 374
327 388
223 390
5 91
340 372
191 224
218 37
325 266
10 262
98 131
95 301
367 235
331 81
21 349
75 117
373 23
383 207
178 322
112 163
275 287
290 303
364 242
79 394
77 365
327 376
341 73
62 357
93 313
3 245
279 291
68 389
13 247
177 194
1 107
225 52
103 295
80 386
74 371
378 245
90 255
75 217
176 184
279 289
275 290
68 252
347 375
92 396
20 350
26 339
205 376
106 7
367 225
377 234
69 396
285 296
362 203
110 4
69 369
362 250
21 345
378 48
58 371
63 130
291 291
224 51
63 347
89 311
21 365
333 77
173 188
315 255
277 40
91 268
225 392
52 121
117 8
104 292
89 248
385 201
240 43
84 309
60 212
326 72
322 372
36 346
219 35
15 114
276 24
320 383
370 32
378 27
36 360
74 361
71 263
364 232
206 376
21 92
116 154
66 260
289 36
84 109
270 29
175 324
336 365
360 246
327 67
392 33
326 377
53 352
178 317
14 89
274 30
104 306
20 356
192 235
101 13
56 120
113 170
174 198
105 166
227 382
52 130
94 135
327 76
328 381
129 164
369 205
206 387
387 25
335 69
1 243
292 26
228 386
194 240
88 312
293 25
269 39
218 383
321 244
213 382
95 14
319 246
124 173
79 112
290 299
318 69
224 39
6 111
372 232
20 365
6 107
273 288
217 37
228 34
1 255
29 341
340 373
328 250
106 300
90 122
10 112
391 29
185 202
38 354
71 350
289 287
58 138
324 256
234 33
179 200
80 130
373 193
34 342
119 160
378 237
270 28
380 204
275 35
107 5
107 313
221 38
180 323
83 248
380 238
94 12
8 103
73 370
326 390
93 129
13 360
160 333
55 137
321 245
365 213
55 208
278 280
373 196
322 69
164 332
333 391
91 396
78 259
79 383
222 42
75 244
334 77
207 391
382 231
294 282
275 302
28 356
375 206
377 215
79 245
18 95
71 363
287 278
81 270
377 21
38 119
193 190
204 387
65 127
72 348
205 224
82 388
47 117
320 56
372 248
6 240
17 106
201 386
53 363
327 77
321 382
317 78
47 137
321 80
290 282
278 282
383 20
64 356
19 354
373 36
161 323
189 192
237 37
86 255
282 297
165 333
282 28
96 128
75 124
72 380
186 195
315 61
126 166
179 322
268 35
107 293
74 230
98 9
294 24
186 181
220 31
51 138
374 46
1 266
70 399
59 125
283 303
212 396
273 300
316 255
79 379
95 15
373 195
364 200
23 360
75 265
299 289
219 38
174 182
109 150
90 258
193 181
338 392
329 372
371 43
93 263
50 123
95 114
162 338
203 228
385 206
89 307
186 231
188 226
162 332
363 228
95 304
66 205
92 391
94 113
60 360
14 110
80 111
103 2
58 230
105 294
221 48
182 186
381 44
84 251
105 306
192 192
11 111
381 235
290 23
366 233
106 12
62 120
108 294
53 118
158 323
26 99
325 267
375 230
85 113
373 43
63 358
92 305
20 116
318 60
289 300
279 284
329 74
340 264
90 316
170 337
109 16
378 229
237 51
72 250
66 391
325 382
86 249
184 182
112 161
90 299
87 308
363 227
12 115
81 398
218 35
195 238
320 376
227 384
88 135
367 220
202 233
323 380
103 301
293 304
25 355
52 132
82 379
185 221
185 225
331 250
123 169
328 66
202 218
340 369
339 63
280 304
378 249
118 173
54 359
63 366
119 151
83 385
91 262
211 41
83 397
72 363
20 341
235 51
180 205
369 35
363 246
5 98
30 348
236 33
93 14
91 128
73 367
75 266
185 194
93 297
341 372
102 311
363 240
13 111
385 20
56 119
55 129
288 17
220 42
316 71
22 104
131 168
384 34
74 351
49 123
79 244
364 201
168 319
277 42
100 14
83 390
18 357
53 216
63 214
120 166
77 111
207 222
79 123
86 390
326 268
325 67
274 22
70 367
49 138
373 247
68 251
367 224
286 280
93 306
26 110
279 18
269 22
125 160
359 249
97 118
379 48
78 394
114 2
330 379
335 59
368 249
226 388
86 269
335 71
391 37
286 30
68 347
286 24
288 286
20 357
154 327
81 399
87 293
4 262
193 240
16 95
376 246
96 17
229 29
222 396
224 375
64 221
88 392
215 40
63 129
36 123
288 295
67 365
80 251
161 314
6 242
155 321
46 114
77 251
107 297
74 123
70 226
388 24
203 218
81 132
273 289
59 117
279 43
2 241
340 249
7 266
393 26
229 36
0 251
106 11
314 70
72 223
278 40
33 343
11 107
181 181
165 332
4 253
112 7
49 113
270 292
280 38
71 256
337 383
61 357
87 246
342 374
216 49
325 58
225 29
36 348
378 200
179 334
192 237
365 225
198 187
380 27
97 301
55 124
207 230
315 70
376 21
320 257
390 31
26 348
77 116
87 249
215 389
374 230
67 387
337 80
341 368
50 126
329 77
85 311
47 129
378 208
167 312
21 355
379 24
0 268
379 243
203 385
344 386
380 44
93 309
100 5
378 20
206 241
383 33
98 18
378 246
43 117
169 334
278 21
381 241
367 201
79 127
78 387
277 25
102 303
67 352
111 160
218 396
271 291
112 153
81 247
9 106
62 127
91 2
100 290
374 252
177 338
97 290
380 26
178 327
276 293
318 264
176 193
217 377
292 31
329 376
88 250
278 37
117 7
12 252
389 38
362 210
221 385
92 300
211 375
84 269
18 99
53 358
74 229
293 21
192 185
79 111
109 162
99 308
327 260
108 165
163 322
328 376
222 376
212 39
52 138
233 48
85 303
81 134
279 295
79 263
190 234
80 399
387 40
237 38
64 362
57 215
332 375
384 41
233 34
388 34
273 21
381 32
289 38
53 359
368 238
380 22
172 331
76 248
107 301
88 129
62 221
272 285
340 255
175 202
276 21
109 172
71 269
36 130
70 382
88 395
95 115
321 251
393 42
75 271
286 16
20 349
63 351
333 68
62 368
375 210
276 20
372 238
94 4
373 25
21 353
116 157
337 365
85 301
230 30
46 122
32 357
276 301
18 114
195 234
176 187
287 292
177 188
111 2
202 236
369 248
321 252
204 380
83 132
370 24
90 9
63 204
189 189
327 391
61 224
99 310
292 294
383 37
214 390
62 229
346 370
203 223
291 23
272 35
231 50
366 219
121 157
390 32
211 46
22 342
329 386
76 357
163 329
337 249
91 316
2 108
89 399
63 219
87 137
56 230
202 388
369 195
86 268
190 179
190 242
88 254
20 361
368 234
82 267
319 256
74 249
374 36
330 261
76 211
68 259
7 249
61 355
381 201
339 67
91 394
224 40
86 125
70 224
363 202
371 215
28 108
126 167
110 8
73 389
99 18
345 373
325 258
321 71
383 27
62 132
107 298
211 39
174 192
70 348
233 45
274 292
173 334
10 254
63 127
86 389
384 28
377 216
328 247
14 93
231 33
77 360
91 295
3 95
17 105
339 260
22 110
70 359
86 124
93 119
182 183
285 30
24 346
93 121
204 385
107 11
339 261
108 17
99 3
206 226
218 49
66 352
326 254
223 45
68 264
85 256
190 205
26 351
356 233
113 16
180 182
379 245
340 381
219 34
96 9
197 191
86 312
235 43
11 352
274 300
55 135
328 63
206 229
297 300
24 361
67 395
227 388
92 308
377 37
280 32
334 390
53 361
83 261
37 353
187 185
332 71
42 139
318 260
16 92
187 232
23 104
329 391
290 40
95 117
105 312
373 45
205 222
123 155
368 29
283 279
380 208
196 244
341 378
333 253
220 392
106 297
334 69
109 154
162 324
233 53
363 210
280 285
79 119
162 335
375 41
98 8
182 323
213 388
279 293
187 237
59 367
365 212
379 236
367 239
209 385
196 199
212 36
70 259
38 128
26 100
345 382
55 224
370 243
219 47
280 17
82 264
282 303
223 393
7 263
16 354
87 302
336 255
175 319
367 228
51 359
239 43
370 244
344 370
382 240
87 393
110 307
98 16
58 363
213 49
122 171
157 318
54 221
196 233
286 282
26 105
26 360
217 46
81 121
185 188
83 392
72 264
108 4
97 293
38 124
204 373
280 296
5 114
329 365
79 125
282 281
157 324
21 343
174 326
176 183
387 30
116 153
74 264
11 101
273 24
287 304
78 358
35 348
384 203
272 299
278 28
101 306
115 157
381 20
22 115
388 31
327 56
324 66
60 368
111 148
124 155
332 61
328 262
96 125
290 292
319 69
290 34
369 246
345 388
73 254
96 121
271 37
84 263
320 58
44 123
333 251
11 260
167 337
341 387
74 385
366 216
335 64
338 244
88 255
89 316
225 46
13 255
208 235
27 341
167 331
71 399
276 284
186 179
296 282
275 43
238 38
323 61
222 39
103 300
108 297
392 32
58 209
72 357
292 284
371 193
169 313
374 194
322 58
24 337
128 157
4 105
105 300
95 295
8 111
368 225
68 216
211 372
180 188
1 264
206 233
15 92
87 129
5 102
157 335
65 367
360 204
378 26
29 363
387 37
125 168
114 166
370 196
12 107
355 243
109 306
278 303
86 114
86 301
318 59
72 227
201 224
28 341
317 60
334 240
159 318
232 37
335 265
292 298
80 248
280 19
380 21
194 229
231 54
156 326
190 194
335 390
66 345
64 208
361 241
292 302
70 383
8 100
360 229
331 243
205 390
114 148
366 205
221 54
376 31
110 156
209 374
326 258
33 349
369 226
105 157
369 219
7 110
47 119
49 128
17 91
204 240
77 357
11 350
85 262
172 196
198 232
108 153
329 54
343 384
290 290
272 294
22 340
31 362
18 108
199 216
367 249
88 311
394 38
170 336
83 399
65 366
177 181
332 254
192 183
11 92
278 31
107 160
59 352
319 72
367 250
15 113
372 33
80 388
8 254
339 70
74 399
61 133
205 380
339 253
56 209
88 266
333 64
163 325
57 129
181 203
7 114
184 181
374 200
111 6
235 49
341 383
58 122
11 353
112 11
319 65
201 385
319 63
123 167
25 347
28 98
65 349
359 247
24 353
222 375
88 268
79 216
89 110
58 211
285 300
87 247
278 296
131 163
32 347
225 382
89 4
375 231
32 351
87 271
282 35
298 299
277 288
198 227
337 250
29 364
39 134
348 376
122 152
109 3
97 129
14 343
290 293
339 249
382 202
317 76
322 61
109 300
316 261
78 385
328 80
114 158
322 59
379 40
188 221
66 258
213 47
84 385
283 282
59 360
357 239
338 60
106 160
107 166
292 289
294 285
96 129
337 256
223 39
85 129
268 25
275 19
337 379
332 387
81 303
20 342
293 30
27 355
224 52
80 354
67 353
179 193
76 216
62 126
200 226
179 188
166 335
321 379
290 295
382 197
366 239
111 150
331 80
326 378
112 156
191 235
337 263
72 366
61 122
75 381
368 218
183 227
318 61
229 388
343 383
112 173
334 248
183 182
194 234
77 125
394 27
294 292
111 8
184 200
73 385
57 357
90 6
14 250
327 240
76 247
376 214
95 112
378 215
167 315
180 320
99 116
182 194
17 362
313 68
13 91
378 39
338 63
30 358
122 172
224 391
272 22
219 55
288 302
14 358
39 137
189 222
323 70
338 248
76 369
364 250
389 46
34 347
232 47
326 381
79 134
231 47
38 121
321 72
83 262
15 90
92 299
319 58
53 213
97 7
374 205
278 295
50 129
216 48
79 391
83 269
389 34
6 115
323 378
24 362
72 253
192 201
332 260
186 226
209 377
70 222
65 395
52 129
239 44
281 41
380 213
175 313
283 20
378 212
95 307
32 358
390 29
58 125
172 183
218 388
64 209
180 334
165 339
47 138
196 229
365 208
75 245
34 343
36 341
383 241
341 62
322 375
86 245
366 226
381 200
332 68
219 39
78 130
74 358
333 254
94 302
95 125
184 207
73 246
131 162
324 242
16 105
67 207
189 228
181 199
58 225
0 102
203 386
195 216
344 375
78 134
163 335
275 22
33 356
371 231
68 211
381 212
121 174
371 246
72 369
26 344
341 371
379 36
102 3
169 321
110 160
105 310
319 248
96 8
72 365
113 5
391 42
376 202
332 64
385 35
73 213
199 237
2 246
176 188
31 340
188 199
98 291
210 224
376 24
76 393
375 221
8 245
374 38
73 386
288 294
11 95
116 174
175 187
188 220
92 395
27 107
367 208
220 397
385 40
346 383
71 212
53 355
337 72
335 373
193 216
108 306
212 44
210 230
17 100
232 31
80 249
101 119
332 55
59 217
213 35
370 26
286 304
95 129
273 19
46 116
335 56
161 313
54 356
18 362
194 200
362 212
77 362
95 308
57 348
94 294
75 361
13 346
85 300
325 68
371 42
96 6
117 163
282 284
19 107
72 229
368 207
330 268
363 235
78 125
84 270
291 41
90 384
321 262
289 20
330 67
188 233
102 2
2 250
93 264
2 106
358 232
212 42
330 241
385 200
12 246
59 225
172 189
291 31
38 353
225 55
75 369
168 320
62 351
377 230
93 2
3 98
366 200
74 392
184 179
328 246
284 279
179 328
80 392
380 25
188 204
326 385
92 260
367 197
330 78
380 218
81 255
2 104
17 107
299 291
70 265
236 44
14 107
126 164
370 197
69 262
63 120
280 287
85 389
377 220
190 190
59 133
330 71
50 117
85 396
364 195
226 40
323 265
121 169
322 68
361 232
179 192
63 224
232 46
92 108
99 314
129 159
232 32
217 41
79 252
185 233
38 123
327 265
81 135
320 265
52 360
23 362
374 226
108 2
21 341
212 378
326 63
16 346
379 201
76 391
277 38
161 325
283 18
68 345
64 361
104 307
77 266
317 255
290 42
65 370
91 291
379 228
343 389
89 392
78 122
75 131
224 36
105 302
5 248
125 153
298 286
72 212
209 226
290 283
98 0
336 264
287 287
102 313
276 283
54 355
104 293
364 240
60 130
100 299
11 106
66 362
174 325
92 110
199 233
100 18
325 260
88 295
201 220
17 101
275 23
176 334
90 291
213 392
114 150
213 379
228 50
75 260
58 128
209 370
370 41
335 374
272 42
62 218
366 206
234 36
371 39
317 67
379 35
278 29
214 42
68 266
113 158
60 206
40 119
222 38
86 261
339 265
97 116
284 27
102 19
202 378
325 372
77 353
67 230
194 186
184 178
85 114
85 108
177 190
196 226
108 7
79 257
38 348
371 234
102 4
95 7
228 47
101 308
76 219
185 234
366 218
238 45
67 361
86 250
104 10
89 267
57 134
382 31
345 378
122 170
158 329
2 260
129 171
80 266
44 127
50 112
370 199
200 233
8 97
109 168
328 257
71 248
53 214
185 236
323 62
334 243
331 74
337 262
368 200
219 32
370 247
191 222
33 348
81 125
9 245
372 201
356 241
117 148
189 218
87 119
227 44
364 199
71 353
363 219
124 168
339 372
372 44
370 198
99 300
46 125
173 319
95 4
366 241
286 23
180 204
188 229
160 329
363 198
377 207
114 161
215 50
323 379
227 38
379 244
100 8
78 378
359 238
337 390
186 178
104 303
328 370
175 204
279 280
272 32
226 379
363 195
222 373
8 93
178 191
76 212
326 80
324 74
108 0
322 250
325 243
35 355
190 243
49 140
279 26
177 180
125 156
272 40
336 253
78 264
21 361
367 38
333 260
277 284
187 229
200 223
199 234
76 363
177 314
23 349
333 60
188 187
233 52
108 8
89 313
333 371
79 117
380 235
43 126
382 236
72 222
106 162
214 33
225 393
194 196
123 174
124 166
360 242
221 374
294 293
24 348
110 3
67 350
77 118
41 124
383 235
192 200
226 384
369 40
317 65
12 108
22 108
31 354
47 130
365 204
280 44
20 340
75 394
224 388
356 236
356 231
60 132
215 398
188 196
328 253
113 3
76 262
270 37
219 48
271 22
279 305
71 366
125 151
59 231
373 29
226 57
179 194
329 62
206 382
189 238
324 56
357 245
190 221
5 113
181 330
322 385
97 302
103 20
180 333
393 28
17 344
13 342
109 158
226 374
215 45
89 112
360 214
366 225
325 369
288 290
5 242
323 78
93 0
92 311
72 269
19 355
198 228
237 48
274 35
219 372
73 248
57 368
189 194
276 285
113 2
331 373
185 183
90 391
382 201
82 271
164 319
288 18
269 38
55 364
222 379
367 193
66 253
79 358
383 31
377 45
19 345
19 109
280 293
278 32
13 350
376 22
220 373
186 221
330 250
181 190
378 40
277 20
121 147
179 195
132 165
342 379
373 214
28 105
379 22
27 353
342 259
293 36
9 264
203 225
393 41
334 365
59 209
296 299
98 130
202 234
98 132
30 342
315 251
271 32
74 126
3 241
221 372
163 317
57 369
216 39
159 331
32 362
207 383
33 353
108 172
89 312
28 344
16 339
160 330
175 314
11 248
298 290
45 127
340 252
370 36
57 125
383 239
342 377
325 252
124 153
88 260
325 69
38 351
110 17
360 210
76 349
2 95
25 344
100 125
81 113
218 397
336 59
65 346
56 229
336 69
363 197
7 250
276 23
180 199
6 113
113 159
211 44
68 222
4 92
67 220
342 380
344 368
193 228
67 254
118 159
375 225
90 11
64 372
58 210
76 258
81 248
130 157
332 372
87 132
325 368
114 14
323 67
27 363
326 371
188 180
333 266
108 169
105 163
375 37
375 242
81 258
69 398
324 61
372 225
97 291
44 124
195 183
78 213
334 368
92 3
80 271
324 262
180 187
78 129
220 46
379 227
283 293
94 14
165 328
239 46
15 355
196 185
217 376
184 233
323 245
370 207
210 237
191 205
281 279
282 30
283 43
168 331
323 260
56 352
97 289
282 40
376 37
375 199
103 0
87 309
78 223
4 256
86 314
68 365
73 257
69 219
119 150
369 223
83 383
80 126
334 63
89 122
340 388
95 122
167 332
86 123
91 253
171 189
22 111
287 21
223 35
390 34
320 259
384 213
106 155
188 227
289 25
363 200
334 267
87 131
343 251
226 390
363 218
14 249
278 292
55 228
95 12
4 252
78 388
214 34
315 250
64 391
293 301
45 121
60 121
376 194
371 210
215 54
323 256
100 126
113 0
331 69
4 264
192 197
59 220
82 307
190 185
122 175
289 298
94 253
169 329
389 43
281 16
174 330
166 320
228 54
370 233
159 326
339 367
71 205
224 53
82 257
123 159
98 308
383 209
219 390
372 30
75 128
279 288
79 382
201 217
237 42
221 380
216 34
194 226
325 384
77 122
73 362
14 248
60 223
68 255
332 243
40 351
218 390
112 164
42 125
332 382
80 364
202 230
53 219
25 348
209 225
290 32
367 210
324 368
334 61
274 40
79 217
59 206
71 385
85 266
57 358
382 207
378 37
371 196
179 332
61 221
9 94
216 38
338 64
340 74
279 303
94 256
216 55
74 118
25 349
160 325
16 111
70 381
183 199
378 218
209 390
68 352
44 130
186 237
80 272
28 339
125 158
37 131
344 390
117 151
169 339
10 251
284 280
178 321
106 17
90 253
325 240
225 51
326 69
296 289
202 222
25 343
196 219
90 297
322 77
330 264
379 240
120 172
25 104
341 249
12 249
88 315
297 288
280 27
80 128
387 38
66 369
176 186
373 28
374 22
62 128
168 329
380 211
109 152
336 374
331 374
66 217
365 209
17 112
28 106
92 295
330 366
288 291
203 240
107 159
59 214
164 327
120 167
77 211
276 26
318 74
66 212
394 33
74 245
88 126
371 198
164 313
174 199
371 203
274 33
25 108
11 256
71 373
219 49
202 226
377 249
103 294
338 68
374 209
111 152
329 244
68 385
359 230
54 227
340 374
194 232
316 77
21 363
328 386
330 251
180 181
284 306
48 124
176 328
324 70
372 236
378 210
217 48
98 2
160 317
231 51
209 239
206 223
292 296
108 308
83 127
358 236
335 263
373 246
214 397
161 318
213 381
108 300
216 46
71 380
372 229
229 56
178 331
326 247
272 18
193 236
183 188
157 316
386 28
71 346
101 15
341 248
217 44
162 316
98 309
207 379
282 22
85 110
78 117
115 9
72 214
164 329
2 242
284 287
359 234
204 377
197 245
355 241
219 394
381 197
68 221
172 335
324 248
232 44
282 33
387 22
219 388
278 43
331 389
67 349
231 30
212 49
13 344
10 259
84 260
324 257
223 41
88 116
277 301
73 124
59 126
74 267
104 156
181 333
324 265
69 265
115 5
0 105
39 124
220 38
76 382
338 260
165 322
295 34
378 30
206 238
335 382
73 361
77 217
204 381
7 101
96 126
360 231
164 315
274 286
91 11
67 232
59 224
293 302
371 229
114 0
189 240
109 301
323 76
212 37
70 206
62 226
7 241
378 204
80 260
178 200
333 382
167 333
80 398
21 115
15 107
325 57
328 59
68 368
362 200
322 258
321 258
209 392
20 345
78 379
328 243
91 10
15 361
203 376
19 110
291 32
23 115
89 301
166 330
342 251
109 161
55 229
168 324
378 220
238 47
92 127
24 106
194 220
25 354
290 29
88 136
174 336
379 28
227 40
4 113
392 38
114 159
177 318
68 382
321 260
172 314
188 206
371 230
227 51
2 100
342 373
88 134
372 209
77 355
9 249
339 246
283 300
192 216
25 99
10 248
96 311
93 298
170 322
16 102
15 347
289 39
126 171
105 8
111 174
327 248
158 334
69 350
330 267
59 357
335 55
181 323
196 183
331 366
89 393
17 115
37 356
54 367
281 36
109 2
96 14
356 234
39 119
395 34
75 360
221 371
67 214
103 310
77 121
165 315
162 331
91 311
90 111
92 1
30 356
65 354
331 67
46 129
67 263
18 106
27 98
111 18
91 397
219 33
362 231
281 287
364 239
25 98
381 231
195 182
281 297
72 247
330 70
28 345
60 363
39 136
83 267
222 50
197 235
87 303
395 39
227 33
333 72
53 131
175 315
9 102
59 362
64 373
224 56
217 388
338 77
336 263
21 360
57 225
42 132
63 125
201 234
102 304
98 113
334 369
27 102
279 297
318 62
73 216
215 396
332 246
82 386
82 396
1 99
66 374
130 168
62 130
170 317
196 192
232 54
71 367
348 374
115 148
15 354
171 337
276 16
217 47
9 265
120 148
231 56
224 389
63 210
284 290
78 380
175 330
50 138
28 365
329 380
18 104
76 128
86 303
316 248
290 278
373 237
1 105
377 229
336 72
297 295
320 79
84 246
22 364
368 216
1 257
347 372
363 248
160 320
331 377
175 332
3 112
161 322
87 396
383 41
395 29
2 255
115 149
74 125
68 205
87 398
25 362
327 374
193 202
74 221
356 237
106 164
81 393
319 261
338 62
81 115
164 334
225 390
322 376
87 259
375 207
184 190
182 197
277 35
368 202
331 68
340 384
24 93
233 50
70 360
278 27
67 265
15 108
54 210
115 173
172 338
71 229
194 188
208 238
70 396
66 218
61 137
195 193
273 283
203 226
368 230
181 331
13 358
104 309
203 224
1 108
316 251
345 389
115 172
234 38
19 350
87 297
109 304
366 252
83 309
79 271
89 7
176 314
368 252
188 182
385 47
55 131
316 60
181 193
52 219
219 370
204 242
200 231
129 166
113 174
55 360
196 193
323 250
289 26
104 296
169 322
89 303
84 396
162 315
116 173
80 112
373 226
321 376
182 185
93 253
214 40
60 126
224 42
288 301
366 248
68 208
114 153
346 377
33 342
110 170
49 139
393 34
329 267
332 251
39 356
22 357
7 94
90 115
74 265
195 196
191 220
79 124
71 224
222 30
13 105
391 28
42 120
280 303
33 345
52 224
43 134
87 253
274 32
198 231
70 264
122 154
283 23
155 325
280 34
84 382
176 317
28 340
84 391
336 68
77 252
64 132
357 231
211 388
48 141
25 359
3 104
331 369
341 74
23 337
99 119
334 382
66 366
52 126
73 348
336 71
93 304
189 190
332 267
320 245
180 195
296 297
189 182
73 394
90 256
27 104
5 247
207 227
165 331
382 239
371 195
78 123
283 24
101 289
99 126
333 268
324 374
291 20
221 57
230 44
193 238
326 368
325 64
273 284
72 252
78 252
292 22
383 32
109 165
361 212
330 57
332 265
384 209
84 126
91 121
200 239
292 303
288 284
6 105
23 100
211 382
5 265
375 235
9 250
20 104
181 332
95 130
90 123
370 232
17 343
165 314
185 237
276 303
82 272
323 376
289 302
380 196
374 235
315 75
74 116
103 3
238 40
62 369
372 211
374 249
102 300
84 302
36 342
362 199
3 260
276 298
81 119
11 89
221 375
316 249
66 361
191 191
387 45
389 36
92 301
390 27
105 20
192 244
183 181
71 364
361 213
110 19
333 259
341 256
73 121
183 195
51 214
114 171
73 270
120 163
53 140
293 38
85 257
219 375
388 39
82 111
272 34
372 251
358 241
368 40
172 187
101 3
96 132
371 212
357 234
107 312
363 249
126 165
84 393
285 35
96 289
293 289
383 243
176 201
169 332
334 384
210 394
89 126
158 317
64 220
72 381
118 154
18 349
228 382
49 126
60 123
330 375
24 343
229 42
85 388
377 36
188 193
78 266
69 354
331 259
63 126
181 322
99 302
272 31
91 258
101 5
39 346
19 114
202 381
66 213
105 311
357 242
287 284
357 244
95 123
181 183
347 379
158 315
83 120
105 307
284 28
61 365
232 48
5 101
386 35
21 356
183 194
169 326
334 393
336 243
231 49
384 20
64 353
57 206
373 245
61 127
321 381
233 55
273 292
333 261
59 215
331 260
66 373
211 228
103 314
377 211
181 319
87 310
364 249
71 260
363 236
83 260
375 194
107 310
277 299
318 252
208 373
6 255
172 333
66 221
281 39
281 25
8 249
325 265
119 171
78 215
116 3
69 207
69 399
64 229
194 182
54 126
375 34
279 290
209 238
323 258
386 34
61 222
155 333
88 386
378 227
106 0
364 206
395 37
214 376
88 124
281 281
14 115
211 385
337 244
284 37
294 287
369 241
114 12
35 356
66 222
21 348
224 373
335 250
57 224
68 388
340 253
283 44
171 313
37 124
320 250
385 44
76 117
295 26
209 386
70 248
15 99
216 37
45 132
86 305
194 230
207 239
76 395
80 270
184 196
100 129
329 61
80 113
98 12
64 392
374 231
333 374
61 230
283 29
59 370
88 393
340 260
99 121
359 237
73 256
333 248
76 355
326 375
326 75
369 227
214 44
97 127
340 246
68 217
272 289
220 372
165 327
41 137
198 194
90 126
37 349
331 393
71 266
182 182
193 235
19 102
227 42
99 306
223 43
337 77
74 254
328 379
322 76
323 262
289 301
201 222
106 154
161 337
76 127
332 369
86 298
64 213
58 368
35 345
212 48
20 94
271 39
91 255
215 395
188 230
79 258
90 121
57 351
12 356
50 128
11 98
80 124
201 237
24 364
179 335
334 254
85 269
219 387
175 188
131 165
336 265
324 258
76 228
190 184
217 33
287 40
213 48
364 202
180 200
184 231
316 75
98 296
187 226
73 269
133 161
4 260
26 103
267 32
225 57
220 32
183 186
204 217
158 336
377 228
212 389
113 172
114 175
337 62
70 223
368 195
20 105
315 62
159 338
227 32
336 382
287 29
127 161
76 256
102 0
91 135
322 265
381 38
331 61
193 196
206 390
280 281
86 252
211 396
206 371
280 24
272 30
383 23
379 217
228 55
344 380
279 31
320 261
317 245
74 387
321 55
337 265
219 56
63 122
83 117
51 136
214 50
204 384
229 386
85 118
25 102
206 384
158 318
79 247
24 359
335 72
159 334
128 166
79 128
367 199
320 59
98 129
114 3
230 49
330 262
285 297
65 360
216 394
195 221
29 103
89 386
195 223
295 293
97 315
124 163
122 161
336 380
178 333
334 70
379 200
77 249
125 152
18 113
13 248
77 384
369 211
171 194
393 37
80 264
91 260
98 293
329 72
101 304
226 393
94 16
78 250
85 393
46 117
107 163
119 157
29 337
274 297
383 29
93 114
10 103
70 357
287 37
364 234
3 250
371 228
223 374
359 240
324 55
225 377
343 390
78 251
115 1
286 39
59 226
38 125
334 65
167 334
73 355
358 207
333 255
86 397
94 299
52 217
338 263
48 117
62 345
118 176
205 393
381 31
379 203
158 332
121 168
196 201
315 254
270 35
62 223
217 389
77 220
191 190
298 298
98 11
33 340
330 385
185 205
342 65
193 182
75 267
86 308
99 125
21 351
320 246
275 41
359 209
93 9
369 36
33 346
112 0
224 46
276 44
202 231
104 305
70 263
31 358
7 95
282 287
282 27
14 256
85 313
320 253
56 223
78 255
73 262
18 107
294 23
230 47
388 21
109 5
43 130
85 399
63 131
208 388
366 213
286 21
218 378
369 194
8 257
28 361
83 114
268 37
376 207
24 99
384 211
95 132
375 201
88 388
19 347
69 363
101 311
371 250
177 201
62 349
121 173
99 291
20 337
333 369
187 224
75 382
330 392
0 246
159 324
127 150
103 306
369 200
75 123
15 342
281 296
75 113
116 170
225 375
31 346
338 374
79 395
85 263
23 357
87 107
346 374
381 198
75 213
288 21
26 107
205 231
23 97
73 229
374 206
18 93
328 54
11 112
101 301
56 226
26 337
70 250
219 376
213 376
167 313
338 259
77 127
90 250
92 256
382 235
89 389
162 314
92 253
322 65
238 50
61 205
52 218
89 265
273 291
109 4
385 21
235 39
81 385
280 279
101 298
207 378
94 125
323 63
85 267
14 355
66 229
87 135
295 296
97 19
21 354
342 249
89 250
99 19
176 321
372 213
282 25
84 112
365 200
385 28
193 192
167 322
327 73
110 150
319 379
325 244
91 13
277 282
374 217
374 208
374 28
71 358
161 331
56 208
50 141
78 265
371 240
172 190
318 248
53 115
206 224
182 204
12 244
369 39
291 25
105 314
230 42
174 323
220 375
108 13
284 30
44 114
197 232
201 231
163 331
326 56
218 56
60 226
101 12
81 118
233 38
373 24
2 239
173 186
336 251
321 372
17 349
67 345
277 22
65 355
326 66
17 114
67 386
59 116
204 223
299 287
111 149
76 221
93 251
88 307
328 264
228 43
341 72
337 382
344 383
213 38
282 38
65 353
203 243
9 241
281 35
193 185
336 262
170 318
344 369
321 266
8 244
224 390
98 5
279 23
52 140
330 255
362 213
379 34
70 370
92 392
326 374
61 359
380 230
187 225
332 250
325 78
182 188
43 136
4 261
376 46
293 26
96 18
369 37
123 149
315 73
374 27
102 6
91 257
105 308
284 35
122 157
109 299
22 101
117 172
331 251
83 259
107 294
174 318
93 260
213 370
70 267
26 340
181 201
72 230
79 392
78 244
173 185
336 389
76 385
288 298
94 307
268 27
42 134
83 247
203 383
344 384
276 31
215 371
3 93
85 387
199 235
380 246
75 261
388 43
226 381
7 264
195 188
103 161
324 79
283 289
20 111
361 244
18 345
103 17
229 35
115 14
89 309
74 129
104 304
293 283
323 80
97 308
207 389
180 198
187 233
118 167
49 136
279 44
234 40
218 381
281 299
382 27
88 115
273 38
357 236
362 201
210 371
121 165
384 200
271 296
274 21
54 136
275 31
342 254
232 45
371 201
337 255
64 228
324 386
76 260
202 380
340 370
227 43
370 241
363 231
55 141
19 91
379 33
62 348
376 243
157 325
268 36
20 107
192 238
379 238
65 372
276 40
191 232
167 316
99 14
30 355
285 20
70 269
339 370
361 201
67 252
118 155
87 306
229 385
377 248
166 333
287 303
228 379
93 258
335 255
218 55
207 374
332 58
13 356
277 39
86 294
179 329
196 240
335 57
321 77
7 91
94 109
280 22
4 265
84 268
378 36
215 368
76 250
77 271
318 246
203 241
296 285
69 217
208 228
0 254
321 61
330 387
91 303
343 386
31 359
53 117
85 132
279 38
284 39
343 257
185 192
327 254
277 33
224 57
216 379
329 252
186 188
201 388
330 58
60 231
212 385
278 297
338 255
215 39
108 155
87 382
371 34
190 187
370 249
195 225
360 248
189 191
206 380
32 354
86 136
20 110
239 41
97 125
90 392
99 7
334 268
366 196
209 396
24 101
51 123
9 98
214 46
86 264
187 235
277 296
204 224
128 170
325 386
202 224
114 172
53 119
166 331
70 355
221 42
78 116
60 354
48 123
322 380
370 221
318 263
375 239
13 249
170 191
208 222
26 97
333 55
297 286
29 359
75 348
236 38
280 298
287 23
204 241
226 39
280 289
105 158
366 230
41 125
275 40
205 223
285 299
4 241
92 129
58 354
174 181
165 323
229 57
328 387
181 327
363 205
165 334
201 229
71 357
47 113
83 113
341 245
381 230
89 8
6 241
35 341
328 392
198 240
157 331
112 2
327 57
284 297
218 380
290 304
43 132
283 33
338 74
339 369
64 131
372 203
222 31
61 223
280 36
73 211
112 162
332 373
16 98
84 399
69 259
72 248
113 162
86 309
111 13
42 131
339 381
178 323
183 230
331 382
337 373
16 90
85 298
88 399
38 118
3 239
85 131
160 314
50 137
230 38
171 325
182 181
169 338
94 315
10 244
230 39
170 196
272 25
190 240
186 202
101 313
73 346
83 265
341 67
283 40
317 263
229 378
75 384
391 39
389 32
16 351
188 225
363 242
38 122
58 224
222 387
368 245
191 239
218 369
318 256
31 350
228 380
111 11
25 109
319 249
285 279
187 227
44 135
322 377
377 38
126 155
95 290
319 257
340 389
338 382
71 369
74 352
368 28
82 394
54 120
21 93
367 238
86 254
373 40
98 123
379 215
170 321
319 259
212 390
191 180
211 384
380 216
365 224
369 221
11 99
168 312
93 300
292 34
55 210
128 165
228 37
70 386
375 246
291 294
374 34
171 315
82 268
84 310
318 250
51 118
184 203
184 187
81 261
190 202
13 353
156 329
223 47
90 387
340 61
120 174
338 388
225 376
173 200
114 7
335 60
380 248
73 264
330 245
370 195
62 213
86 246
36 127
327 371
222 48
178 330
209 373
78 120
157 321
98 314
379 26
333 368
111 7
194 223
78 389
64 358
19 115
188 231
337 381
317 257
60 358
363 213
64 367
92 302
390 33
45 133
369 34
381 26
163 340
74 383
190 228
21 339
76 270
334 72
40 130
227 41
194 203
367 237
289 278
210 376
69 348
269 30
67 368
2 253
131 161
3 97
111 153
59 121
370 240
361 211
84 272
377 44
71 210
76 252
335 391
114 1
333 58
176 191
378 240
377 236
88 306
286 285
167 330
19 101
2 252
323 248
219 41
187 194
196 200
189 230
68 226
84 297
98 7
173 313
104 9
130 165
52 127
283 25
364 251
103 303
9 93
54 365
357 232
219 54
315 259
99 113
5 261
321 373
6 94
332 242
335 366
101 302
61 208
117 157
56 225
287 26
19 93
62 119
201 230
202 235
94 130
320 374
33 354
331 254
385 202
20 362
119 162
83 387
361 250
108 302
96 290
21 357
336 392
80 259
372 197
113 154
89 135
340 371
94 7
107 10
68 373
189 236
95 134
129 162
77 123
327 369
211 397
54 114
20 114
224 50
157 332
86 130
326 55
99 127
60 351
187 192
10 258
25 364
54 222
187 239
171 323
220 371
65 216
189 232
294 291
107 302
288 279
220 386
68 349
362 198
365 218
177 204
375 31
331 392
195 228
100 289
216 380
11 249
377 200
378 202
333 388
286 36
74 224
365 233
164 336
189 239
96 114
367 227
377 218
364 245
315 257
363 201
111 1
267 34
216 390
220 378
86 383
132 161
372 46
367 32
226 53
87 395
285 291
278 301
62 222
63 209
376 41
382 29
99 5
68 371
187 241
217 55
318 79
339 264
276 292
79 215
84 128
200 221
99 114
283 21
58 123
333 59
68 387
81 384
173 202
83 310
175 333
85 111
294 29
295 33
192 199
204 230
157 333
88 293
194 228
12 99
95 306
163 324
67 394
3 253
77 361
7 243
322 62
294 299
328 255
187 195
13 114
288 289
377 202
194 217
47 140
86 306
77 382
281 285
8 105
57 212
39 133
47 139
206 232
292 36
54 133
340 248
70 205
121 148
6 260
60 349
368 215
329 75
274 17
175 190
182 329
280 28
390 38
117 174
318 255
81 252
22 349
11 113
36 122
89 1
370 205
74 389
10 99
219 392
358 238
363 204
158 319
374 215
191 192
52 211
378 43
13 347
117 168
290 18
281 292
73 366
372 249
206 237
327 247
61 212
212 381
89 5
375 23
316 61
62 133
223 381
35 362
343 375
86 257
235 38
382 48
122 148
215 33
339 376
38 355
379 38
322 256
335 377
368 39
228 36
289 281
230 37
130 170
345 386
99 307
104 8
80 380
196 239
69 370
13 115
72 396
3 248
276 289
93 133
77 244
88 251
97 4
81 269
85 395
104 297
284 294
98 115
284 300
178 196
71 345
36 124
212 371
23 102
178 184
67 210
378 235
53 132
366 197
228 35
294 35
372 235
92 296
368 212
120 173
110 299
76 209
383 203
187 236
219 386
12 262
14 97
395 30
284 23
330 376
1 248
387 47
76 125
384 46
226 46
317 64
108 311
386 25
22 94
199 240
318 67
327 64
226 41
321 70
390 41
103 19
60 367
208 224
386 209
90 397
371 29
84 296
53 226
373 204
76 224
21 364
194 224
64 223
335 243
34 348
25 357
286 287
19 351
378 28
188 223
75 210
229 50
78 216
161 333
317 256
342 258
91 14
19 349
88 314
92 398
372 241
343 68
219 37
277 281
211 42
283 306
105 298
215 372
97 305
208 370
193 227
385 34
335 386
287 31
82 123
348 381
379 208
274 284
56 355
366 237
211 45
202 242
362 243
73 220
96 301
379 25
198 190
78 391
287 286
375 237
47 121
13 96
205 383
327 71
175 338
117 10
101 293
276 281
70 354
324 80
365 236
361 207
59 346
327 80
316 59
179 330
225 40
75 353
81 254
55 114
320 68
382 24
80 381
90 386
78 367
345 371
100 19
330 69
172 320
342 371
319 61
383 242
90 311
82 122
9 248
237 41
55 216
42 129
72 385
11 103
70 358
197 229
278 22
179 182
341 263
160 338
19 342
209 376
361 240
115 7
370 224
94 117
227 35
13 349
229 53
336 370
213 40
332 385
321 76
287 282
38 134
71 397
379 47
225 383
162 319
201 383
71 268
189 185
95 120
65 222
8 98
217 379
339 252
267 28
191 231
63 133
272 20
276 280
279 301
88 292
107 299
154 322
203 238
201 240
10 104
337 65
281 278
76 130
326 267
111 14
117 167
55 357
101 294
274 28
96 310
287 296
180 318
73 126
207 221
73 221
369 234
31 343
376 195
79 249
72 225
2 263
119 156
377 244
269 37
76 116
381 33
279 281
0 245
123 165
64 222
339 375
329 375
328 388
12 352
60 217
199 230
13 354
292 300
64 346
320 248
223 392
68 391
223 377
25 360
173 199
73 371
183 191
90 136
115 170
21 342
20 102
195 195
285 284
212 391
197 199
209 384
99 295
276 287
87 388
5 255
95 10
111 168
75 388
119 161
394 36
166 329
27 349
30 338
93 1
372 193
60 207
2 261
80 120
71 362
95 8
368 203
24 113
60 209
327 249
217 386
190 186
286 37
55 121
227 29
92 136
185 200
368 220
82 385
378 23
294 289
206 230
101 315
27 109
232 34
234 48
217 395
271 288
83 389
324 252
278 293
47 134
163 320
211 369
226 47
342 64
123 170
98 3
204 378
104 166
220 385
221 382
69 366
333 73
376 229
27 344
226 34
103 10
376 220
194 201
60 219
319 75
205 241
199 232
104 163
12 114
333 74
125 150
80 267
387 207
202 240
125 163
37 342
53 129
179 180
41 128
214 395
365 205
327 54
331 60
128 152
97 17
64 210
274 282
87 385
377 209
342 68
68 250
370 220
332 76
170 331
123 151
284 304
111 155
191 181
63 206
51 141
177 331
31 347
374 248
343 387
92 259
69 204
339 256
375 247
36 132
286 17
80 114
378 24
38 131
221 45
226 44
58 130
321 242
66 398
283 39
377 198
75 209
26 363
56 206
0 255
76 268
321 383
300 292
384 44
377 227
90 8
84 247
52 363
176 185
1 253
66 263
334 81
124 162
295 283
377 30
37 358
217 50
221 53
207 390
7 245
199 227
99 12
39 349
318 78
320 380
367 214
332 365
314 68
394 35
69 266
229 37
100 11
31 357
325 246
393 30
19 97
94 111
72 205
82 114
386 205
385 48
15 349
210 375
167 339
26 349
216 385
233 33
110 9
326 73
128 162
322 66
82 262
329 64
388 37
95 310
286 293
221 32
9 255
88 110
30 359
335 379
211 389
73 228
289 297
292 280
207 223
56 124
196 242
177 184
178 198
18 338
68 220
318 261
230 32
25 336
105 2
391 23
26 94
372 32
52 223
212 50
58 359
125 157
40 128
82 259
88 396
75 347
22 346
333 256
287 300
271 36
325 65
98 4
90 127
167 321
173 193
154 324
29 343
92 14
178 315
286 291
10 246
76 214
273 30
207 238
65 258
57 207
379 209
78 121
86 248
282 17
379 232
339 73
280 299
15
