35
13000
23
39 44
407 226
251 43
161 397
293 423
118 379
75 127
296 172
356 129
444 111
274 337
297 14
220 286
416 166
272 277
349 348
104 239
9 212
447 49
307 217
358 205
164 3
402 393
433 311
437 448
233 187
330 268
209 438
180 353
23 289
374 444
211 144
58 429
140 102
186 254
400 229
443 296
288 187
96 383
440 438
91 246
31 305
352 211
296 420
396 414
277 4
387 376
100 373
212 193
108 218
336 201
345 366
217 193
259 54
274 341
429 438
234 301
202 132
224 208
312 183
30 286
305 187
419 438
246 38
293 327
287 279
285 20
40 52
179 349
359 150
292 336
43 292
406 397
217 447
426 169
448 447
34 306
109 245
277 283
161 6
232 35
314 424
236 180
127 97
440 58
351 191
105 220
403 384
297 184
287 6
443 95
28 218
86 225
182 333
422 313
229 440
10 307
264 282
250 61
87 128
437 45
258 344
312 424
208 147
245 184
406 179
319 20
348 224
334 263
385 440
434 305
24 272
61 436
283 421
148 116
91 222
437 425
310 170
188 246
232 275
1 287
319 14
146 116
47 47
415 182
131 105
44 55
307 206
363 217
362 446
75 124
316 280
346 366
29 206
25 220
358 117
428 298
333 269
265 295
67 114
339 134
306 19
258 49
111 380
349 113
175 260
212 290
98 251
177 238
405 154
97 127
179 335
428 428
33 34
31 287
142 404
349 191
337 204
342 130
430 94
300 171
428 110
383 392
294 17
280 169
128 103
37 429
216 306
404 385
12 209
186 331
144 110
70 124
238 50
48 63
128 105
152 99
234 302
391 218
241 184
352 116
45 423
230 146
17 223
86 237
222 147
55 433
12 303
179 15
213 146
150 392
380 442
105 249
447 116
240 193
434 321
241 202
369 213
309 184
444 118
365 212
193 442
101 254
348 264
434 52
157 389
283 173
219 171
369 145
236 27
336 349
337 269
237 286
124 241
206 423
176 240
139 90
312 269
417 407
1 200
442 127
192 445
412 175
111 375
92 251
302 233
449 302
276 284
213 148
296 197
159 386
349 209
179 273
178 410
246 31
216 178
253 284
192 234
282 280
227 166
110 219
174 402
176 385
316 11
197 130
124 89
421 445
430 434
160 95
216 447
345 142
293 14
9 222
248 65
93 125
269 284
306 236
128 93
125 101
360 220
309 161
36 293
68 438
426 53
282 262
124 103
152 391
172 263
301 26
27 303
391 433
317 218
133 101
68 112
175 246
344 214
123 116
60 444
299 407
298 7
78 432
267 39
168 339
210 154
53 418
13 302
142 8
163 342
22 293
69 418
274 428
329 358
166 21
230 196
438 127
230 278
215 449
67 108
338 338
364 147
218 447
400 179
236 28
7 199
43 417
74 413
31 64
198 152
230 303
302 426
191 262
358 121
203 269
82 130
290 220
138 121
271 278
376 195
182 369
395 378
419 240
207 443
422 164
166 402
214 431
445 314
420 167
399 236
179 249
291 441
121 251
293 417
305 205
399 371
343 259
372 446
251 28
379 440
105 368
243 55
274 348
113 231
24 299
350 193
343 331
267 261
430 168
307 189
173 359
206 275
338 273
445 427
283 190
228 300
122 395
447 58
276 10
369 142
38 284
223 159
57 413
285 424
398 229
36 289
62 135
215 448
320 260
218 197
219 273
373 203
205 148
306 189
279 440
105 244
179 239
5 220
283 293
132 372
315 177
410 183
367 185
244 181
98 253
367 137
153 118
88 109
227 274
410 386
423 167
219 271
216 160
233 284
70 107
213 448
323 247
265 330
247 22
85 246
367 445
285 164
301 194
273 434
353 207
215 267
358 209
371 342
56 449
368 219
253 27
142 83
428 37
347 193
260 261
310 28
284 341
185 347
350 141
188 232
217 153
377 126
267 299
241 198
271 322
243 26
29 279
411 180
303 29
49 48
399 241
290 31
329 268
149 413
296 160
217 136
100 239
400 401
402 390
354 146
400 371
382 449
251 38
196 347
323 257
359 213
152 115
63 132
305 439
436 304
426 182
229 301
216 271
354 366
29 216
5 234
196 430
179 270
47 430
241 26
309 14
419 447
440 45
437 290
110 369
315 236
284 165
133 371
146 6
21 47
304 30
166 354
369 221
396 214
188 262
109 239
204 150
283 338
362 207
226 426
381 425
37 426
158 354
293 174
9 207
430 121
316 251
70 116
316 169
173 355
207 261
360 108
58 415
157 5
172 265
132 389
293 163
349 138
121 392
133 392
75 120
293 271
128 90
297 431
36 30
146 88
426 180
97 125
107 230
351 334
208 425
288 440
223 203
240 42
436 50
411 381
334 333
58 418
166 381
415 410
365 435
363 349
6 291
185 236
197 152
188 261
412 212
147 395
247 34
234 176
229 207
272 322
356 217
288 269
195 270
333 348
434 435
357 441
404 178
272 326
271 280
125 381
281 178
348 220
148 102
273 317
345 347
423 294
187 353
126 367
299 416
19 300
104 246
240 52
177 233
180 336
245 53
191 449
411 208
137 87
334 349
273 418
283 11
427 38
292 181
305 30
362 202
405 248
349 148
143 104
94 243
156 376
110 388
214 438
103 367
194 441
317 270
261 291
169 2
256 342
238 197
428 219
280 16
195 149
351 209
411 245
418 176
272 293
110 392
296 332
365 424
96 229
215 143
225 295
134 86
132 83
177 3
57 422
318 169
218 303
87 243
292 444
253 36
183 263
348 273
185 369
331 279
20 40
166 392
51 441
413 377
99 233
171 372
134 122
119 361
71 131
73 135
228 180
311 212
412 161
176 353
425 44
132 119
188 249
154 405
156 106
5 191
408 386
98 246
313 206
332 270
49 51
87 145
358 125
264 295
426 437
59 415
77 123
336 366
194 369
249 201
247 175
366 360
143 115
125 112
224 286
312 273
440 91
133 375
375 204
65 441
162 341
157 16
318 272
233 52
422 109
200 134
214 122
76 425
180 400
395 402
344 135
17 233
54 436
103 374
33 44
254 342
220 205
211 268
242 37
421 317
106 362
230 270
339 343
80 117
215 153
125 391
179 359
426 154
256 291
44 434
216 420
306 187
48 44
365 146
122 111
291 429
15 268
422 146
311 26
24 308
368 121
392 243
338 210
328 277
294 417
319 281
317 215
341 201
413 148
422 314
284 444
255 284
97 253
88 250
394 377
111 384
343 131
179 264
350 212
373 438
262 340
401 170
412 239
348 197
158 382
81 107
153 386
275 286
310 219
254 286
449 442
306 207
197 249
114 364
153 10
93 119
428 159
376 206
426 432
236 275
437 172
430 98
318 222
34 65
26 284
330 255
358 211
349 111
231 189
427 233
296 214
419 380
137 384
262 318
310 175
98 226
310 431
342 255
188 248
107 388
409 373
124 368
338 286
21 41
222 134
93 117
323 264
32 283
359 185
15 279
146 391
279 422
148 81
289 15
361 143
226 185
198 447
438 300
312 22
217 173
74 120
386 399
192 432
409 210
318 171
404 154
156 18
273 294
139 118
38 24
219 154
66 449
175 5
292 340
221 200
436 160
154 395
326 272
99 368
219 304
337 281
102 228
4 290
423 318
369 204
396 170
261 292
27 41
140 391
231 438
180 267
291 340
446 129
443 118
285 280
1 286
369 426
113 235
412 312
342 355
317 180
232 286
354 149
59 134
287 8
429 225
132 378
305 165
216 138
171 382
133 389
420 214
336 334
309 418
71 130
322 279
221 290
433 37
226 298
23 282
447 326
449 440
260 343
273 341
390 387
1 209
290 152
276 266
57 32
296 234
48 435
335 286
0 197
170 1
30 205
6 197
354 148
433 104
76 436
248 44
380 426
35 289
174 265
20 213
327 289
305 222
267 41
271 359
178 385
302 415
398 173
410 385
236 34
411 152
19 269
170 340
246 203
364 108
56 421
291 273
292 407
114 396
106 257
390 411
191 430
332 252
279 261
194 434
38 38
422 310
307 197
10 202
129 394
107 361
343 141
330 262
169 400
148 108
121 393
120 381
202 277
287 341
214 158
355 439
172 0
376 138
287 272
233 301
24 54
287 27
233 56
413 396
404 161
389 381
214 176
160 0
442 112
199 151
195 445
198 347
165 393
157 10
311 8
131 111
27 283
367 204
60 51
380 390
44 292
217 140
302 155
436 60
75 424
196 157
179 5
276 414
109 232
21 208
77 138
304 215
275 165
383 388
333 285
319 264
199 356
319 228
95 244
179 340
372 427
199 355
157 391
351 147
428 183
204 417
202 292
138 97
191 339
418 166
199 127
66 429
416 325
293 30
84 148
434 129
411 241
412 147
160 357
286 259
212 283
404 158
361 223
293 189
314 168
426 236
222 448
266 331
399 398
98 229
119 102
11 302
285 186
152 96
97 233
28 285
298 222
356 136
217 275
194 261
425 174
217 438
273 327
154 407
168 371
32 31
179 258
403 391
420 178
175 269
323 221
224 196
171 252
449 117
201 157
374 203
440 296
323 248
273 429
431 56
153 107
101 218
187 258
222 201
166 369
236 194
218 141
160 21
346 357
234 203
289 289
370 345
345 273
315 233
377 199
448 432
280 347
243 183
12 222
137 377
118 255
346 350
304 435
13 192
349 118
290 4
317 207
443 48
132 361
389 428
417 241
281 319
292 8
240 177
260 286
419 187
343 281
436 290
155 107
118 370
91 132
328 290
437 130
179 386
334 273
313 253
122 375
340 260
179 248
339 359
280 439
93 252
118 99
372 138
307 192
270 325
222 300
34 53
404 395
399 415
400 153
292 194
284 157
61 412
284 277
265 34
282 424
418 383
180 250
296 432
293 7
70 410
158 96
113 371
181 4
371 144
37 283
339 210
127 91
227 192
212 428
359 222
206 439
148 113
245 186
373 220
247 27
448 97
355 369
443 315
421 439
28 282
369 427
277 20
82 245
34 309
122 103
166 25
167 355
86 133
271 266
46 447
437 299
113 246
334 125
78 124
203 300
169 5
344 122
232 179
107 248
237 60
436 48
360 122
49 419
379 197
289 215
225 133
114 234
166 336
391 234
192 261
264 353
319 225
272 278
351 336
363 216
289 221
129 112
290 404
295 401
442 29
26 305
153 397
24 276
93 134
127 361
7 294
1 220
35 23
36 277
178 352
119 236
112 251
305 162
340 348
166 412
242 199
428 331
233 199
184 235
417 172
449 124
416 377
256 344
121 231
419 315
420 438
433 158
347 121
145 97
405 237
427 447
122 251
446 66
440 94
311 271
124 100
164 376
168 356
103 250
382 432
222 435
229 153
274 423
439 98
205 437
319 236
337 201
68 126
427 104
442 301
239 296
202 435
31 62
190 437
95 128
231 281
61 448
71 423
181 390
147 12
315 199
358 339
173 3
434 179
3 193
405 180
408 187
424 330
113 379
229 168
239 201
120 368
242 40
437 332
345 370
264 57
286 429
336 356
212 194
304 436
51 430
311 275
262 56
148 392
79 134
213 431
58 412
236 186
148 92
222 185
309 438
279 260
434 164
343 354
47 433
410 397
321 234
296 433
93 137
137 367
302 160
103 261
193 343
60 435
399 396
140 383
349 332
30 282
144 411
435 310
357 126
263 288
275 18
364 436
70 428
430 326
172 271
446 297
265 285
416 311
142 387
79 116
231 199
25 308
207 124
169 395
128 373
271 299
247 186
417 327
102 395
248 48
261 321
414 188
311 187
3 289
60 130
341 138
200 353
51 63
58 130
80 108
415 225
71 444
217 184
108 391
186 249
165 405
34 39
403 152
393 243
277 277
364 203
67 141
341 258
285 440
11 233
15 234
33 294
302 179
294 31
279 433
298 181
293 26
312 202
265 41
19 285
307 174
443 326
69 120
47 423
289 3
55 133
165 261
443 105
422 446
417 159
394 215
214 142
198 424
75 435
442 105
28 55
443 66
286 350
118 368
314 233
357 442
184 5
399 401
284 186
307 5
139 402
22 291
420 317
281 358
436 33
310 196
355 114
22 285
170 378
223 446
429 317
441 292
36 283
229 292
445 97
170 16
279 1
200 128
68 137
365 144
311 185
161 100
114 241
86 125
54 132
139 370
433 114
370 437
254 58
192 252
193 152
252 266
69 422
339 201
175 401
409 220
257 329
170 408
267 334
189 247
276 275
246 182
5 217
58 126
280 420
291 30
175 387
348 275
146 108
240 51
171 245
352 438
62 416
403 178
171 352
291 279
315 283
235 302
424 149
282 188
439 68
360 437
364 116
366 361
406 157
448 93
342 341
98 252
200 285
427 315
286 276
61 435
336 348
155 102
29 24
393 444
201 143
293 153
294 418
73 116
441 30
154 401
46 414
282 23
445 296
208 257
426 233
351 329
398 237
266 330
261 281
273 280
430 301
184 354
291 338
253 287
395 412
291 421
402 237
206 129
199 279
220 164
428 111
429 429
293 345
128 116
124 98
232 46
391 441
284 179
334 254
105 221
266 283
294 278
20 38
414 315
448 59
263 330
427 114
419 211
273 270
240 200
310 165
92 228
221 299
15 293
285 405
104 255
346 352
53 48
409 391
272 274
363 344
195 150
359 361
104 253
406 228
438 319
334 286
292 30
417 383
220 301
181 343
214 308
30 50
160 410
385 222
213 129
289 181
439 44
366 198
177 370
269 51
26 220
110 239
195 368
403 177
404 394
155 384
441 305
198 361
423 220
340 258
92 234
348 356
332 353
13 220
427 156
310 259
443 116
100 390
363 195
399 245
43 432
433 123
49 34
204 434
88 228
179 387
342 348
139 375
364 432
90 236
429 442
56 124
216 279
160 110
438 327
74 432
394 449
436 62
442 108
167 22
417 237
116 236
328 341
241 279
8 301
446 61
26 208
416 215
181 235
77 111
294 219
218 196
238 33
95 237
184 248
427 309
251 189
432 97
12 234
357 143
242 285
238 196
118 399
393 406
334 255
212 189
386 405
116 241
165 387
180 264
300 29
366 432
160 2
371 187
109 380
440 41
121 254
441 128
287 350
73 441
409 236
352 223
362 441
393 214
287 271
429 169
191 252
205 142
369 207
290 35
232 198
394 164
81 119
402 160
143 386
230 296
392 393
433 91
392 436
225 447
285 267
190 251
389 402
33 36
277 293
413 207
426 175
248 24
442 320
281 316
431 34
409 175
44 442
407 386
407 405
431 333
193 351
147 92
6 299
151 117
99 225
395 208
335 284
397 386
204 146
402 246
320 217
19 308
6 304
183 275
292 276
52 47
203 127
442 41
392 379
232 199
253 280
42 424
28 310
425 229
405 172
296 5
227 278
227 430
210 137
261 278
405 371
421 186
230 287
162 18
110 246
302 174
308 224
134 392
11 286
110 240
390 231
6 207
61 441
369 444
166 341
392 214
54 28
234 33
441 314
433 330
154 386
106 387
398 413
155 378
429 62
345 256
162 378
196 252
224 284
41 43
287 181
376 139
274 413
406 241
295 341
107 383
169 406
257 36
423 228
420 211
4 211
239 186
41 60
126 93
100 251
142 401
422 212
30 280
306 167
174 408
244 34
444 112
24 61
128 396
4 219
139 91
22 205
306 32
423 187
191 335
325 212
224 141
266 288
338 359
261 334
62 143
46 446
312 268
394 444
281 269
357 225
18 293
350 355
361 342
348 111
268 351
111 388
437 318
18 304
433 320
16 289
394 172
406 405
216 443
449 441
396 442
162 5
201 347
414 219
200 246
309 21
159 417
187 343
310 15
311 257
307 420
197 128
439 324
261 36
222 150
446 307
64 419
107 369
71 421
174 9
241 289
259 330
317 179
431 108
377 194
299 197
31 24
408 162
9 205
275 296
77 436
285 323
261 32
297 182
99 258
419 306
352 138
341 342
428 304
176 11
156 4
151 415
339 331
158 355
290 185
153 91
444 60
286 224
282 172
227 284
299 18
441 102
240 173
41 42
316 197
423 325
183 239
435 178
410 244
290 173
405 397
237 27
359 356
54 419
121 103
165 259
48 64
191 149
289 186
433 115
147 402
405 221
191 242
171 4
232 173
178 21
222 203
100 259
202 351
307 32
117 257
74 442
34 273
415 397
294 212
176 245
417 175
299 437
289 12
312 425
166 5
305 419
181 401
390 446
296 236
414 177
7 291
20 277
291 34
286 295
269 316
333 333
310 267
319 248
383 395
285 218
418 387
221 149
53 412
151 2
175 255
122 95
325 278
329 213
222 183
201 361
356 223
346 333
225 154
169 256
445 297
158 23
283 441
74 434
210 283
303 215
375 439
198 360
292 164
428 96
207 255
220 437
91 227
287 265
304 229
257 39
152 416
411 310
276 269
431 436
152 397
152 20
41 425
192 362
237 61
232 209
200 357
208 151
258 35
163 1
298 405
337 210
153 413
71 437
311 163
344 123
254 275
168 241
212 418
445 329
401 405
401 387
422 108
142 115
5 218
314 1
257 294
213 269
363 116
10 301
236 39
167 397
188 342
20 282
367 209
219 306
288 156
306 239
252 192
178 1
276 172
30 59
199 134
422 110
384 431
440 310
315 8
264 284
245 176
119 369
226 447
103 387
367 356
375 128
143 120
401 226
225 189
255 330
385 448
195 424
440 39
432 438
219 155
339 267
308 179
300 435
433 107
435 324
413 301
341 282
181 260
346 136
234 269
448 305
426 331
225 127
54 412
445 435
361 367
84 228
194 423
294 182
281 162
176 397
399 413
340 125
267 285
297 165
196 260
18 290
394 226
290 408
323 216
225 161
445 310
240 174
66 112
58 137
215 164
372 437
60 443
217 441
303 163
261 55
265 320
423 308
133 383
158 3
293 283
447 322
215 160
121 250
429 151
200 445
416 314
435 173
345 122
55 41
267 276
205 163
31 45
315 232
425 442
439 122
372 425
321 250
193 345
74 115
30 45
163 404
266 271
262 264
146 409
257 37
169 358
349 357
331 344
242 288
61 440
343 265
117 396
297 173
219 283
285 355
9 228
167 400
190 439
433 55
199 341
255 189
182 257
125 85
440 326
365 200
420 390
273 319
448 39
143 399
287 16
322 284
387 430
255 188
106 232
386 223
60 410
442 60
286 156
262 349
222 156
196 254
293 217
363 426
323 282
41 434
448 119
266 326
408 230
362 148
432 116
201 281
238 275
173 411
342 340
129 367
208 142
286 283
438 295
149 120
449 52
306 181
298 441
418 170
235 174
41 29
133 384
431 152
294 6
286 158
14 197
350 326
236 201
231 168
106 220
337 134
340 137
166 15
235 271
401 373
326 265
205 256
344 134
291 170
233 195
183 359
228 274
325 275
366 226
197 260
226 305
80 432
293 439
382 436
20 303
217 146
449 318
214 268
233 203
282 284
438 105
137 103
263 34
418 187
391 449
289 4
359 442
227 307
82 120
341 214
439 131
17 280
133 365
21 58
234 285
152 406
350 189
411 223
236 166
340 203
133 121
149 397
15 289
108 361
385 393
365 186
172 249
57 130
46 23
143 401
338 261
25 219
145 385
371 446
210 132
430 431
420 448
286 264
7 213
235 189
3 284
260 284
239 33
221 170
192 260
286 263
217 126
439 46
360 428
430 439
353 111
233 179
358 129
54 413
383 442
54 33
160 352
340 209
223 153
400 167
404 167
264 350
138 106
355 347
356 134
170 373
363 206
444 126
177 395
153 6
372 216
387 406
169 343
90 128
347 268
277 423
195 137
345 265
428 309
439 301
251 48
29 277
45 447
216 265
4 208
439 95
259 28
305 4
182 353
7 277
176 333
410 210
307 33
203 265
196 340
399 170
183 0
435 39
110 257
391 210
232 170
331 269
109 240
272 262
232 137
170 353
270 423
350 349
52 434
221 162
311 266
210 166
350 202
342 216
294 3
200 439
171 2
312 218
324 256
87 134
71 141
368 113
345 114
421 220
55 47
180 385
352 445
91 244
172 391
352 333
357 431
435 131
416 187
292 436
382 425
30 214
204 129
436 90
316 271
343 112
427 291
260 25
350 210
253 48
276 419
130 86
220 136
348 116
439 302
260 281
328 260
91 143
306 233
67 444
139 398
344 206
432 329
159 347
333 256
106 379
198 130
368 358
419 309
173 0
251 282
170 346
233 184
299 14
42 53
109 248
364 358
137 375
224 148
162 397
148 388
272 257
228 280
344 360
48 412
388 406
55 117
197 140
442 123
429 182
434 93
148 411
315 263
208 267
346 210
109 388
127 372
127 376
194 140
47 443
279 296
255 280
118 385
323 274
440 120
41 438
257 327
411 311
34 271
45 411
137 380
154 18
47 440
276 21
436 118
340 339
431 442
201 255
437 61
155 108
228 171
285 444
169 4
287 277
153 105
50 41
441 32
337 128
231 435
298 215
408 145
226 278
14 277
256 21
173 401
370 186
367 212
13 224
297 231
38 42
271 357
409 413
355 223
309 17
344 367
53 61
429 328
413 313
47 445
230 47
426 113
371 206
288 419
409 410
238 284
226 199
328 268
435 331
61 415
184 14
191 425
306 12
311 419
204 445
86 116
262 53
436 302
324 228
312 211
171 406
76 130
296 436
285 295
230 305
56 128
78 115
152 88
60 118
158 18
99 391
87 124
158 409
249 277
109 358
396 383
298 403
279 178
284 441
93 241
437 163
154 98
177 358
80 139
323 232
210 304
55 420
124 240
90 237
403 160
202 439
367 143
393 412
394 167
54 43
104 258
199 449
285 357
356 368
238 300
404 164
413 155
65 121
275 318
189 362
7 222
298 213
292 216
339 211
229 443
283 30
296 404
316 274
221 420
84 236
26 201
132 366
258 343
417 382
346 220
365 335
355 196
273 43
443 440
225 265
413 406
394 165
422 159
226 156
310 260
172 365
281 342
39 57
313 275
294 180
428 177
293 422
15 191
40 301
196 253
79 133
100 388
426 168
344 286
120 389
161 365
405 247
22 310
348 209
280 349
164 9
367 124
65 127
368 131
216 422
324 211
111 361
159 357
280 323
259 327
214 272
95 259
105 362
408 153
430 184
51 48
30 301
443 432
152 98
313 211
102 260
436 325
439 430
104 362
35 273
197 248
432 177
103 362
278 425
414 303
312 426
31 50
111 363
437 427
40 284
52 444
64 431
335 339
77 139
35 38
374 196
202 256
217 134
299 3
132 380
189 264
119 103
373 202
401 217
20 218
255 263
218 282
426 228
161 16
119 229
434 174
265 49
167 18
283 281
438 329
226 292
44 29
219 163
437 291
42 288
360 334
447 106
409 392
366 441
288 404
367 219
255 27
168 260
234 171
54 420
236 293
359 215
191 448
288 410
286 6
433 331
236 29
269 33
296 343
10 218
164 406
318 205
62 44
76 430
296 415
99 218
366 345
346 326
220 171
293 425
45 412
389 386
119 379
54 128
172 382
358 368
262 352
241 30
111 381
446 299
389 397
427 155
88 246
212 183
348 279
181 240
190 426
279 355
284 328
413 248
400 207
226 293
6 274
269 319
419 321
320 229
385 223
387 231
267 347
436 96
375 202
69 137
291 419
444 322
449 39
130 368
221 184
335 335
252 35
144 1
66 428
354 442
106 258
174 260
37 289
296 418
309 16
11 294
358 116
122 387
340 210
416 221
75 122
449 301
252 195
371 349
444 323
380 393
111 236
410 188
75 430
152 14
191 433
143 117
38 425
430 429
307 407
266 356
290 328
225 151
433 436
109 261
442 306
416 148
67 121
411 171
228 439
234 188
309 15
155 103
442 99
449 429
36 52
143 384
269 260
8 207
348 114
103 237
140 389
224 193
174 346
289 5
164 259
382 401
27 294
307 196
29 33
422 226
129 108
431 118
35 306
235 172
11 227
291 433
339 279
426 304
15 213
217 430
209 268
228 156
421 213
173 257
241 39
132 111
38 53
144 384
52 432
150 87
386 391
409 168
440 67
296 222
436 39
226 179
285 403
410 155
181 363
289 421
231 188
435 437
173 243
350 348
28 44
204 265
139 104
408 185
449 127
361 122
67 413
360 366
403 232
311 162
270 289
256 329
41 59
237 167
2 220
351 219
207 438
253 22
269 295
178 264
167 384
181 276
442 50
118 387
213 133
124 249
414 182
106 365
220 174
367 193
97 130
288 3
150 388
273 266
72 416
24 210
430 105
230 52
52 43
34 27
177 241
303 176
396 440
125 107
112 254
308 156
27 216
80 127
343 208
393 222
59 51
322 265
134 378
65 129
360 136
172 367
118 357
442 55
267 38
202 239
242 32
258 274
40 278
430 299
335 334
227 303
298 210
203 124
333 355
272 286
7 275
131 110
171 14
36 299
399 219
56 419
39 62
419 217
113 400
174 405
118 371
402 174
189 234
284 429
101 232
438 428
270 41
32 308
177 13
419 161
344 190
363 351
238 201
202 250
345 284
254 55
396 235
370 211
417 447
281 180
345 335
224 169
256 332
442 327
142 409
209 426
171 339
102 389
305 436
347 277
214 441
424 148
310 423
304 221
173 378
443 54
388 449
358 363
408 211
313 229
27 209
392 399
239 289
200 436
67 441
420 219
270 297
419 228
322 224
207 447
175 346
170 15
208 126
324 247
217 194
380 398
442 93
16 274
417 176
187 371
5 295
121 108
339 204
211 438
240 276
425 108
172 339
288 333
17 229
285 284
241 45
417 173
285 435
306 159
151 111
178 237
125 104
147 106
13 296
164 389
154 382
284 332
76 117
170 251
371 121
319 285
325 259
278 352
39 424
342 116
2 229
261 340
240 208
328 351
218 190
319 211
179 259
161 378
112 398
267 59
21 221
408 176
178 332
220 135
312 217
196 433
264 276
236 188
115 254
413 162
192 345
365 334
439 130
23 307
77 428
293 175
271 348
280 3
22 59
272 271
412 243
241 171
229 294
186 8
275 282
275 410
325 286
200 286
100 382
84 240
281 434
220 204
262 335
242 51
174 2
355 213
171 411
291 343
276 415
348 110
133 364
75 126
335 205
157 3
317 217
25 52
105 382
301 415
174 387
252 272
158 357
305 418
157 11
344 363
173 408
431 446
1 213
293 154
154 114
267 346
193 142
29 290
160 17
308 235
205 435
182 254
216 145
308 407
299 411
254 189
373 198
75 119
150 396
135 103
201 298
239 294
399 156
38 297
358 327
311 217
362 439
305 412
153 108
354 117
266 321
284 281
265 261
223 280
318 275
407 147
223 140
49 408
277 182
433 427
260 274
226 150
338 252
158 93
37 35
298 199
408 222
435 68
423 180
406 403
314 186
290 168
121 227
197 433
238 171
276 288
290 272
50 33
280 186
419 158
168 256
162 392
440 42
221 437
124 114
163 396
117 384
449 71
215 444
99 217
29 311
194 249
146 98
94 131
157 385
226 170
158 398
27 201
39 421
416 307
321 289
398 406
308 29
70 432
55 131
263 332
11 213
150 98
368 143
12 223
287 155
163 364
390 227
244 173
300 200
289 403
421 319
126 375
118 248
344 278
240 196
424 217
425 231
156 107
221 307
272 347
283 163
169 339
408 186
14 214
449 32
396 171
227 204
17 211
258 24
255 328
388 220
137 89
439 446
275 330
275 319
436 51
296 207
89 256
170 414
284 357
300 198
417 391
118 396
428 173
341 134
4 202
103 259
287 325
350 263
300 13
396 222
217 150
357 340
301 210
437 441
298 411
309 260
366 184
152 17
435 165
32 277
9 219
83 235
443 104
24 53
328 257
372 144
329 262
412 377
79 107
435 317
279 344
405 165
233 182
186 364
307 13
216 166
445 35
433 301
437 294
311 9
197 448
295 223
270 287
232 146
414 168
89 139
47 54
211 293
356 366
177 248
286 268
271 50
198 156
429 327
6 298
88 232
115 388
355 190
133 95
299 233
88 113
27 48
280 407
424 232
151 403
341 361
202 424
351 345
226 288
97 377
284 177
165 3
267 323
126 89
197 445
440 311
341 116
107 398
265 350
308 3
279 166
319 262
194 440
411 399
28 308
230 34
281 428
288 281
269 336
128 112
93 136
69 411
341 344
133 395
420 310
294 343
17 289
289 292
182 372
192 338
410 404
299 160
226 160
315 210
172 253
355 343
117 400
150 397
122 116
18 217
326 258
280 266
340 272
22 226
123 377
422 233
303 32
141 124
399 171
266 341
47 46
132 362
73 125
64 133
174 13
278 268
420 398
355 206
248 55
364 428
372 218
287 29
308 14
363 439
312 188
297 232
174 253
17 220
156 97
427 115
370 138
283 342
379 433
277 274
293 8
159 348
435 155
27 43
58 45
374 211
130 99
23 49
211 445
242 23
88 110
253 30
286 284
368 199
348 137
335 330
76 149
335 257
273 430
203 252
269 279
367 440
218 178
152 83
174 241
54 428
129 84
130 120
182 271
375 137
247 33
30 216
43 295
291 266
349 280
265 287
210 152
152 97
449 125
60 438
224 152
42 57
406 149
95 125
162 410
43 28
22 202
213 122
384 397
42 445
11 208
292 220
446 45
363 224
48 27
168 258
432 157
248 37
232 150
366 433
196 243
430 165
55 59
182 371
161 395
291 431
301 27
265 288
227 182
106 246
304 217
107 222
342 257
70 448
224 136
22 279
149 114
60 144
156 375
22 271
439 103
307 178
324 252
434 64
289 156
200 138
433 334
28 294
437 164
21 224
180 233
436 101
58 44
200 140
306 417
278 430
190 235
419 398
423 293
216 275
296 164
357 361
35 276
246 39
277 162
329 252
361 361
118 227
214 125
63 142
223 186
337 135
270 43
31 53
103 235
52 418
314 273
412 144
222 422
121 230
251 173
220 195
275 289
287 170
180 363
8 193
166 364
265 37
315 425
118 362
232 151
89 235
214 179
45 41
127 84
442 308
225 144
114 243
272 329
345 363
300 156
210 433
444 57
162 379
202 147
57 412
259 260
223 151
428 175
26 37
381 387
112 362
435 438
145 83
86 252
441 42
243 39
143 407
303 229
441 126
201 444
174 337
185 232
230 282
206 153
36 426
31 218
325 276
220 131
276 283
275 352
352 347
66 138
301 186
274 169
435 65
126 400
346 125
53 33
298 179
17 213
221 201
434 128
277 173
113 239
57 446
236 278
272 297
161 108
272 281
26 293
139 93
340 253
306 213
26 288
433 116
219 264
17 201
38 62
413 174
420 228
353 226
220 421
75 118
42 293
411 374
396 241
410 176
168 352
123 365
173 244
445 60
188 336
431 297
174 361
292 412
214 191
309 28
413 239
222 434
324 229
441 93
158 407
183 365
159 113
47 435
428 430
288 185
348 218
244 192
130 375
54 421
438 443
196 363
401 176
284 318
164 400
220 165
69 419
159 392
154 5
291 219
360 114
143 119
203 279
270 269
261 39
335 333
287 227
145 12
196 151
181 254
149 100
231 38
371 208
157 8
278 20
148 393
392 405
169 0
162 16
342 359
306 191
162 386
407 413
364 128
139 114
115 221
298 15
398 155
225 190
370 204
300 404
240 280
412 235
135 369
32 284
4 197
369 116
301 227
421 150
155 377
25 51
287 3
415 442
344 146
308 31
95 241
445 327
279 427
208 143
437 105
309 276
199 271
89 225
396 155
340 139
310 198
42 56
353 443
253 270
38 52
81 126
69 126
231 278
133 100
329 348
261 257
303 12
111 389
84 146
250 49
419 147
262 322
411 403
427 175
211 287
145 393
407 244
11 211
164 255
57 443
389 217
39 428
411 176
218 179
98 379
202 358
410 214
36 44
281 259
46 49
61 127
186 339
186 1
23 296
418 156
415 183
131 394
173 361
165 369
168 346
153 410
305 237
318 166
233 269
359 141
363 222
216 424
446 29
315 221
289 173
129 383
350 146
195 239
377 428
67 449
305 221
110 229
266 259
114 230
26 209
405 152
85 119
216 284
342 330
383 440
435 104
200 242
259 264
91 120
415 166
434 312
204 127
304 180
200 354
190 340
352 348
226 134
274 320
7 198
282 275
297 33
86 226
197 160
31 44
302 166
210 138
327 271
233 196
411 181
419 171
425 182
42 34
311 225
95 117
57 449
276 332
188 356
444 116
56 54
349 150
413 145
431 103
428 443
307 431
63 117
431 433
65 112
256 268
397 400
280 184
335 261
259 329
65 114
146 397
343 205
406 227
321 282
401 179
282 182
181 274
214 193
398 412
440 112
405 209
377 208
278 335
160 377
320 221
437 41
181 386
390 233
408 240
417 179
347 257
148 117
173 384
214 428
152 10
313 223
167 411
149 380
167 389
279 5
347 188
263 32
296 175
386 232
172 358
293 202
28 224
158 5
159 396
94 227
133 369
405 394
41 415
148 407
136 114
98 237
148 380
336 258
202 284
436 52
172 357
175 17
179 240
169 367
437 442
251 277
221 267
230 430
291 334
273 287
279 325
305 216
432 289
425 320
253 45
339 341
434 303
313 413
13 202
106 229
303 225
427 96
299 430
372 206
7 200
218 278
216 194
121 236
55 449
355 357
367 339
279 164
354 119
278 172
424 159
74 137
180 237
442 54
310 162
336 330
358 188
181 373
437 329
210 277
126 371
69 423
434 170
203 162
449 448
194 347
1 217
438 37
352 344
225 170
349 366
338 361
424 302
402 214
392 390
289 408
102 237
410 185
153 100
17 298
423 236
363 125
448 38
29 294
60 448
435 98
120 92
299 414
43 437
264 357
298 185
112 253
71 431
33 293
291 164
88 115
189 235
348 201
27 205
418 180
120 254
89 254
194 432
247 49
407 208
50 441
410 392
306 220
363 142
276 437
75 440
151 115
120 106
225 274
82 140
137 112
187 364
122 359
259 32
360 443
285 413
4 194
24 217
229 427
325 247
368 360
212 434
32 269
441 100
392 380
28 219
19 209
339 213
223 145
264 260
409 181
105 396
351 190
159 413
176 248
284 6
21 205
369 337
327 252
420 238
37 33
205 125
220 188
325 284
322 211
35 34
363 447
30 298
125 115
439 292
19 212
349 116
388 409
386 407
198 143
338 209
185 270
253 191
284 260
111 359
103 364
14 286
272 40
234 280
155 95
255 281
438 91
238 173
11 198
401 245
340 360
162 348
116 246
399 161
285 168
174 15
154 88
422 292
9 279
173 24
175 411
285 434
318 218
400 239
270 346
186 372
287 212
27 47
125 384
63 445
354 367
444 304
249 63
367 213
245 47
41 48
164 392
57 54
54 37
149 392
363 362
358 329
147 110
289 16
204 282
363 140
192 141
361 207
50 58
314 181
433 109
86 134
198 436
277 427
434 448
243 46
152 104
140 99
227 198
123 232
440 102
58 135
188 243
311 189
297 167
328 286
303 234
194 437
336 137
282 290
296 421
249 39
376 437
361 354
407 217
437 310
355 436
258 61
170 379
436 296
392 240
179 362
20 200
37 423
107 219
326 267
199 256
223 196
240 183
71 120
287 352
87 136
18 47
397 380
119 224
161 350
267 28
393 379
111 376
328 347
441 300
369 434
272 298
396 408
57 30
222 176
394 225
257 290
263 328
123 383
51 47
31 270
321 231
296 431
70 445
170 24
143 103
117 243
291 440
414 318
445 103
332 358
312 219
302 410
378 213
348 330
25 57
62 115
280 330
297 441
439 313
418 390
418 395
203 256
140 385
449 93
291 176
184 332
285 420
388 375
73 446
281 326
422 162
157 407
413 314
109 395
163 362
15 287
155 419
190 146
415 300
404 371
50 47
229 439
284 416
249 174
67 112
233 30
34 25
362 426
67 113
108 224
40 415
146 80
427 108
274 327
49 409
211 300
264 258
225 199
290 174
192 426
194 355
280 268
328 263
443 107
270 38
104 374
406 373
102 261
257 336
22 303
416 401
310 220
91 116
153 94
225 205
7 231
391 407
244 28
416 177
25 270
92 139
309 164
255 335
30 57
443 61
282 320
433 63
156 389
61 443
428 104
379 202
214 123
49 61
122 109
265 32
127 116
171 238
96 131
183 400
69 448
290 2
52 415
56 131
120 105
410 182
47 61
423 233
222 186
424 49
120 251
375 423
221 433
439 297
170 5
347 139
202 143
295 175
449 445
225 305
221 141
229 307
411 377
264 27
207 252
418 405
178 348
284 413
39 23
364 360
427 112
356 124
167 17
71 434
10 204
383 434
24 285
7 304
180 7
358 337
164 379
378 200
144 124
68 134
330 345
340 352
348 141
24 226
134 107
408 388
192 352
215 184
198 435
235 192
387 428
226 207
302 177
193 260
29 302
271 295
314 275
190 344
98 233
429 326
306 182
171 271
305 425
115 251
438 311
225 299
439 57
449 46
259 276
40 276
332 255
246 45
139 110
267 53
55 57
21 40
357 148
443 307
431 63
12 291
416 144
291 28
184 335
315 259
392 382
205 301
218 427
182 360
274 343
355 112
416 405
208 434
357 435
298 418
53 124
232 189
309 419
181 14
147 84
200 437
436 107
179 393
240 288
61 426
273 417
179 246
288 346
0 214
428 314
231 301
340 362
263 320
170 252
295 2
359 443
304 167
389 393
116 232
144 387
188 263
32 302
353 209
296 194
158 103
227 148
175 386
232 172
358 356
19 293
202 249
6 212
227 153
73 142
237 195
40 42
449 108
196 158
73 131
311 436
52 448
17 276
359 347
411 409
194 250
64 131
230 169
77 437
409 403
355 222
411 400
60 432
289 342
217 425
320 270
421 177
202 153
189 345
229 178
225 427
96 378
421 241
156 392
418 206
169 417
192 363
182 265
340 355
303 409
164 362
238 298
172 247
154 392
260 34
276 409
345 141
208 416
285 214
403 180
330 358
371 141
329 281
289 265
19 201
251 54
278 434
357 122
336 250
5 228
217 292
228 287
344 282
147 123
64 436
402 225
200 349
260 338
355 119
48 57
305 411
435 102
150 408
301 17
298 423
145 387
38 26
316 281
242 172
188 430
193 133
345 354
412 183
386 229
302 408
190 347
58 435
351 120
444 318
59 438
314 12
293 414
150 402
278 289
205 244
203 444
86 120
335 331
155 18
178 342
29 295
99 237
429 181
432 303
220 127
437 124
106 231
283 12
25 46
364 122
279 347
411 380
42 65
288 229
427 120
125 390
32 212
434 97
53 32
209 151
350 133
347 146
132 105
396 225
172 351
190 351
428 231
314 159
167 391
361 188
126 94
155 114
238 37
188 233
284 431
318 172
304 35
285 30
416 439
292 287
116 388
409 386
392 444
158 12
63 136
303 11
274 433
206 436
131 103
286 216
10 272
40 27
95 255
296 26
104 254
152 113
3 218
27 270
150 399
106 259
186 9
279 322
274 173
228 268
411 168
338 285
434 447
23 198
372 440
247 47
212 136
352 217
293 406
64 444
360 196
191 367
47 41
54 54
392 211
437 42
198 359
87 241
436 69
344 204
129 393
253 333
177 361
70 439
60 129
307 433
109 221
60 434
198 280
246 64
372 123
15 197
39 303
437 313
290 401
255 21
421 209
314 261
245 206
171 361
209 437
432 162
74 421
426 162
28 60
379 436
420 179
386 433
200 425
423 107
196 349
255 40
105 231
400 240
363 115
17 287
136 101
249 21
350 267
240 175
154 411
303 190
15 272
36 49
401 396
30 210
340 262
176 394
290 263
104 240
218 146
201 152
283 321
231 296
445 123
176 19
159 385
138 370
417 444
19 289
172 260
209 142
410 159
283 267
190 253
414 208
293 25
352 204
330 350
298 415
441 439
313 162
410 233
362 140
220 449
342 147
5 285
70 421
282 162
65 430
280 441
296 7
69 421
323 226
54 443
54 433
256 340
446 324
24 290
321 203
146 405
364 125
144 123
374 125
367 347
356 226
24 298
401 394
202 242
314 229
199 141
411 408
60 127
202 251
310 209
441 62
144 408
168 386
285 213
77 441
296 435
441 94
113 385
72 447
229 192
229 157
428 320
180 362
415 324
334 345
218 305
44 297
289 285
190 367
284 440
427 48
440 317
122 391
219 152
290 338
165 379
92 242
138 87
25 275
191 344
343 357
419 439
170 336
41 419
274 298
56 412
294 437
195 443
192 335
422 152
416 227
428 61
283 280
319 274
429 223
234 165
351 144
340 211
21 220
282 318
97 123
271 281
427 177
141 379
438 45
266 30
21 271
222 292
31 30
14 213
308 163
71 133
294 156
199 267
406 158
301 231
411 151
417 318
318 208
275 288
298 5
356 149
303 419
429 94
286 208
251 56
338 268
267 57
192 257
119 244
424 314
276 267
415 219
22 224
88 112
200 266
227 277
296 213
325 279
346 222
39 302
47 448
169 409
109 257
275 347
352 341
316 233
229 296
7 195
95 130
439 34
279 10
60 124
299 192
400 242
340 271
377 201
333 265
182 246
53 29
122 234
390 443
337 203
373 196
340 280
121 401
70 427
277 175
166 346
17 279
120 97
443 437
401 390
378 123
424 398
418 209
312 262
349 201
400 178
147 410
28 275
356 145
285 163
227 282
229 290
308 169
41 38
416 324
304 13
201 287
392 408
19 204
218 204
351 151
341 276
37 280
70 131
294 403
267 50
315 273
268 296
275 414
169 369
284 342
284 287
114 375
284 320
409 387
338 142
139 378
295 8
293 325
382 428
386 222
78 149
347 272
123 359
299 406
201 263
449 58
243 29
87 126
291 184
427 218
272 324
259 293
340 215
356 351
431 123
47 37
38 426
422 320
37 34
171 354
301 191
93 243
369 203
162 342
361 217
170 247
442 443
250 173
436 443
347 331
367 196
420 152
219 159
20 34
293 436
239 55
277 160
444 96
40 432
248 47
296 218
414 175
24 42
183 351
103 231
144 119
236 52
430 427
193 267
179 254
36 290
341 203
417 238
219 300
192 351
426 231
296 409
354 211
52 411
80 423
30 300
444 102
75 133
277 339
67 137
440 304
11 191
194 337
368 215
446 126
8 298
156 411
64 410
240 277
148 11
259 275
203 131
279 2
443 29
49 432
225 280
197 247
347 198
210 448
199 282
429 115
34 286
412 164
112 386
264 281
290 192
18 191
33 65
205 242
133 368
148 6
227 171
108 377
341 145
349 189
123 393
401 391
419 394
187 255
204 291
253 37
333 278
266 276
258 323
18 270
420 240
206 138
6 295
207 258
215 139
21 38
216 148
293 21
200 291
27 51
17 216
310 10
193 361
195 360
343 278
105 257
280 328
203 147
396 173
313 270
426 221
58 49
26 226
421 217
63 143
357 430
297 443
191 371
94 259
362 445
60 116
179 347
416 320
235 49
215 180
290 417
15 194
31 215
345 222
365 441
250 196
225 291
278 296
349 343
164 8
154 107
66 108
260 29
258 48
86 241
190 427
212 184
423 239
356 139
441 107
362 192
60 140
83 244
29 305
262 290
372 211
257 281
344 110
13 212
6 195
186 267
35 30
347 361
140 88
15 207
301 20
349 362
160 348
439 64
70 136
387 394
440 113
40 281
180 402
432 296
294 152
126 90
295 231
217 419
251 284
428 312
443 426
247 180
96 220
90 240
222 270
90 257
17 50
207 436
209 153
348 140
190 346
293 17
219 287
404 374
39 24
437 106
422 389
20 220
209 306
21 292
218 139
212 151
194 424
172 23
209 291
403 150
177 270
337 356
200 249
215 179
116 399
392 387
288 10
339 215
423 300
283 329
357 108
178 240
238 55
365 218
183 235
42 416
138 389
86 245
192 365
334 259
309 209
112 371
23 266
396 238
191 276
251 37
427 330
147 387
156 92
228 281
311 220
62 441
263 272
310 169
424 228
246 51
184 372
423 157
364 218
338 131
342 127
347 346
219 432
293 426
62 116
43 428
432 34
431 179
406 382
158 400
347 264
245 61
88 249
422 144
257 56
146 115
302 26
253 186
441 428
170 14
279 279
282 7
23 272
133 119
11 285
333 271
435 163
15 297
314 420
297 403
176 339
358 142
312 228
139 84
77 421
403 242
3 211
273 262
119 231
408 164
189 355
446 323
235 276
350 128
148 19
180 350
21 299
352 132
166 408
376 215
267 322
435 333
344 119
63 417
126 387
406 164
195 427
239 59
198 340
92 232
289 25
373 449
276 178
433 164
70 418
176 363
280 0
391 226
398 399
205 161
206 255
230 182
356 192
351 132
163 394
340 266
270 337
54 415
430 150
246 185
146 408
44 291
1 204
423 223
211 269
16 281
16 208
417 296
358 212
395 245
438 66
42 430
201 283
408 371
224 287
31 299
176 399
354 188
198 339
26 38
299 409
433 444
272 49
263 277
437 39
359 337
232 42
368 111
441 320
190 443
31 284
211 122
154 13
209 435
431 313
219 302
425 431
94 134
61 117
405 217
124 91
271 47
243 64
424 389
250 50
314 158
315 280
107 397
14 222
234 274
299 168
166 17
170 418
56 129
258 295
287 293
345 148
336 254
408 375
208 157
339 129
226 285
306 204
434 310
87 118
116 231
406 215
285 174
322 233
276 17
313 263
273 359
422 306
363 197
170 245
419 177
433 53
218 162
231 292
110 254
433 131
296 34
59 53
237 32
202 133
99 220
12 200
137 118
345 124
370 349
357 343
276 316
255 190
337 366
385 399
380 436
436 168
161 376
298 442
408 246
391 406
78 111
26 221
384 427
299 425
151 92
180 260
140 94
218 444
297 157
59 48
296 186
33 283
241 277
54 435
246 183
358 109
226 284
244 170
436 155
195 158
334 342
108 228
172 400
102 256
448 99
93 226
342 342
435 41
281 274
416 381
315 208
273 431
213 429
278 175
154 397
354 436
70 149
438 43
164 356
33 304
40 290
145 398
164 353
291 32
173 18
118 247
277 270
322 221
402 150
348 124
211 167
285 273
81 108
57 42
303 197
31 279
130 390
218 138
231 44
273 357
381 389
74 418
118 231
399 230
102 385
218 177
31 292
281 442
338 203
280 329
403 206
177 397
185 360
255 345
366 428
123 117
304 200
315 422
200 268
11 231
204 259
428 307
225 174
238 25
220 264
160 387
38 275
239 288
196 437
52 424
445 319
218 283
76 147
204 131
87 253
229 190
291 349
301 13
248 32
414 379
390 374
353 343
158 349
207 419
227 208
279 354
178 372
146 9
300 28
167 16
102 249
420 388
49 435
187 368
335 363
97 240
166 261
377 131
11 194
288 25
430 162
312 257
302 221
237 39
304 187
49 59
344 284
415 244
26 30
282 408
350 216
150 394
40 416
26 308
414 183
295 160
302 231
362 204
136 365
324 282
8 285
117 381
199 147
342 282
399 160
361 210
12 270
215 148
415 301
317 281
406 245
336 278
354 144
425 318
422 331
83 147
236 208
219 272
236 169
73 114
355 136
249 176
322 208
429 119
129 361
370 132
34 26
353 358
436 67
44 444
9 292
194 431
276 278
345 361
406 408
172 268
408 384
180 406
205 257
290 171
358 446
194 421
210 296
229 266
222 179
181 358
120 365
211 184
244 202
411 243
245 185
294 222
374 427
341 280
445 98
436 300
259 48
245 194
443 448
169 260
132 123
440 34
262 284
211 142
71 116
397 373
280 344
12 233
263 343
143 411
282 165
296 149
17 41
97 228
289 291
237 35
316 198
417 378
167 380
192 268
180 398
194 268
357 113
8 295
189 346
8 190
40 434
319 286
356 367
362 186
313 419
358 115
218 267
176 337
193 135
117 366
220 150
141 400
439 31
352 358
418 322
130 98
34 35
354 356
280 21
413 171
348 271
242 63
49 60
421 328
251 62
0 231
363 194
308 417
308 269
101 238
383 396
373 129
318 234
362 194
130 387
36 282
369 196
298 218
431 431
139 101
210 287
57 438
287 333
346 266
279 11
307 229
36 304
260 260
359 129
277 272
233 277
83 237
293 285
251 185
253 189
52 422
281 425
171 255
332 258
253 265
438 426
241 288
281 177
7 197
186 348
372 442
379 434
70 115
291 8
29 278
223 195
290 278
432 96
289 158
54 56
41 426
365 135
427 49
405 166
180 344
351 127
93 130
24 275
267 357
192 425
367 353
117 239
423 184
340 218
289 445
388 442
401 239
431 165
421 299
367 345
148 122
237 299
198 434
253 271
183 356
122 226
189 443
399 209
443 304
214 287
119 249
375 127
383 387
445 433
164 365
226 187
352 337
312 278
345 206
427 230
427 442
263 261
296 440
339 277
194 242
130 376
103 232
239 174
14 292
439 92
386 380
446 102
328 342
38 287
100 261
444 131
153 396
435 319
260 277
320 252
16 284
96 233
45 437
273 45
406 180
243 177
21 226
254 62
92 142
220 272
427 430
8 276
410 388
378 430
181 396
132 367
422 388
390 212
178 336
441 55
414 226
248 196
171 383
376 122
371 131
347 185
415 159
409 228
291 271
364 205
157 403
107 382
110 393
376 431
177 407
201 126
262 52
44 440
412 248
276 356
174 246
416 214
418 309
260 54
366 142
421 218
282 184
271 344
146 123
24 287
16 204
246 57
271 347
202 245
101 240
244 200
261 60
302 24
181 391
327 351
13 305
426 174
19 296
284 336
352 356
283 273
314 201
147 404
402 219
326 278
140 97
241 189
382 397
134 109
70 444
196 136
160 344
206 270
54 126
301 208
63 129
138 377
339 197
357 359
171 371
37 292
213 158
215 443
81 125
79 105
394 214
404 405
177 275
199 246
195 361
270 48
370 193
419 318
297 200
20 55
296 429
211 435
439 112
140 384
9 288
174 250
32 58
209 433
309 1
340 119
67 443
371 130
389 220
326 226
199 155
290 194
425 305
297 230
217 282
153 21
346 203
374 194
242 188
152 415
49 416
215 127
91 242
160 105
385 226
20 193
6 208
224 172
427 298
386 446
318 273
59 33
302 238
118 386
408 373
115 397
223 290
40 304
79 110
283 429
178 388
366 425
308 210
428 125
418 185
304 159
350 205
374 118
429 324
202 349
308 176
272 346
304 25
287 283
254 22
365 353
38 44
18 45
241 280
409 150
20 291
418 179
125 378
170 256
247 44
100 231
293 173
373 117
32 54
341 348
286 10
421 310
120 373
297 172
446 91
107 258
342 366
115 240
57 414
160 342
118 249
390 388
284 26
239 181
33 277
339 340
22 295
136 102
286 163
297 191
445 39
301 410
325 206
56 444
397 170
394 210
281 412
200 288
437 56
285 319
323 220
42 279
203 141
139 371
231 33
391 437
309 424
310 438
147 111
20 216
112 357
201 159
343 142
351 119
105 261
172 385
422 175
365 443
220 291
413 173
444 114
283 170
52 407
356 112
281 275
183 358
35 50
401 221
414 169
283 294
442 49
247 204
264 60
182 358
210 294
297 176
260 282
357 210
241 175
362 124
206 265
445 302
47 439
5 230
385 431
310 412
232 143
174 21
432 432
218 187
80 132
258 294
261 354
234 185
390 409
279 173
343 124
299 27
278 435
408 398
185 6
368 423
100 371
141 387
290 343
438 31
249 64
265 259
157 399
171 241
424 394
255 24
438 46
448 65
369 200
115 392
1 215
312 6
399 216
398 404
295 187
82 236
105 390
228 271
259 342
388 433
392 401
429 312
421 210
25 61
230 271
227 434
11 287
224 171
436 313
292 156
251 33
144 404
400 211
254 334
224 161
405 205
110 396
200 279
411 248
344 332
442 68
421 314
371 123
443 306
280 22
366 344
207 257
359 446
277 256
292 231
359 108
316 23
226 445
352 209
291 182
423 160
54 134
310 163
348 338
215 284
169 348
278 273
363 354
238 289
275 266
269 323
181 247
447 55
38 301
224 132
37 427
250 273
343 341
3 199
295 435
215 157
29 221
190 236
216 126
214 449
226 281
216 289
34 295
343 273
179 337
445 449
217 137
239 169
227 209
429 48
193 247
92 227
359 151
132 94
360 219
145 123
393 213
153 93
395 243
192 436
411 401
172 270
185 248
345 328
46 421
163 390
102 370
370 222
169 388
162 340
386 386
340 334
255 265
176 242
180 16
261 323
444 325
447 26
246 60
131 107
438 96
128 96
12 287
443 436
197 435
70 447
303 4
176 364
425 101
75 140
375 426
292 208
299 11
249 42
433 438
116 238
136 113
400 395
335 349
26 45
121 95
441 71
338 126
415 153
72 142
438 102
56 413
448 60
385 446
336 287
29 40
298 26
110 227
287 7
175 8
386 401
153 4
271 421
436 328
399 162
422 440
248 203
336 282
48 42
225 147
165 342
227 427
7 204
432 328
413 302
42 443
233 144
84 139
192 370
224 151
153 103
372 197
349 208
272 417
275 256
321 274
344 366
273 356
234 35
159 114
256 351
226 290
97 259
259 62
294 281
30 268
35 55
197 256
272 327
422 163
103 219
418 392
379 199
153 389
275 340
10 299
239 28
289 22
394 405
165 398
426 153
194 426
367 350
253 61
316 282
275 331
285 407
278 358
403 413
41 49
220 153
264 332
172 399
294 187
170 415
297 26
303 407
266 34
221 180
322 209
169 396
296 231
120 386
416 171
134 124
219 298
256 262
407 410
402 396
100 225
427 303
305 202
197 156
415 167
50 421
362 117
426 151
316 224
136 90
177 9
401 211
143 123
262 293
224 153
304 21
364 433
252 57
198 135
184 245
381 449
299 401
251 195
278 9
308 233
430 148
448 131
433 39
296 25
62 443
306 408
21 216
239 37
290 337
177 262
258 22
277 407
110 232
223 127
28 220
124 88
40 61
193 441
228 166
179 384
263 334
311 14
284 421
440 318
285 22
170 369
397 209
189 372
123 88
152 94
61 115
405 381
260 327
413 403
210 290
123 109
44 430
176 263
174 369
257 340
167 243
285 29
254 267
190 435
145 117
419 231
293 284
138 94
385 443
440 43
97 380
364 188
297 234
279 159
181 1
351 352
240 205
247 184
196 350
278 293
44 56
297 166
188 332
308 26
415 306
429 153
429 63
277 350
426 218
336 127
155 22
364 193
163 393
230 272
174 410
189 434
405 223
374 197
399 390
340 201
344 368
425 212
188 238
28 288
106 250
447 329
417 390
309 413
220 278
84 131
283 424
344 252
231 303
114 386
433 309
40 48
419 223
397 387
292 204
289 224
431 122
9 223
255 342
428 176
285 160
303 439
299 217
265 269
293 177
393 374
2 219
359 191
436 306
132 81
66 143
284 19
66 127
327 342
313 175
178 355
160 15
353 346
445 52
18 310
437 170
215 271
44 46
240 289
150 13
364 334
330 353
288 402
133 117
82 111
290 30
200 275
27 58
281 27
295 188
387 408
253 268
26 295
107 378
375 213
433 308
145 1
347 125
356 442
311 226
129 388
329 257
439 91
150 17
104 366
395 222
408 157
20 201
39 430
425 183
190 339
230 290
228 295
444 61
157 100
310 213
306 423
85 128
441 95
211 156
14 276
145 395
54 45
419 175
9 284
427 51
404 205
223 163
59 38
316 5
412 399
69 119
17 267
235 295
430 64
230 191
315 196
32 33
415 443
149 19
122 369
191 243
279 428
275 321
429 49
366 358
341 124
252 338
5 294
337 207
204 145
183 234
110 230
84 121
94 244
373 125
447 293
294 163
285 181
337 198
169 268
60 114
425 323
431 323
425 147
54 118
335 289
272 430
123 397
333 274
50 415
229 177
294 221
424 234
287 225
286 413
341 135
202 423
404 206
213 428
304 178
237 54
44 428
337 270
449 37
163 386
194 438
100 253
363 196
253 57
195 437
335 265
368 422
75 419
62 433
171 393
240 45
288 409
311 174
230 444
304 26
317 269
123 101
320 235
355 214
424 186
360 116
252 60
329 356
370 206
32 41
220 443
439 447
435 100
217 291
206 438
369 111
415 180
53 422
284 286
231 306
84 133
425 327
405 242
282 348
155 413
278 262
206 295
47 444
188 374
254 332
75 134
320 275
224 189
313 30
166 398
197 252
442 291
278 280
445 101
315 184
25 199
317 231
157 23
183 347
398 388
121 382
294 8
431 48
192 341
317 277
176 359
175 236
208 301
21 193
262 323
230 192
301 197
48 58
69 433
319 267
277 12
409 395
214 433
425 290
270 40
188 431
277 322
193 440
238 199
1 233
99 255
228 306
319 172
181 362
254 59
434 37
270 317
326 262
422 107
158 418
433 332
422 326
448 441
422 395
335 290
29 51
319 276
301 192
299 412
319 9
195 246
296 187
442 294
347 344
165 11
9 290
134 85
348 216
104 382
424 306
218 128
338 363
208 129
356 327
38 273
266 319
210 434
216 437
405 415
368 435
355 187
354 362
283 261
378 215
49 436
22 196
127 369
185 340
227 138
35 429
16 228
442 323
166 367
160 25
23 281
242 178
306 20
200 159
25 42
358 207
7 219
41 23
250 54
190 262
272 289
130 397
50 61
264 34
63 126
283 437
324 231
210 427
437 333
196 241
354 439
174 350
62 407
77 130
148 399
439 441
442 447
342 112
351 109
78 135
74 140
257 58
360 357
352 268
239 29
262 282
398 242
401 158
417 306
176 355
347 354
310 185
270 319
419 150
70 113
261 25
59 118
278 285
400 174
248 171
82 106
355 433
365 336
373 189
428 440
447 113
22 270
229 45
211 188
410 226
290 223
78 147
181 273
278 297
406 155
167 342
430 307
293 435
205 303
156 10
368 110
230 147
288 155
316 276
201 268
21 56
35 296
377 133
216 299
253 177
338 337
312 222
437 292
62 434
368 196
24 59
191 338
42 299
438 35
354 330
4 201
424 290
276 171
105 258
272 323
198 245
116 254
78 431
352 269
435 124
260 276
217 296
51 446
151 86
66 437
234 179
366 209
232 192
221 187
321 265
213 186
238 286
174 1
314 271
446 306
440 70
279 420
449 63
339 281
399 374
342 124
99 221
417 182
346 144
164 399
386 435
89 127
366 349
339 367
281 287
76 140
300 32
407 401
231 285
362 437
230 46
429 44
364 113
298 408
180 356
41 443
115 378
432 62
16 201
26 197
80 431
437 303
401 413
150 122
444 130
352 136
196 154
405 375
289 352
160 112
109 384
280 322
376 447
289 176
180 241
195 145
399 408
306 407
403 382
68 441
428 165
281 421
7 191
193 255
21 281
446 52
268 285
235 50
311 429
306 223
144 120
252 54
283 187
445 109
399 237
429 228
294 430
211 282
218 422
319 218
13 300
290 423
402 236
308 266
308 424
132 98
446 125
37 61
303 35
177 242
255 183
383 390
269 44
309 10
10 191
439 433
43 438
306 217
434 122
308 431
404 376
355 337
1 230
441 64
312 167
346 367
251 193
130 104
420 304
252 187
221 431
144 81
403 229
302 158
262 54
349 371
122 240
3 216
350 358
15 270
341 269
430 318
40 295
131 89
312 255
417 185
414 220
278 337
216 154
151 15
75 145
109 234
294 227
126 378
246 173
363 201
171 410
112 257
413 307
286 31
221 303
209 159
109 367
358 347
400 413
45 39
380 387
434 34
409 208
264 53
216 435
212 430
284 153
448 294
201 422
182 2
369 345
27 28
362 209
64 429
304 20
281 289
295 161
422 165
431 58
6 287
354 447
398 211
45 426
135 381
273 425
275 262
12 214
222 140
274 262
275 413
164 250
417 312
399 375
235 290
152 102
402 400
227 206
349 190
352 354
311 230
239 180
147 379
326 287
146 380
194 425
145 88
265 56
400 388
426 146
314 161
35 303
31 213
257 29
247 205
447 303
41 44
316 163
262 351
71 147
440 55
205 422
181 268
149 16
276 268
410 213
221 264
338 122
286 155
4 291
358 140
41 64
22 44
53 128
427 110
285 430
309 231
361 204
400 234
331 259
334 338
286 440
157 375
264 44
131 92
421 175
113 370
364 362
377 212
231 275
87 111
438 169
416 228
362 191
171 1
130 391
307 434
418 447
249 59
149 407
75 421
173 372
220 425
259 45
408 182
377 435
137 119
423 170
134 94
221 436
256 341
142 97
197 447
291 341
90 224
434 95
58 55
200 155
279 267
63 140
35 294
218 295
421 149
415 165
449 54
235 300
60 45
198 264
342 264
168 353
17 200
412 307
449 61
289 209
234 28
391 399
418 317
141 3
202 258
58 138
230 434
393 380
43 441
306 179
333 129
392 402
209 146
302 191
102 239
84 124
395 394
192 271
168 17
111 391
343 116
214 143
203 267
279 332
221 429
265 263
93 240
20 296
114 381
256 270
290 350
300 229
63 115
84 130
296 434
369 423
313 181
181 259
181 0
70 123
396 372
62 117
273 355
315 217
359 349
307 268
30 64
231 206
221 430
363 432
225 203
367 192
241 199
188 333
83 121
269 273
19 295
235 296
233 299
242 190
354 151
173 336
189 339
338 137
443 308
133 92
356 146
6 213
13 225
419 401
445 125
35 286
410 180
313 216
178 270
290 282
11 229
387 435
163 343
128 377
397 157
389 432
21 303
431 301
171 250
68 113
439 431
411 185
438 56
291 31
126 383
211 429
294 410
260 266
410 174
342 285
83 112
405 244
354 210
332 288
412 247
236 197
378 129
20 32
204 143
126 373
205 255
273 295
1 293
436 166
268 30
159 10
434 60
62 110
154 99
345 333
143 110
296 437
423 330
341 125
205 430
145 93
91 113
361 227
17 273
423 176
314 15
106 384
143 94
113 399
429 427
274 336
443 53
298 157
170 352
257 54
404 411
80 138
234 45
350 350
370 440
191 143
220 202
22 45
345 362
449 33
166 245
186 271
398 380
151 6
404 372
149 4
92 112
200 342
157 406
425 112
259 273
177 353
238 279
194 443
43 444
219 292
262 288
88 128
382 390
417 243
228 277
343 119
364 331
279 434
397 240
351 344
432 33
34 37
56 433
212 153
9 307
73 149
440 437
385 398
362 220
343 282
204 435
292 403
415 206
184 347
435 431
174 374
59 133
286 188
159 351
172 262
74 147
302 436
7 192
36 297
243 22
276 7
420 158
144 100
238 187
394 401
228 183
142 7
171 416
229 146
421 214
385 404
275 349
398 207
168 263
89 134
158 21
30 299
126 241
86 234
173 250
17 284
158 352
5 229
367 351
193 269
418 246
131 83
219 137
327 353
97 225
43 414
19 311
235 280
446 97
356 133
429 447
291 154
70 429
236 41
144 86
225 440
444 292
92 133
212 276
337 140
209 166
444 331
380 444
352 369
341 198
434 427
84 141
43 62
287 211
47 410
240 48
398 415
242 48
372 222
172 22
307 31
278 12
246 22
32 286
406 159
262 36
53 445
192 438
145 13
424 153
289 267
319 220
86 142
416 229
146 383
217 421
58 436
401 173
349 260
145 104
210 416
299 5
234 173
224 449
245 201
281 158
175 412
174 367
69 131
83 132
137 115
259 353
347 194
217 446
97 230
181 243
193 338
222 429
447 442
154 110
41 418
136 92
398 411
297 212
276 315
127 98
323 265
216 421
434 430
229 444
331 360
444 97
309 2
107 387
304 15
198 244
169 403
219 203
427 448
368 140
141 397
62 411
117 233
76 120
235 209
415 407
359 149
413 165
104 372
174 263
22 208
434 307
339 332
400 225
145 106
352 264
317 253
163 347
127 359
107 249
408 166
282 14
285 1
160 361
107 377
296 233
242 191
354 122
33 43
368 357
142 122
367 436
425 150
339 116
17 270
64 407
353 185
352 115
410 167
284 347
336 207
358 429
342 207
10 200
241 293
127 106
377 127
309 175
432 297
21 307
320 228
55 126
132 110
189 147
222 188
355 135
303 25
80 142
234 174
130 97
263 263
203 251
268 297
304 185
345 342
404 180
111 378
25 197
426 150
154 380
62 134
316 258
45 417
171 338
279 425
306 418
354 329
406 238
369 201
239 206
222 436
220 148
178 250
308 174
312 187
363 434
429 110
204 253
344 274
208 275
364 449
286 337
362 366
256 288
443 102
2 211
289 10
218 184
266 37
304 414
449 47
293 442
437 445
232 196
7 202
159 111
130 92
313 16
444 125
210 286
129 368
362 330
253 58
142 95
42 290
232 204
3 201
422 224
318 252
130 382
368 146
443 295
275 263
20 219
354 214
62 125
266 58
404 233
59 446
441 47
390 444
287 443
406 156
421 404
164 418
24 30
147 7
421 303
168 409
428 166
250 46
264 334
3 208
181 232
448 442
40 45
238 178
162 104
194 155
186 346
23 299
287 213
208 268
294 216
226 130
198 154
314 169
318 21
150 21
349 141
212 416
244 189
287 167
435 55
441 34
180 370
235 190
201 141
136 386
404 151
394 170
78 140
247 172
412 413
428 433
124 384
223 179
374 198
198 251
426 314
338 251
214 189
366 141
72 147
94 119
51 432
321 273
241 40
114 392
401 208
431 156
231 268
50 449
77 126
230 185
10 288
277 296
432 129
51 434
192 354
282 436
449 96
17 301
225 298
70 436
20 217
226 301
336 289
294 171
60 407
248 195
152 92
196 257
435 436
98 240
19 274
243 60
177 351
219 440
325 281
324 277
286 346
281 6
388 382
95 230
368 129
330 265
219 130
150 389
52 30
22 230
409 382
45 59
130 85
121 232
120 113
438 170
406 389
236 56
146 1
237 194
101 366
432 95
56 438
293 437
230 292
168 344
1 201
294 407
313 423
42 280
169 382
346 137
327 268
270 34
151 1
180 373
113 366
193 366
424 178
19 288
356 338
420 405
188 359
407 402
191 442
439 132
159 354
376 448
446 431
269 341
117 387
351 193
233 302
169 412
443 68
59 428
167 336
406 219
317 171
438 289
328 275
216 135
429 300
360 224
83 238
418 316
175 374
107 229
332 263
61 130
393 212
417 180
324 251
432 435
97 256
206 166
439 108
312 235
366 117
398 394
189 242
312 5
283 155
445 114
153 5
17 282
38 65
53 58
134 384
312 14
51 443
4 221
341 128
272 291
278 331
336 288
226 169
293 404
311 16
147 10
417 396
399 379
424 326
74 148
198 160
264 287
437 435
363 430
422 432
103 234
417 233
265 353
258 267
277 258
216 146
143 102
228 189
426 55
441 101
40 25
192 262
233 197
412 162
432 120
386 430
195 269
58 437
234 55
337 200
263 325
17 40
376 131
156 378
22 228
418 208
117 357
20 53
291 183
145 86
290 271
317 222
199 288
357 337
372 199
416 165
353 336
367 199
143 10
354 354
443 328
158 414
350 130
124 386
127 384
312 417
350 347
284 171
23 53
324 210
125 119
408 212
390 447
327 348
157 378
4 285
449 112
270 44
366 363
43 48
313 261
30 63
29 218
239 195
263 55
303 224
340 134
295 434
325 220
392 433
165 258
194 143
282 440
391 392
41 422
396 157
234 193
278 432
386 425
36 64
201 293
298 443
208 269
336 124
252 40
270 315
263 333
354 134
399 393
350 110
402 152
132 113
22 49
102 225
428 438
135 376
383 398
192 273
267 51
322 273
236 281
268 275
313 424
30 41
146 410
270 53
311 10
341 350
261 326
292 418
448 52
22 207
359 435
338 140
67 422
64 122
31 36
229 187
311 425
120 252
174 237
208 260
365 141
292 324
310 200
352 352
46 430
204 439
132 394
135 385
303 19
427 179
265 271
234 195
171 386
361 355
63 111
353 118
179 353
285 167
237 169
399 392
323 260
404 383
221 419
177 347
18 204
231 48
225 191
195 357
343 123
52 443
428 60
301 207
222 148
173 415
338 354
129 99
209 440
234 51
422 321
9 210
287 193
405 241
199 278
23 216
266 332
24 37
3 194
124 239
176 1
66 135
303 428
38 274
31 294
281 286
305 435
306 426
358 145
305 6
299 230
118 400
358 432
46 55
140 80
292 279
104 260
170 407
415 163
415 239
36 25
304 214
317 276
168 349
132 114
75 443
235 298
429 436
343 359
291 213
431 51
398 402
408 179
165 262
234 276
429 224
5 291
412 409
359 358
161 381
52 438
350 209
404 241
263 259
278 315
250 279
414 403
441 131
392 447
430 317
414 211
69 122
424 294
430 447
382 423
173 22
94 228
263 331
70 424
405 409
286 172
242 169
231 279
428 432
233 141
268 46
43 23
197 153
401 233
74 134
396 167
129 375
344 338
67 439
434 290
261 50
207 299
149 119
347 109
433 40
191 434
279 292
335 273
302 210
400 206
351 340
392 397
375 199
232 200
162 2
290 428
196 242
171 16
313 160
363 120
212 299
303 427
106 228
138 91
228 195
157 20
179 236
312 423
171 243
409 155
215 177
375 123
314 180
213 181
348 192
45 413
344 256
153 1
378 216
75 110
154 410
172 397
231 433
193 238
272 255
416 297
390 229
139 124
116 369
270 345
343 200
243 47
381 426
236 282
151 5
218 286
130 389
433 293
44 65
392 396
307 186
294 214
360 198
437 301
406 204
372 432
329 248
109 241
123 93
296 209
240 168
221 143
117 244
395 217
416 179
68 143
368 189
385 232
292 234
231 32
307 414
104 373
309 199
352 148
425 330
415 446
5 281
165 254
228 273
260 355
178 394
292 329
264 336
257 267
64 409
287 285
420 391
266 266
48 37
12 232
141 105
182 235
191 440
20 272
436 429
234 279
298 420
67 446
147 383
327 213
19 309
8 274
444 133
6 219
151 14
132 122
415 220
113 247
442 430
182 270
77 140
111 226
388 383
179 19
228 148
248 57
375 442
271 275
414 389
230 49
409 226
415 240
139 117
148 123
279 270
430 319
206 160
360 208
284 12
33 62
342 361
224 147
416 151
428 120
341 220
171 359
217 145
279 331
40 431
297 34
54 122
317 4
21 310
91 137
164 1
348 188
167 358
225 306
223 139
127 96
422 188
104 248
73 128
299 175
170 349
446 68
177 365
201 274
215 281
2 208
88 234
263 48
424 116
194 361
147 120
94 237
401 408
43 418
207 279
47 446
123 92
446 107
180 405
176 8
157 96
268 322
156 5
2 199
181 359
435 46
180 372
435 441
151 377
241 172
360 202
222 308
167 10
26 311
140 86
202 146
22 294
93 248
290 214
315 198
290 177
180 242
338 253
42 61
437 32
417 299
66 134
437 444
192 264
334 340
275 290
205 447
262 269
352 272
294 276
279 409
82 128
405 232
30 211
372 202
301 408
62 420
368 225
124 371
163 375
183 1
338 346
294 169
298 9
14 217
200 294
281 441
185 3
194 259
434 48
61 145
447 110
357 110
295 201
144 13
296 201
282 26
44 296
267 281
235 287
201 260
104 394
252 34
145 107
367 226
122 392
257 25
45 445
257 322
350 338
442 329
348 121
25 206
419 383
284 17
65 117
1 222
206 247
287 445
224 203
394 169
374 422
281 431
289 210
29 280
169 8
321 251
29 46
66 443
262 327
310 177
192 424
25 281
196 432
51 423
290 431
363 207
169 337
29 52
336 353
435 47
408 221
314 160
417 410
389 396
420 328
299 182
347 356
228 296
79 438
287 4
351 197
93 234
289 154
370 119
49 415
97 250
151 404
270 294
25 285
121 372
260 42
272 290
449 320
326 211
97 260
374 440
300 202
264 256
219 181
139 97
432 319
236 207
307 26
226 176
320 210
228 288
359 136
151 382
320 215
348 213
63 431
159 107
442 322
428 232
4 230
263 36
122 231
4 220
6 194
166 258
320 212
283 322
201 294
249 200
263 348
284 188
287 436
237 29
147 380
192 233
234 295
324 274
239 48
26 54
30 25
336 286
417 448
173 409
203 274
20 279
284 158
394 218
2 289
48 40
46 35
61 140
441 49
298 164
310 171
233 287
22 58
162 404
30 278
317 260
225 289
282 159
2 217
275 267
432 442
357 363
360 347
291 7
219 129
230 439
409 177
115 220
335 272
271 331
14 210
445 308
57 44
202 438
173 7
123 107
365 196
164 350
247 188
16 194
315 160
180 374
308 262
46 416
117 222
262 259
257 279
298 189
145 89
27 268
57 444
172 417
394 220
68 148
266 265
285 32
100 258
145 94
10 291
301 170
322 217
303 15
305 12
340 336
113 384
284 288
242 186
440 35
219 421
369 352
438 60
443 67
378 442
401 382
159 376
281 328
29 307
239 194
345 130
410 245
399 412
432 43
5 289
411 211
315 220
366 188
347 253
155 119
439 118
304 153
207 273
259 36
436 323
262 334
50 438
283 263
435 321
275 317
93 140
415 312
103 260
446 104
246 24
303 239
110 389
170 390
199 435
283 4
299 32
411 206
442 66
88 133
230 267
264 331
355 346
337 263
238 28
422 222
280 338
25 227
128 110
271 316
237 209
424 239
59 141
34 50
423 222
183 248
324 250
440 99
279 269
23 312
73 108
13 197
73 134
368 220
434 330
192 361
162 362
167 348
154 12
16 215
263 351
360 436
366 114
207 446
344 362
140 93
136 390
46 43
44 34
408 184
419 404
261 332
249 31
294 334
171 269
419 408
186 351
307 426
202 165
7 295
173 269
334 359
3 292
259 63
252 334
189 332
362 120
99 373
75 141
364 430
311 4
347 355
421 405
286 19
199 162
100 247
336 131
180 340
200 259
395 211
279 338
431 448
422 439
323 219
68 145
363 129
22 200
404 389
222 294
290 210
46 29
370 348
402 381
96 227
419 385
335 348
340 340
233 282
233 43
362 118
342 132
205 124
224 285
309 198
122 363
128 366
146 110
7 287
120 100
416 440
324 218
78 127
128 363
24 205
404 392
345 133
142 105
410 168
213 152
93 138
22 211
0 222
72 414
131 389
42 427
413 211
9 277
416 174
273 44
309 432
148 84
432 51
397 409
306 175
200 152
292 347
41 41
34 275
167 417
110 367
345 127
186 7
186 264
417 152
291 270
208 256
14 221
437 436
431 439
169 12
303 188
287 444
382 400
394 391
441 69
54 120
395 170
203 288
79 143
71 415
147 393
338 329
307 159
164 386
446 308
296 158
340 281
307 8
201 426
445 108
379 209
445 129
393 403
95 137
67 411
145 407
449 92
76 138
234 49
119 399
189 148
357 193
345 110
225 294
77 439
443 33
23 267
225 194
287 430
327 345
313 220
219 193
239 38
139 112
236 35
293 164
219 265
338 255
208 438
245 25
413 305
129 118
319 258
190 261
351 222
178 271
291 443
166 394
443 114
361 429
218 186
283 277
337 208
361 211
210 419
265 355
368 119
168 398
191 431
219 445
23 300
341 248
42 278
256 64
370 427
410 373
341 263
102 373
176 274
428 153
205 284
35 284
6 301
345 329
230 183
448 328
373 124
325 223
200 141
340 264
173 390
184 1
303 434
183 257
348 115
82 123
407 177
31 32
122 373
334 358
132 375
34 52
89 141
43 40
203 290
166 414
148 87
230 152
402 386
147 122
437 302
236 286
429 229
427 327
178 375
352 140
83 119
318 219
443 299
436 54
25 288
428 59
381 440
288 7
340 327
215 435
385 433
318 225
68 130
151 21
39 299
118 228
283 337
160 412
150 417
413 229
169 242
433 297
124 374
446 59
149 89
288 22
312 157
315 264
265 289
205 273
15 281
56 40
161 346
237 295
63 415
418 219
315 277
260 267
338 277
197 436
197 360
278 176
49 30
227 146
47 57
220 292
182 405
248 204
219 196
295 189
312 181
175 354
119 109
68 448
291 220
410 179
28 204
291 181
197 424
178 335
259 323
265 262
259 22
194 144
147 394
183 233
6 196
176 247
444 48
259 59
110 370
171 358
268 284
409 233
285 421
287 178
34 31
35 42
126 95
16 287
18 287
254 187
235 199
399 228
212 196
268 281
203 429
268 316
116 240
3 195
281 10
381 448
406 386
356 121
389 437
154 6
174 363
45 441
259 282
100 248
415 235
171 13
287 166
340 353
258 269
200 143
441 311
160 403
435 171
4 223
234 300
279 27
316 25
375 190
303 10
279 17
400 170
425 46
293 219
285 356
58 32
350 114
336 211
168 379
82 132
355 124
69 441
413 399
241 192
335 127
76 144
292 338
412 410
23 30
6 206
14 199
342 329
123 362
343 136
85 230
433 66
249 183
380 202
232 139
121 90
298 217
403 375
381 402
305 18
139 401
256 325
357 127
278 276
388 434
343 338
312 196
331 351
340 219
361 185
384 384
417 174
290 22
370 120
266 334
432 103
255 44
333 268
260 40
190 336
140 119
354 216
345 257
260 321
344 341
419 183
69 107
58 54
340 198
231 37
57 38
417 300
179 274
265 345
4 204
309 268
230 275
434 291
104 391
359 333
438 110
364 355
368 135
445 128
435 328
251 30
393 375
304 29
312 216
118 356
290 183
80 130
194 132
55 31
320 268
436 301
18 294
310 205
206 251
178 5
273 321
447 95
442 40
189 446
320 200
145 102
229 282
443 115
188 343
48 433
241 186
177 244
295 328
140 87
298 236
117 383
418 325
121 394
218 200
33 273
367 346
32 29
320 203
304 201
356 369
295 29
355 327
174 407
271 257
284 337
296 419
59 420
87 130
99 231
182 362
359 429
414 317
150 391
266 28
6 222
260 290
214 289
292 7
349 184
353 369
439 332
426 186
405 228
240 278
353 107
122 245
405 410
280 288
372 221
197 240
168 418
33 33
249 178
250 44
171 332
426 321
271 342
389 441
213 301
140 117
212 301
421 435
187 257
280 179
99 379
156 404
158 416
281 13
427 326
301 202
368 341
66 147
387 219
70 128
102 247
98 376
83 230
307 236
348 355
134 367
221 434
307 415
414 224
179 345
197 239
349 212
278 286
417 223
197 358
302 162
123 388
223 279
172 386
220 440
267 320
39 56
341 360
129 389
211 150
312 174
149 414
369 351
84 138
295 32
90 230
202 445
305 164
418 436
26 199
117 364
182 352
424 166
348 256
357 350
139 116
363 431
175 239
98 235
417 161
206 244
396 220
313 158
137 373
418 242
437 159
126 118
43 34
388 391
158 24
130 118
236 195
224 288
346 259
23 217
262 347
218 152
9 193
351 112
423 433
21 283
66 144
437 125
45 414
296 150
413 247
268 342
313 219
437 126
356 184
320 263
395 411
394 408
435 114
37 53
118 237
410 148
148 386
285 337
292 201
318 228
202 436
211 157
328 253
412 146
232 48
255 286
190 247
15 222
402 395
107 221
175 10
287 332
22 305
203 286
242 289
367 336
142 94
280 436
428 227
442 109
78 110
174 332
415 308
15 203
414 206
398 241
281 1
210 420
358 352
445 107
107 370
175 356
111 383
382 434
238 203
179 331
217 289
426 435
312 231
357 212
296 430
104 224
162 14
415 149
356 365
423 317
339 276
289 227
363 435
440 108
223 187
232 201
426 56
373 424
309 236
175 263
448 107
302 157
240 283
349 258
214 183
304 431
195 442
346 119
297 18
400 219
263 346
210 428
223 133
350 219
344 260
252 26
58 410
405 159
415 214
289 286
310 19
42 32
406 410
259 341
395 225
365 357
339 259
266 344
299 226
201 449
343 329
247 169
181 263
43 24
85 115
135 380
222 298
276 317
320 274
152 411
40 64
38 282
215 196
245 171
401 183
221 279
161 344
438 48
416 443
245 198
288 225
205 165
174 341
326 256
46 439
399 212
161 393
59 142
0 213
434 106
40 47
280 289
114 251
12 218
163 3
421 172
241 285
308 197
28 200
431 116
41 421
290 29
389 380
196 156
343 337
48 422
205 446
326 253
442 117
366 131
423 291
51 60
233 271
127 381
433 98
39 297
285 215
166 257
341 255
181 269
2 214
202 151
28 307
67 433
346 135
425 439
165 356
62 145
212 166
331 357
330 264
186 338
442 315
79 114
191 256
9 218
208 150
118 241
368 205
369 353
281 330
422 295
339 130
435 62
45 42
222 266
148 400
246 179
144 114
154 104
67 428
445 89
432 93
271 294
270 290
347 278
226 172
145 391
394 395
213 290
287 438
447 299
214 432
67 125
287 323
334 335
449 38
18 39
254 282
439 434
23 44
308 439
401 149
174 384
149 393
224 140
55 37
335 130
335 138
291 166
232 206
43 287
54 131
350 211
328 348
54 130
149 103
45 431
449 57
421 184
79 424
228 278
240 58
396 376
368 144
372 201
89 123
439 320
371 124
173 402
208 161
318 253
69 436
167 20
272 270
197 251
60 139
170 255
208 428
34 288
231 434
67 138
351 342
260 325
371 115
436 432
409 240
369 356
116 383
215 287
118 98
225 270
435 94
311 259
350 142
443 317
348 112
68 424
418 217
287 349
426 156
296 210
218 280
298 176
393 413
31 29
49 31
325 205
342 344
115 371
236 33
215 265
163 406
403 395
418 326
83 123
378 431
124 243
42 433
373 441
3 291
163 395
353 338
94 233
297 406
323 222
154 9
20 208
185 344
30 302
310 222
216 187
190 266
26 28
420 384
24 196
227 266
279 271
287 33
115 238
223 432
288 206
415 232
328 344
294 415
135 85
313 24
186 355
305 212
95 131
77 146
199 434
174 390
110 236
368 112
286 1
118 251
295 442
39 26
267 286
422 150
317 212
437 53
360 426
342 205
180 335
238 35
39 29
42 23
55 118
365 137
322 252
311 21
121 96
195 233
215 137
180 273
282 155
392 449
74 113
268 346
386 221
4 288
220 273
403 237
63 413
229 172
335 246
244 41
94 234
47 30
314 209
151 102
205 424
283 425
309 189
291 35
398 210
431 57
288 16
333 288
280 281
6 228
78 112
430 181
128 361
197 340
34 300
305 196
177 381
296 232
270 35
8 232
359 120
333 266
184 338
352 108
234 42
347 262
366 205
86 247
57 136
17 224
173 262
149 18
353 438
104 257
211 181
178 244
402 238
153 16
170 260
371 423
316 270
335 342
3 200
438 98
20 276
216 164
136 88
311 172
205 159
381 401
355 212
414 216
361 360
102 255
73 442
299 179
309 167
184 256
30 291
416 403
219 290
222 280
67 417
339 212
414 214
295 416
218 449
402 149
117 228
54 417
421 301
280 429
190 241
372 219
5 277
290 322
291 190
255 45
63 119
223 438
259 55
420 230
216 300
352 212
64 417
349 130
335 135
313 209
213 191
176 253
291 2
81 130
228 305
136 380
258 342
74 444
281 29
32 52
237 56
447 436
283 265
276 354
58 39
118 369
199 420
177 11
309 426
311 209
345 253
59 407
413 187
333 277
306 2
300 407
201 142
304 16
40 279
441 45
358 204
180 365
22 29
111 256
73 428
159 17
432 112
258 57
410 157
207 292
48 54
375 140
133 376
231 203
286 5
87 122
159 22
174 259
192 423
431 444
347 119
209 139
59 117
442 56
234 184
413 224
379 207
174 399
152 395
16 282
419 393
201 443
314 276
303 185
32 24
357 331
363 428
439 133
393 385
258 329
365 202
148 0
215 424
156 383
317 6
423 319
283 25
142 108
415 444
170 395
370 127
429 156
429 443
433 49
72 135
184 361
356 435
106 218
229 166
325 218
226 303
327 276
397 226
402 166
398 393
298 1
183 342
407 407
164 375
108 259
415 314
285 351
174 251
172 11
341 358
356 191
351 125
5 197
255 57
24 219
302 217
351 270
360 134
154 406
53 127
231 266
393 166
92 229
81 111
209 254
280 265
433 46
363 223
278 277
147 115
387 224
342 357
236 289
151 99
339 131
213 137
51 417
4 222
191 247
104 235
167 415
95 120
312 210
249 54
18 213
157 383
432 55
351 139
35 27
161 25
298 10
22 43
400 387
27 45
7 284
438 64
419 312
313 418
295 427
240 62
188 242
120 224
262 24
312 17
271 49
282 185
72 139
329 344
285 266
233 288
302 184
307 34
113 242
202 420
166 404
198 346
188 255
303 429
178 235
286 32
248 185
30 28
356 111
215 165
313 277
434 163
92 240
351 208
205 431
34 41
216 149
378 432
412 158
293 349
357 223
26 274
277 412
117 102
372 119
312 258
21 280
143 84
433 316
438 427
80 141
171 384
440 110
160 383
234 50
22 218
329 357
285 346
128 393
19 281
308 196
316 265
432 431
428 447
296 162
408 183
339 269
209 163
234 270
55 134
169 404
319 11
388 218
3 214
259 38
358 443
137 371
31 38
37 302
309 430
76 427
349 202
356 185
91 241
205 302
181 369
313 13
368 116
385 228
16 305
400 169
294 226
48 25
326 279
432 164
447 306
351 138
440 123
435 40
310 8
404 412
60 52
348 215
266 348
304 154
197 262
208 436
120 110
169 265
196 262
419 242
416 446
147 18
120 359
342 114
327 215
341 123
81 112
412 153
166 366
428 43
220 199
40 443
182 363
286 282
298 208
415 303
265 280
151 411
415 156
301 409
288 205
338 247
299 223
369 202
182 269
366 225
264 264
265 356
260 263
198 345
355 204
189 263
180 357
248 29
311 434
271 277
332 362
206 285
171 237
340 249
305 428
379 129
18 208
128 372
255 22
291 23
59 128
202 296
259 335
289 185
433 300
262 58
413 316
390 384
422 433
126 361
374 220
444 313
268 350
270 342
293 433
289 423
78 129
231 143
401 392
288 0
215 436
99 226
422 305
325 264
57 49
432 299
388 235
436 66
170 257
122 228
318 20
20 45
423 314
284 167
329 267
285 291
171 258
307 424
362 358
324 230
220 279
356 214
298 431
188 353
181 12
19 218
173 266
415 233
355 338
53 46
170 354
384 394
372 435
384 449
104 218
46 418
183 243
184 236
440 331
260 337
105 235
418 215
442 59
313 20
288 443
128 387
338 133
229 299
318 214
130 106
26 46
45 294
337 132
401 230
323 281
352 130
29 50
394 236
284 4
287 439
18 288
444 35
270 283
432 102
302 236
280 11
172 372
315 421
289 223
205 132
386 434
228 200
178 16
156 412
270 354
424 311
313 412
182 400
162 405
411 167
438 100
111 247
226 137
6 192
307 180
52 413
204 444
289 350
262 296
407 164
201 442
134 95
266 46
191 138
167 409
294 274
342 221
76 426
57 45
316 168
93 118
26 298
413 375
202 280
171 414
372 441
349 345
24 303
291 20
151 409
72 439
28 25
92 247
174 264
234 272
443 126
319 235
384 387
353 191
283 426
230 208
144 6
131 121
396 387
372 207
350 354
289 320
223 276
445 130
424 331
446 128
155 0
6 284
200 241
346 129
159 97
262 330
175 13
433 310
26 31
444 294
60 446
404 415
137 117
191 264
3 300
197 368
59 412
111 369
123 237
31 276
24 212
43 42
291 416
347 130
236 58
370 111
431 294
78 437
214 149
415 298
393 408
29 267
30 42
364 448
55 136
337 247
219 157
281 414
45 415
354 209
287 415
264 322
66 445
103 241
277 351
315 274
439 117
368 195
227 431
43 289
426 440
217 266
341 254
284 23
302 211
394 244
280 160
63 447
175 415
341 196
234 43
119 108
241 32
212 439
365 201
275 181
1 193
292 221
288 20
302 163
260 271
280 269
147 399
238 32
419 448
296 35
140 393
380 211
72 445
254 49
73 124
298 196
447 47
356 220
304 0
390 406
266 275
96 373
179 350
347 138
26 214
89 237
29 43
208 154
421 174
182 356
10 206
306 3
362 139
439 55
378 126
226 283
310 236
345 357
359 355
14 269
340 332
119 256
355 437
260 328
211 129
135 373
265 340
174 18
376 127
310 427
77 419
70 127
354 217
231 185
190 345
239 39
98 383
444 434
320 277
337 248
310 178
349 137
196 134
291 216
288 192
446 329
340 116
418 226
414 374
306 172
18 196
344 208
365 112
321 252
334 251
326 275
124 107
411 316
109 236
299 13
122 378
198 252
52 421
320 206
165 21
400 374
43 415
260 288
190 349
442 46
341 211
327 219
265 319
176 332
311 258
435 314
332 354
65 431
415 377
404 247
21 199
212 441
16 233
308 436
113 365
114 379
120 248
182 272
422 329
269 294
293 273
339 328
401 386
202 131
358 112
207 424
172 390
322 270
218 132
423 315
104 262
218 431
59 116
125 92
281 188
60 123
417 220
364 129
321 205
376 132
293 31
389 377
339 126
438 165
258 29
149 102
132 99
417 157
314 252
210 266
340 120
181 356
344 196
256 282
141 86
347 340
380 432
415 380
284 262
227 429
153 390
94 241
422 300
448 55
134 115
338 272
156 21
53 30
409 219
204 420
129 392
411 219
45 57
383 427
233 293
276 323
17 196
29 310
428 161
83 140
258 268
190 256
59 437
343 270
303 433
67 110
361 427
437 33
166 12
258 42
289 192
46 52
30 287
165 341
346 196
44 427
153 416
218 136
184 237
308 157
37 26
268 321
302 8
303 209
387 229
129 385
189 269
415 173
76 129
305 161
386 396
340 117
49 439
74 136
430 120
56 116
209 134
444 41
334 257
354 350
409 182
20 42
212 295
347 267
449 122
278 181
425 297
367 349
403 155
202 285
93 251
185 332
306 171
69 430
429 166
165 410
350 123
199 142
17 217
146 414
273 337
415 215
213 149
40 55
133 109
373 206
293 229
67 139
196 355
385 392
323 279
448 61
368 446
311 213
419 154
339 136
318 206
21 304
434 62
161 419
257 62
413 395
189 438
410 382
222 282
36 40
71 445
36 55
408 231
169 336
194 371
418 449
73 145
230 440
183 395
343 269
97 223
339 123
412 185
437 122
449 326
266 39
396 401
422 311
434 292
283 175
88 136
356 354
255 274
435 449
54 49
180 256
12 295
138 103
391 232
231 154
209 422
290 231
364 338
159 3
408 237
170 410
277 177
312 238
296 161
360 352
269 332
443 132
274 425
443 318
274 178
442 433
315 254
282 417
141 393
325 213
202 268
266 56
316 18
446 67
126 85
126 115
110 386
237 57
354 138
163 355
40 286
0 199
308 181
35 49
444 99
400 382
355 192
301 206
341 144
200 441
247 187
282 415
324 254
263 56
9 201
344 205
89 242
352 439
91 228
35 274
27 293
96 125
234 287
415 247
294 33
46 62
377 448
268 277
346 343
247 199
198 288
318 11
347 213
296 237
167 255
244 63
418 175
29 28
359 219
144 93
11 292
325 261
113 373
360 337
284 22
223 131
328 264
125 116
361 126
167 385
301 425
178 261
106 219
68 120
292 19
351 108
183 245
150 9
212 182
234 294
156 2
80 145
227 428
261 328
347 191
210 417
404 165
211 159
342 276
226 173
434 433
201 160
350 341
128 86
91 240
271 284
199 363
277 281
367 133
4 207
153 15
199 291
117 360
45 65
23 59
42 43
255 191
391 379
434 298
354 370
183 11
408 243
328 355
305 233
34 277
438 131
310 32
169 262
72 146
273 343
424 222
326 264
351 350
145 91
206 257
199 145
103 224
430 170
324 278
431 290
1 283
361 358
338 266
96 222
104 236
425 145
41 296
335 269
276 337
207 281
199 426
430 179
93 227
383 439
235 165
230 167
203 142
177 235
191 346
280 438
243 204
296 192
288 212
57 428
364 114
176 396
443 30
341 212
107 236
199 248
287 25
195 250
439 123
209 276
325 260
53 41
253 274
134 365
226 138
426 114
369 224
437 316
213 270
366 215
349 329
195 263
356 345
315 234
426 433
400 232
114 254
164 26
313 429
424 103
169 407
178 339
14 293
74 126
447 94
227 442
249 30
184 346
355 340
26 285
258 32
286 319
232 208
448 315
188 235
165 352
187 273
388 440
347 147
202 437
176 342
418 228
261 47
419 382
360 188
291 16
306 436
212 133
194 237
125 103
56 132
182 274
363 436
269 329
140 402
253 198
321 279
88 233
395 439
342 278
237 208
119 386
440 128
446 441
346 110
391 215
258 291
327 208
184 367
378 438
305 155
388 410
278 271
424 437
295 31
363 440
409 405
233 145
279 352
187 241
207 432
413 404
349 213
217 418
356 117
166 340
424 215
415 311
447 320
263 40
298 170
25 201
244 52
216 134
133 112
212 432
53 125
258 52
214 182
11 276
364 219
258 275
170 25
283 286
423 397
353 347
99 254
310 11
264 42
54 427
209 158
292 35
283 420
402 242
233 210
105 224
306 209
25 210
302 11
318 270
35 22
275 434
418 245
23 199
322 215
251 184
197 136
411 396
110 376
301 417
321 223
425 159
157 2
267 278
174 240
352 107
76 440
221 127
282 270
61 410
310 195
194 248
311 235
97 221
442 317
126 360
277 432
157 411
296 6
64 132
230 441
296 28
15 292
53 419
303 441
440 62
245 34
118 230
322 200
432 161
246 192
246 199
381 390
73 421
427 325
265 339
224 156
446 439
346 270
80 110
348 208
349 328
286 225
247 42
304 199
363 225
193 243
313 171
357 341
378 199
207 433
214 439
236 184
420 212
135 92
184 366
328 288
244 177
216 125
332 342
347 214
426 329
237 180
165 348
218 188
307 419
437 96
237 177
57 423
262 49
219 299
110 360
200 443
363 198
207 296
339 193
2 212
429 42
442 118
196 449
93 126
356 116
434 158
352 207
211 427
274 353
391 436
442 107
291 409
434 123
303 189
122 385
334 361
99 385
70 440
401 164
166 10
211 158
311 19
245 49
168 250
250 28
228 284
403 218
187 276
447 435
12 206
344 212
228 209
140 382
436 309
205 425
291 277
269 56
267 289
280 354
23 212
242 207
44 22
28 274
92 226
194 446
293 168
140 100
220 280
267 348
350 329
183 363
366 445
202 353
369 431
218 296
354 195
413 158
78 420
238 48
224 126
289 424
13 290
60 125
237 197
395 161
241 207
207 125
48 50
346 109
264 289
0 204
412 204
353 344
392 225
196 146
262 278
283 347
284 172
153 95
276 294
412 407
388 377
312 412
390 385
25 41
177 236
410 186
282 323
172 369
183 332
428 448
160 6
272 343
310 274
434 103
225 304
317 286
349 220
405 235
344 272
181 406
424 445
434 167
115 229
142 406
238 60
320 234
67 116
371 213
302 421
179 392
410 181
155 390
261 286
255 343
191 370
307 195
147 15
44 280
375 139
299 426
24 44
388 237
432 63
404 381
265 346
177 343
6 205
80 131
44 26
309 415
210 446
381 441
339 361
259 354
16 296
109 370
225 150
364 434
32 296
196 442
165 388
409 384
346 131
270 285
144 95
257 274
428 310
245 174
356 140
117 224
376 207
99 243
124 112
208 304
383 447
359 193
206 292
215 181
425 313
187 337
118 246
443 297
342 253
207 302
52 440
152 114
228 291
30 307
125 111
428 174
12 292
29 285
166 353
179 391
211 191
124 228
132 106
108 387
128 92
373 205
424 395
55 51
74 142
29 60
313 17
235 38
439 52
186 360
348 354
296 416
366 354
101 384
167 19
50 26
252 42
257 288
93 235
246 202
192 369
219 295
166 390
261 263
334 346
294 235
149 112
171 347
294 223
377 209
185 350
315 269
53 436
169 360
279 334
185 354
164 393
142 107
195 275
335 121
299 23
258 39
131 375
416 230
436 103
353 337
149 106
56 37
53 131
70 443
438 101
356 437
241 195
305 199
299 178
371 223
388 444
196 142
55 55
105 364
283 154
195 370
280 277
49 55
304 232
43 416
344 358
197 266
226 430
131 120
141 97
108 234
181 236
289 322
254 339
97 226
338 289
350 192
118 243
349 195
276 16
127 382
282 183
449 132
5 208
342 274
357 129
10 194
302 13
5 296
23 38
177 18
211 286
86 231
98 375
359 352
425 220
207 148
303 31
168 340
418 164
49 52
364 200
316 234
13 190
22 280
268 29
192 270
415 229
345 115
257 24
199 262
64 420
313 420
94 258
204 268
263 297
392 220
275 416
335 253
416 304
122 386
168 252
57 126
120 394
175 397
32 272
434 169
155 411
190 429
421 234
179 261
79 433
398 395
419 387
31 291
353 328
353 147
47 35
62 414
433 61
442 321
378 195
191 364
205 154
195 244
395 391
282 437
312 271
399 175
228 165
383 432
309 225
113 243
415 447
161 93
286 161
281 346
228 430
275 166
166 400
149 412
22 299
412 150
263 337
357 220
146 109
428 300
67 135
46 25
206 123
250 53
421 297
281 426
187 269
233 147
290 158
389 215
404 220
3 296
394 208
133 382
356 221
102 392
90 122
275 422
106 236
221 308
167 263
425 117
291 218
123 94
448 54
90 125
103 223
194 335
449 64
126 88
64 123
354 361
449 50
429 52
39 58
64 116
231 267
436 128
302 205
28 217
302 202
423 212
156 96
410 144
402 216
211 266
397 164
387 378
275 167
370 125
302 21
418 408
77 430
227 446
187 249
220 284
286 209
271 39
181 257
124 230
250 283
237 282
412 209
67 436
28 286
283 346
446 109
179 371
199 448
64 127
330 275
205 299
255 271
322 232
351 362
352 350
244 168
213 130
316 162
28 52
72 432
97 128
63 408
233 49
233 42
434 429
347 217
43 279
271 51
182 241
59 430
334 289
288 161
231 441
224 266
300 231
235 36
236 205
177 240
207 278
436 441
275 174
338 344
310 210
245 199
165 365
286 18
404 238
174 340
363 338
361 186
230 44
338 205
412 386
378 427
51 420
176 2
62 121
356 361
266 318
349 125
199 290
131 373
196 425
17 212
72 426
255 333
6 278
122 362
50 414
248 62
367 437
213 435
345 264
271 44
177 5
333 349
188 244
110 400
195 257
344 113
260 289
295 19
95 127
178 338
62 435
60 39
49 424
347 113
349 126
204 431
158 89
311 417
367 112
315 428
123 394
440 436
397 243
341 209
151 104
303 238
447 302
76 115
146 113
402 228
257 339
253 272
223 194
328 252
362 434
121 98
212 429
328 289
173 246
174 10
275 16
161 385
211 185
425 291
447 64
139 120
37 55
236 192
311 0
186 250
200 154
148 406
248 33
288 324
128 389
250 36
215 303
80 144
258 276
97 251
99 370
204 449
425 50
168 403
227 130
71 136
429 60
253 337
52 40
197 364
345 345
387 388
244 24
396 176
326 266
225 443
142 390
211 276
115 373
320 282
330 252
191 368
424 304
270 316
261 336
402 371
252 179
398 225
234 284
229 281
318 249
372 116
367 140
186 341
179 237
115 391
296 8
398 235
230 268
155 17
225 146
274 411
268 286
240 181
295 406
104 241
151 381
360 344
294 153
343 274
53 438
359 331
294 29
39 285
203 163
300 225
389 398
264 346
420 177
334 260
226 286
264 342
204 151
284 334
216 180
354 218
289 273
365 339
209 162
104 230
436 104
58 46
147 11
236 42
356 128
214 144
47 420
355 216
306 202
408 411
28 221
216 142
20 287
50 28
429 430
231 280
47 442
278 18
336 343
0 200
288 349
343 260
139 386
406 377
377 436
171 413
289 187
437 323
147 412
214 148
269 358
314 166
59 40
271 32
182 234
427 152
346 368
239 177
246 65
342 327
178 15
428 306
307 205
369 438
155 389
38 59
214 165
16 193
163 13
106 373
55 138
227 286
121 233
362 349
178 400
173 352
35 304
205 261
74 414
100 383
256 337
234 183
339 247
107 226
310 30
439 291
284 404
295 26
312 233
226 446
189 240
293 207
264 292
171 417
389 383
183 341
414 407
259 279
222 125
429 437
428 155
264 347
373 194
395 396
350 121
297 216
170 21
425 233
231 192
10 292
96 124
345 144
425 186
375 118
180 17
353 184
431 310
181 10
228 151
17 227
368 445
72 421
313 255
202 447
274 269
231 169
79 428
300 434
407 228
25 302
363 364
27 282
136 94
141 104
226 275
299 229
308 187
314 258
189 344
36 427
449 310
430 153
220 436
252 50
343 115
78 426
112 247
295 411
1 192
109 223
397 411
265 318
98 249
337 353
424 316
410 166
99 381
245 29
182 5
314 418
53 411
55 48
151 391
268 39
80 105
113 374
390 386
285 281
386 381
197 158
101 247
54 31
111 230
419 296
369 124
438 330
137 94
273 263
348 200
397 410
439 50
147 401
285 410
415 218
36 278
250 25
168 15
168 341
429 160
439 37
289 189
431 98
345 365
98 245
242 52
37 40
155 16
165 256
155 400
303 218
312 428
354 150
430 180
62 445
279 167
420 311
392 413
165 413
425 158
154 403
258 340
183 394
345 145
421 447
115 372
228 134
126 382
251 194
147 9
352 340
164 364
338 332
182 9
256 280
318 199
220 182
145 82
343 335
175 347
265 316
138 112
363 363
84 137
228 178
445 58
168 244
272 50
225 441
340 329
111 387
408 156
57 437
352 441
114 389
335 344
61 109
145 397
339 251
21 272
168 412
350 363
102 224
144 2
119 393
422 391
354 120
322 223
434 40
127 380
369 187
95 260
289 161
41 416
323 204
94 236
283 16
302 424
196 342
57 415
380 199
270 358
300 184
43 434
311 160
148 106
301 177
26 297
120 236
206 128
115 379
213 164
436 170
196 366
264 43
47 55
223 302
199 418
180 404
180 349
278 180
219 170
324 232
386 441
346 123
118 391
232 55
177 237
169 352
420 226
419 221
298 21
412 211
202 142
154 17
95 225
93 249
345 353
436 95
142 3
284 266
235 293
190 445
307 165
404 391
89 231
441 96
405 173
438 49
236 36
422 155
364 333
141 118
405 207
350 108
81 239
153 8
351 225
23 28
204 159
167 396
253 346
300 440
276 263
160 417
276 349
259 344
208 276
102 218
444 43
315 237
423 299
149 8
288 14
344 267
212 149
372 131
286 334
437 432
260 339
229 304
222 289
389 382
130 396
345 281
317 214
391 376
305 217
250 58
300 5
384 391
286 356
431 125
38 48
196 149
331 348
5 216
71 124
147 385
343 350
345 126
292 445
290 405
177 274
179 398
445 124
21 46
414 313
285 412
121 381
27 26
396 447
420 380
34 38
246 54
162 25
272 340
131 82
293 411
309 229
81 134
120 363
270 275
178 331
237 31
226 440
165 402
213 297
342 331
357 354
290 427
191 271
169 252
298 19
294 230
28 280
220 298
136 98
274 278
404 408
27 46
136 91
327 226
99 234
14 190
285 10
264 344
386 400
277 164
7 302
19 276
403 208
222 276
164 390
406 237
33 64
272 331
398 164
293 330
275 276
68 109
346 273
226 436
284 420
351 265
420 319
204 278
446 124
149 123
161 353
243 45
198 418
142 386
273 426
122 241
448 49
192 353
429 57
280 12
406 223
251 283
23 48
150 19
29 210
449 313
197 261
72 417
397 372
327 265
378 128
279 412
158 16
301 19
260 31
191 437
282 28
195 134
63 108
446 110
218 172
164 343
254 185
137 93
56 431
72 121
429 227
398 157
110 394
308 268
335 124
12 297
410 372
90 227
350 127
287 337
7 226
292 349
203 140
111 249
307 201
395 443
444 328
14 192
315 224
154 394
359 192
345 119
407 145
419 400
341 327
181 368
281 164
282 274
311 7
185 260
427 227
377 430
441 36
364 199
8 224
395 235
124 385
297 153
325 289
199 131
114 249
433 304
303 206
342 256
152 87
326 208
296 184
14 195
362 346
48 442
175 251
178 251
447 112
94 248
289 349
279 25
375 196
14 282
240 202
54 55
114 258
198 242
313 430
175 395
244 178
311 274
441 304
252 339
262 344
21 306
285 342
310 197
345 191
193 244
41 303
219 279
325 287
332 357
362 189
12 296
175 2
405 214
69 116
317 9
394 216
160 16
215 186
49 410
362 435
89 130
203 284
284 182
334 128
419 442
283 257
330 217
183 354
14 297
258 351
154 92
236 283
32 47
291 6
313 14
318 224
291 415
232 37
352 109
440 130
241 205
19 41
189 254
64 118
273 326
429 164
421 148
59 113
339 335
201 438
283 7
418 218
191 249
165 390
120 109
195 447
16 275
428 162
438 312
40 62
371 220
396 448
337 206
199 361
293 270
424 104
121 396
156 406
252 189
8 294
410 231
285 341
303 166
249 35
276 291
332 349
323 286
383 397
305 24
339 214
54 133
241 41
358 214
241 25
58 131
90 252
315 228
238 209
314 269
270 351
131 118
37 275
352 197
422 442
253 276
284 430
25 305
107 250
355 141
58 441
312 270
208 281
171 343
427 237
37 59
412 391
198 425
166 376
333 270
438 166
216 297
98 244
320 258
399 402
278 406
124 391
166 23
303 175
279 405
169 397
274 414
204 254
111 240
189 427
115 248
184 274
42 415
263 278
438 310
227 170
53 59
407 391
8 203
179 235
212 160
312 236
176 406
35 51
263 321
74 138
420 232
120 232
390 445
375 441
46 419
121 380
438 438
374 449
277 181
224 297
292 408
238 285
25 58
393 411
434 449
314 25
189 444
428 169
366 144
343 147
20 37
206 165
156 414
182 389
188 254
287 284
424 238
351 326
195 341
313 174
348 350
242 168
417 297
199 423
186 343
211 422
310 273
268 38
5 194
217 200
350 199
355 358
364 206
11 216
260 269
419 224
63 421
156 103
299 216
288 215
88 224
288 211
233 194
363 366
142 385
259 25
224 166
18 227
412 168
282 283
404 234
408 390
312 161
407 152
440 66
351 330
305 171
379 443
225 195
311 229
101 388
290 323
358 147
207 434
68 132
88 124
289 28
213 124
389 223
156 113
258 279
255 262
202 421
290 335
125 89
263 354
171 403
343 135
200 427
429 105
195 160
280 1
422 160
71 446
285 339
445 113
415 381
394 386
201 290
132 371
214 271
4 218
268 279
282 282
145 413
278 412
309 20
288 180
227 176
22 283
26 44
363 448
277 421
164 11
369 447
289 153
67 419
159 23
55 434
39 50
15 291
164 388
313 415
300 7
421 208
231 166
128 117
92 258
152 108
79 119
366 110
443 292
259 58
268 36
306 6
375 447
250 198
11 290
117 394
367 148
271 351
346 208
2 291
348 222
82 238
363 114
409 224
194 141
412 171
298 20
414 145
179 372
222 267
381 205
193 252
168 336
431 320
303 425
167 340
447 310
429 171
301 12
10 287
444 94
337 118
253 190
412 393
267 318
444 295
141 88
410 222
390 218
291 156
177 267
364 121
261 262
230 436
22 309
86 119
430 50
415 188
379 432
230 285
320 276
223 142
409 235
59 410
439 33
293 162
166 388
351 363
48 447
263 59
445 306
45 421
100 252
357 146
64 144
119 239
406 217
426 119
219 128
215 285
365 206
278 281
116 400
274 326
25 45
143 7
160 20
417 394
415 184
274 432
275 342
213 442
92 257
114 394
134 385
189 439
33 63
370 343
160 11
224 186
355 365
252 270
175 393
92 140
394 382
269 54
212 300
146 95
327 346
402 247
192 355
433 120
315 202
297 160
276 324
329 256
84 112
307 437
153 7
361 434
116 359
71 135
322 201
281 284
443 321
285 212
2 213
363 210
309 171
433 446
27 277
145 404
375 219
358 202
412 184
197 443
240 37
261 295
91 237
288 354
421 325
201 431
438 123
242 284
336 205
166 251
335 278
400 390
24 270
134 370
207 248
308 199
144 107
63 144
430 441
144 409
257 348
21 195
266 284
395 448
188 334
105 239
345 358
358 144
54 432
98 224
341 271
87 146
438 116
207 132
104 231
16 302
168 410
439 428
154 15
124 357
424 444
433 41
184 333
284 274
288 411
64 143
428 163
218 129
28 34
209 293
203 248
34 283
111 242
190 449
264 262
102 238
76 110
444 51
445 448
222 268
430 116
59 441
180 243
305 200
169 19
74 435
414 302
21 55
444 93
425 169
439 317
411 383
17 46
282 293
222 278
382 429
38 439
238 59
248 53
448 53
441 297
406 218
218 291
60 417
391 231
94 245
220 138
253 341
360 353
47 51
59 447
69 106
188 241
8 286
427 308
171 407
181 404
166 405
232 305
204 162
38 296
220 304
431 164
343 121
338 130
122 233
173 240
86 248
289 433
365 122
441 448
263 270
318 8
240 206
103 396
186 237
284 261
57 424
327 262
56 416
363 203
133 396
348 329
319 221
125 365
9 274
313 197
344 213
275 178
300 419
190 254
308 213
285 28
344 221
129 121
104 220
206 245
315 165
269 256
263 276
154 21
31 46
100 233
344 142
23 284
354 212
435 50
412 394
3 192
177 260
177 386
423 149
268 28
199 284
299 186
289 214
8 213
281 161
27 35
64 441
297 37
403 169
432 446
195 253
407 173
13 234
60 134
336 341
239 44
342 260
333 259
187 359
171 388
212 272
173 346
275 172
305 429
366 208
169 261
361 138
269 349
247 30
426 178
213 126
185 353
298 33
410 396
227 300
300 436
125 94
419 323
318 212
415 170
269 354
427 102
358 367
71 426
403 174
366 189
247 178
431 160
247 24
427 318
439 101
238 169
174 239
4 231
182 332
290 433
88 131
253 51
366 443
45 292
27 271
155 399
85 227
95 238
392 395
259 60
113 254
203 426
304 181
409 222
178 407
115 361
150 89
26 55
56 31
189 431
358 439
210 447
314 414
219 135
276 327
310 264
317 284
224 127
311 418
166 358
347 349
369 430
101 378
160 404
143 404
294 346
330 269
315 226
311 179
448 58
287 168
367 149
440 293
188 441
291 275
249 53
444 42
435 109
182 338
209 143
323 212
217 308
249 185
194 238
352 110
397 413
265 296
295 215
27 280
402 184
432 106
437 449
393 378
377 129
403 225
167 407
335 259
404 403
340 284
112 378
214 130
414 148
305 434
145 383
243 175
390 431
314 162
350 124
199 287
121 391
190 447
223 272
278 278
413 376
404 147
396 165
428 321
145 405
423 211
245 188
44 24
410 153
68 125
447 447
192 251
405 231
439 114
326 259
281 433
147 405
141 90
143 9
3 221
119 227
236 189
344 348
90 233
342 197
200 448
371 133
232 40
412 395
323 255
259 35
126 102
289 155
199 357
299 222
417 322
302 422
337 211
409 218
92 114
167 378
419 399
169 255
188 357
314 184
227 437
306 180
354 353
202 257
138 109
283 27
327 218
188 240
36 24
173 333
125 235
214 132
68 431
222 149
440 320
389 433
174 360
407 415
151 93
169 244
315 183
132 85
304 158
301 28
24 51
62 446
221 133
403 403
397 229
67 109
70 137
36 291
62 128
142 398
157 404
279 272
21 228
106 222
226 129
324 214
325 226
36 286
200 424
72 116
224 274
178 368
195 154
216 273
336 359
338 352
52 427
116 384
345 116
328 226
413 304
410 414
190 271
151 397
365 425
428 299
0 203
207 303
448 102
329 337
351 273
340 123
70 423
376 198
284 13
349 326
224 197
289 338
163 415
127 399
429 107
208 135
155 381
107 257
432 127
81 145
419 222
307 233
200 257
198 433
46 445
202 254
146 96
220 132
318 284
204 425
412 160
209 136
447 439
257 323
308 412
326 246
176 373
228 431
164 10
311 158
400 171
191 348
235 55
109 252
318 262
272 296
341 204
242 41
80 115
180 14
426 184
252 41
428 297
409 396
360 342
419 152
309 427
267 258
284 163
123 87
171 373
227 268
340 265
431 298
211 134
290 436
284 169
368 430
54 58
132 384
352 262
272 34
211 305
23 36
308 190
309 205
368 442
205 127
163 412
42 420
82 113
39 435
8 303
304 442
319 278
228 446
59 129
318 254
391 223
398 227
412 236
309 267
337 214
300 0
237 50
353 140
185 343
205 438
201 145
422 182
312 20
186 370
96 135
399 246
170 341
286 332
66 424
406 165
307 170
53 443
156 13
177 362
158 115
331 271
60 126
424 156
287 291
289 443
361 193
180 392
172 396
112 376
381 395
255 339
196 448
220 191
352 225
342 328
123 89
185 255
221 426
380 435
252 197
48 416
307 154
360 190
289 6
167 381
198 439
416 447
412 208
217 442
237 272
394 448
66 430
212 298
368 142
430 109
299 9
349 259
189 445
423 322
443 59
171 394
279 341
283 331
275 424
436 442
346 262
283 353
251 190
282 9
443 442
341 262
223 201
60 143
128 398
405 157
411 227
286 320
193 262
198 132
353 355
335 252
403 247
178 363
264 278
393 236
126 384
19 268
205 283
229 158
295 234
101 236
426 442
308 230
298 211
201 127
323 213
260 344
308 236
135 97
310 271
337 197
306 235
348 345
348 260
443 90
371 431
317 227
149 3
415 236
410 150
237 52
422 217
393 392
35 24
287 157
316 6
329 219
77 131
352 112
199 137
292 207
449 434
419 402
88 240
28 33
245 202
446 446
296 414
38 41
17 228
220 180
307 427
206 125
37 307
433 130
240 25
42 281
348 280
374 128
417 171
405 218
59 42
180 348
350 224
42 59
164 18
254 271
188 339
124 97
416 226
131 112
140 83
294 11
125 361
431 315
267 294
209 415
132 369
435 433
216 183
372 214
49 447
250 21
248 200
182 370
224 305
376 423
389 234
138 100
281 155
336 284
167 25
256 52
205 144
401 165
212 421
72 446
317 17
376 126
157 103
28 41
25 301
316 250
352 446
444 448
58 442
194 341
281 174
206 140
217 427
184 257
6 229
359 431
181 370
402 169
143 390
229 279
384 425
359 340
414 408
285 419
401 163
104 390
295 410
363 119
427 331
212 157
190 369
427 185
322 213
257 286
338 197
440 132
56 58
165 408
285 166
341 353
256 39
444 443
277 318
446 311
146 400
428 225
214 147
429 36
356 142
119 371
92 136
448 314
407 232
298 202
348 333
17 309
238 198
448 125
183 258
290 227
225 173
122 114
293 161
30 38
219 439
31 206
286 287
321 280
449 436
209 266
347 265
371 352
393 396
238 191
229 154
364 201
285 33
419 220
12 196
294 210
68 118
264 325
27 290
173 270
299 24
441 116
303 157
152 13
296 176
273 275
190 257
39 292
414 304
64 422
309 228
119 255
397 241
292 0
42 40
102 233
273 346
39 59
245 32
110 397
369 339
128 109
415 217
224 296
308 16
338 259
348 143
428 222
417 236
249 43
205 286
223 427
425 100
396 379
62 119
279 324
23 197
340 126
202 128
369 217
317 283
232 186
234 204
277 172
367 357
324 270
203 123
236 200
278 341
173 368
435 170
212 444
317 228
129 96
186 253
185 272
415 393
407 213
355 434
434 162
250 192
334 336
200 364
36 295
417 225
92 238
13 229
447 93
268 344
239 284
83 107
101 243
246 62
163 254
332 335
173 9
122 235
110 247
262 291
347 200
160 409
345 267
169 345
301 178
286 326
68 419
378 135
221 443
77 118
354 197
173 350
350 225
115 393
223 190
288 328
131 87
234 170
247 183
312 282
195 345
55 407
209 282
198 356
312 173
100 386
273 331
164 344
262 30
155 10
70 140
73 113
352 366
36 428
433 50
8 305
302 165
299 163
314 175
173 354
254 283
298 416
131 123
297 180
135 93
276 408
260 36
370 129
173 245
122 110
401 415
284 345
31 304
438 326
289 212
296 13
321 221
159 410
210 303
444 436
77 425
2 294
120 390
13 291
286 34
435 30
172 251
215 128
330 248
3 227
63 425
182 256
252 30
177 389
113 393
435 306
358 366
253 338
311 269
396 444
37 296
356 443
329 261
28 27
281 347
434 49
233 183
290 291
112 252
351 133
366 119
224 281
107 247
404 212
25 30
93 250
428 160
55 412
345 109
144 117
221 287
41 431
79 140
362 113
143 98
315 426
404 397
347 358
274 172
157 14
323 270
258 289
229 442
430 302
306 177
31 307
297 213
271 264
439 444
104 380
409 211
29 288
362 333
205 298
7 221
55 121
171 240
192 443
73 109
291 333
53 129
433 170
316 236
392 384
160 5
407 205
175 247
202 290
261 261
250 56
184 342
164 14
200 420
132 392
428 303
446 436
316 208
70 446
68 127
184 232
171 254
22 54
366 202
176 20
21 227
55 49
78 143
296 224
119 242
260 264
197 270
113 376
413 240
395 237
193 339
58 439
121 242
148 85
237 274
313 186
149 5
217 290
113 363
273 290
92 225
286 318
197 141
427 182
404 240
19 50
322 281
131 95
185 269
366 346
404 162
355 210
216 266
275 271
174 331
109 260
318 260
183 373
326 274
158 381
165 419
55 125
446 432
242 49
38 294
400 216
230 186
268 32
15 201
202 276
100 218
193 251
232 47
432 174
290 189
169 392
155 6
87 226
428 95
11 223
307 152
286 214
263 326
448 66
57 418
244 58
338 141
228 302
34 305
123 385
286 159
325 231
171 395
352 186
238 192
287 326
274 331
196 343
233 46
241 197
386 235
291 24
244 197
222 447
360 204
200 137
289 441
192 430
295 437
231 444
182 391
422 214
432 54
269 289
424 229
429 157
213 445
417 216
419 301
310 0
60 141
131 378
233 188
74 121
413 235
177 352
368 339
337 212
47 27
109 392
432 294
240 26
297 439
231 209
290 332
13 201
394 212
434 439
432 290
164 260
83 145
278 439
197 439
181 394
268 272
433 433
293 234
178 266
32 310
232 278
216 193
163 10
317 225
351 358
23 50
235 177
405 149
293 272
360 449
298 225
343 348
12 284
26 61
251 276
201 424
206 122
444 329
295 162
447 440
241 176
396 216
418 227
101 365
234 297
363 126
288 264
367 136
272 292
174 383
168 362
370 442
297 16
220 434
387 221
350 260
276 325
101 373
102 248
33 292
388 437
395 449
218 420
285 8
293 36
201 243
97 257
376 216
164 251
271 282
198 284
72 127
404 379
46 412
14 290
228 266
211 424
14 272
280 425
9 296
286 176
114 232
224 268
73 430
294 13
372 208
375 212
168 266
279 26
102 394
426 125
173 367
337 136
358 361
232 284
23
