12
2500
14
296 239
105 66
262 271
235 16
209 157
141 295
262 110
224 115
71 288
128 224
22 98
201 35
19 85
288 232
228 27
82 294
255 101
295 239
235 28
285 234
263 273
59 281
155 295
241 23
74 281
136 232
235 111
207 23
128 298
272 266
226 119
212 156
232 120
213 123
62 280
237 116
257 277
94 62
263 109
288 246
228 12
228 114
223 15
224 110
200 35
200 165
203 160
143 292
266 258
226 122
226 123
191 33
294 248
99 76
74 290
125 234
29 87
239 18
229 12
73 299
233 23
252 108
266 112
131 219
80 294
60 293
198 150
258 103
283 237
66 294
212 157
259 112
284 244
82 287
23 91
192 38
271 267
204 159
135 222
137 221
235 121
139 229
292 245
245 23
58 292
266 105
130 287
228 105
69 285
24 92
270 103
61 287
11 99
204 145
218 158
299 226
214 121
202 25
200 46
117 225
77 299
66 284
131 211
114 57
237 20
292 230
64 299
104 64
289 230
106 78
201 36
107 67
146 292
96 58
189 38
139 221
261 106
143 289
215 168
234 11
22 101
101 75
199 149
236 22
263 110
213 156
215 160
126 230
69 289
94 73
256 261
216 150
18 87
34 95
74 284
139 284
20 85
69 279
268 267
235 15
242 19
259 277
119 230
254 101
271 265
145 295
84 293
13 101
74 285
242 18
63 299
239 11
273 114
198 149
19 107
31 90
222 155
207 42
263 102
231 123
197 159
253 103
271 269
284 241
135 224
234 120
60 287
199 154
73 276
137 224
63 286
227 103
211 162
32 93
116 71
214 32
263 111
132 290
95 75
234 3
201 39
286 232
286 233
254 260
229 20
241 25
242 22
229 26
130 293
201 156
134 215
202 31
111 68
133 297
32 97
217 118
134 219
201 163
266 276
259 283
204 157
107 69
140 298
257 275
297 251
258 123
21 100
34 92
20 94
11 96
102 72
285 236
144 294
292 238
74 289
201 45
211 155
226 114
225 10
223 11
128 225
295 249
104 72
238 14
235 109
148 293
196 156
82 285
111 57
21 89
29 97
103 78
144 298
125 227
12 90
224 19
62 296
14 90
126 234
130 232
223 121
291 230
252 112
137 292
115 69
196 154
285 242
113 70
124 227
100 57
17 89
19 88
226 121
212 43
269 120
132 236
97 59
226 22
30 96
253 275
26 98
267 103
266 260
289 235
31 89
230 126
99 61
228 109
226 126
107 54
265 282
128 212
288 234
229 117
202 33
208 168
272 118
269 114
202 168
203 27
265 271
114 67
125 235
254 276
16 89
189 42
141 223
241 5
234 112
98 74
249 105
233 125
229 120
20 95
262 103
149 291
256 107
261 269
143 287
248 20
243 26
194 32
235 110
221 115
261 275
142 292
224 10
220 117
113 55
102 76
116 225
224 14
268 265
27 99
23 90
236 116
125 219
245 15
260 264
214 168
287 238
287 239
110 76
197 38
110 75
82 282
218 150
199 42
231 16
238 4
130 234
122 233
208 156
190 38
228 118
225 14
66 298
225 128
129 230
102 54
202 43
284 238
19 105
263 119
80 287
270 276
135 291
205 44
271 277
193 35
200 150
210 144
15 89
147 289
16 99
60 290
131 287
122 216
294 238
255 263
234 117
206 47
24 103
238 9
270 116
19 98
295 234
296 253
150 299
231 17
198 157
134 285
270 271
136 298
14 89
96 70
131 226
138 299
36 98
217 116
226 23
64 279
132 286
196 48
230 11
250 274
8 98
272 102
23 107
260 276
136 215
257 107
232 11
132 220
211 110
224 21
293 231
261 122
146 291
80 295
284 234
191 38
134 290
254 120
69 297
78 287
103 75
106 69
125 222
67 294
216 114
232 28
12 92
64 282
136 226
255 280
257 268
69 275
234 107
215 152
121 220
217 168
215 163
273 111
124 214
294 245
255 112
293 242
128 210
256 122
234 21
274 276
269 102
77 297
16 94
271 106
117 216
261 104
251 279
108 77
264 102
296 238
216 112
191 44
15 102
199 158
71 287
207 154
220 160
106 73
214 108
249 114
68 280
205 157
151 299
260 265
291 236
236 26
241 13
202 30
211 28
248 12
111 70
201 146
262 263
137 299
20 97
13 94
213 116
14 92
263 269
211 39
232 114
231 8
132 294
261 98
21 99
219 155
202 152
96 68
128 237
133 290
130 214
205 161
64 295
287 229
62 298
61 294
212 163
138 227
193 34
286 244
129 217
206 37
71 283
204 34
213 149
218 126
235 6
224 18
96 75
292 249
207 37
269 107
216 117
231 104
203 145
142 288
136 218
261 117
270 118
30 98
218 119
132 211
259 104
254 107
10 99
274 104
211 166
267 120
227 15
203 38
222 20
262 272
269 108
232 108
215 151
246 15
73 282
200 27
255 107
121 230
132 229
226 112
269 106
201 165
218 105
269 112
270 278
76 288
230 25
256 274
260 282
261 272
127 218
263 103
212 116
261 99
219 121
93 65
259 270
129 293
126 232
251 266
19 87
225 125
116 230
258 269
134 220
260 283
137 223
207 35
132 285
242 6
204 153
29 91
29 110
227 12
131 230
218 166
30 92
210 155
106 79
69 292
205 31
232 10
295 241
253 113
20 101
72 279
263 267
118 229
272 276
131 229
274 272
228 110
273 268
23 88
233 122
285 245
20 111
139 295
261 271
225 23
201 167
209 33
212 110
227 118
265 113
227 111
233 28
267 273
123 221
259 280
21 106
125 232
202 151
129 231
221 111
26 96
211 145
196 41
292 227
215 155
19 90
236 20
139 220
138 223
297 240
132 223
117 219
232 111
226 109
78 289
232 126
195 39
267 113
211 26
270 107
239 6
266 119
208 170
261 283
228 17
216 166
287 240
194 23
226 25
142 289
222 124
211 116
69 288
101 60
105 79
81 289
31 101
139 287
77 291
154 296
62 285
285 235
128 220
80 297
251 116
134 229
229 116
205 167
123 215
269 105
266 270
70 298
214 30
241 7
218 114
108 61
211 112
291 239
220 104
141 298
276 110
286 242
253 118
269 275
149 289
145 299
230 108
199 39
28 99
105 69
117 73
23 93
257 111
298 242
221 109
198 46
204 32
127 232
106 59
61 281
60 282
263 279
214 36
232 6
243 16
118 69
123 218
246 17
119 233
235 118
104 75
261 100
219 128
296 251
238 7
223 110
243 15
124 233
31 103
75 299
109 63
104 70
25 106
235 114
102 70
70 289
261 258
237 19
230 26
271 107
285 239
109 65
82 280
104 63
113 60
135 286
229 6
130 296
238 22
196 153
220 161
117 71
259 264
257 104
145 297
59 285
299 236
33 93
29 99
271 261
62 292
20 93
233 3
30 99
127 224
247 23
244 24
223 157
130 289
17 104
225 117
262 111
11 104
95 72
221 154
22 99
107 63
78 291
256 113
218 160
256 264
187 35
265 262
294 235
228 102
257 272
75 290
226 117
227 113
201 44
147 293
196 40
12 97
20 103
263 266
26 86
149 287
231 114
263 120
289 233
264 284
71 295
290 242
134 291
112 76
246 21
255 265
238 3
98 73
141 293
141 291
258 97
154 294
222 127
21 104
205 35
127 235
220 122
120 214
236 21
236 113
241 26
222 156
60 289
218 157
31 105
33 92
228 4
67 278
198 27
260 114
15 99
17 111
268 270
263 122
76 284
28 94
205 169
203 22
231 5
134 217
221 116
201 155
262 118
22 90
15 103
76 296
116 217
299 238
71 281
134 293
260 105
257 123
134 224
291 231
208 32
195 47
235 112
60 292
201 162
238 23
130 223
270 99
253 119
206 165
265 100
268 278
290 228
68 293
222 118
125 220
19 94
254 275
110 57
240 7
188 36
197 34
269 110
225 118
217 123
262 124
265 264
236 28
93 60
21 86
298 248
266 117
64 293
25 97
67 297
67 295
270 115
189 34
293 240
292 233
73 291
70 288
263 281
9 96
81 295
26 101
190 35
274 270
33 104
72 288
252 270
11 95
198 42
35 101
21 95
216 149
78 278
240 28
75 280
260 116
292 226
143 297
231 121
235 2
248 21
207 159
251 102
290 245
213 153
197 25
244 7
114 63
233 112
223 105
243 8
239 27
29 86
225 124
190 32
100 68
262 109
61 279
289 227
210 147
101 61
140 223
275 106
25 104
201 149
67 283
226 21
285 231
240 5
217 127
100 72
131 237
202 29
265 276
231 29
209 153
264 120
29 92
252 267
237 9
222 17
102 75
130 236
294 247
259 113
203 157
199 160
206 162
143 290
193 36
103 55
246 24
208 152
106 55
118 232
260 102
111 62
227 115
231 117
71 286
200 22
63 292
202 149
208 47
97 70
254 279
206 34
99 62
252 273
296 249
201 168
212 149
104 69
274 115
10 103
105 54
227 128
268 119
271 111
109 70
79 283
122 220
253 108
100 62
137 290
260 104
208 167
13 107
21 110
238 25
58 283
236 108
117 63
214 31
296 241
140 293
238 12
150 287
95 68
106 56
138 287
193 26
110 58
101 79
220 108
266 283
121 228
269 270
291 232
207 28
217 164
78 298
206 24
206 23
69 284
208 144
107 59
12 103
14 105
240 4
202 164
226 24
64 287
203 42
93 61
224 128
203 159
200 153
220 159
225 11
256 266
254 280
203 167
153 297
28 98
67 293
140 229
295 232
263 263
225 106
117 228
230 14
194 31
105 67
200 157
75 291
14 104
27 105
298 235
224 117
204 35
271 101
133 235
268 276
256 106
207 33
125 211
135 227
232 14
138 282
260 284
204 39
211 42
125 225
22 91
264 272
18 99
22 89
69 299
198 38
227 124
129 298
273 105
260 109
230 16
58 285
243 21
134 222
116 68
121 216
230 15
233 8
109 57
234 19
270 281
234 122
240 18
253 270
123 211
265 268
132 292
242 5
112 70
13 100
113 68
108 57
247 20
62 290
273 106
14 103
137 296
225 22
202 159
263 97
220 102
202 47
113 59
255 119
77 292
243 22
120 234
219 160
211 29
216 153
195 41
266 122
35 100
217 114
65 293
216 164
144 287
123 235
59 283
71 297
259 275
21 96
234 29
193 43
76 289
78 295
274 269
208 45
236 121
129 211
230 18
225 21
253 277
14 108
211 170
216 111
112 72
286 231
264 121
131 224
147 287
134 226
210 30
77 283
83 290
197 43
147 297
120 215
194 37
223 115
236 119
266 282
274 106
202 148
231 127
28 104
212 168
200 147
238 13
26 109
30 97
224 122
149 292
228 111
138 221
105 70
205 38
103 69
32 98
259 102
249 106
205 144
229 28
274 265
286 243
221 158
119 223
77 285
229 10
272 104
256 108
129 225
63 281
30 101
272 101
206 168
11 101
259 276
99 77
225 126
70 275
238 24
29 101
264 113
204 165
219 104
215 105
199 28
298 227
14 91
22 108
233 110
195 25
135 228
270 282
112 64
264 123
269 118
259 117
268 121
14 93
25 88
254 272
201 33
266 108
222 160
257 98
220 152
288 237
220 103
295 248
34 102
201 46
27 103
76 281
202 154
140 285
105 78
271 113
293 241
235 8
133 237
202 169
30 104
139 218
211 144
272 269
227 112
239 19
123 214
138 297
128 223
297 245
28 102
213 113
98 71
270 270
221 16
128 299
219 115
115 63
292 251
225 16
133 236
264 260
245 9
240 26
257 105
229 109
9 101
98 59
253 273
271 279
107 79
232 5
24 102
188 39
202 147
26 106
256 263
24 97
108 79
214 118
267 282
204 38
226 10
114 65
68 296
242 17
65 278
129 222
202 24
243 9
221 104
198 48
31 93
213 41
114 66
24 107
124 218
60 296
9 95
208 151
194 40
136 290
239 13
136 297
25 94
14 97
255 278
76 291
223 20
18 97
134 213
63 298
28 107
289 242
225 112
63 288
252 105
268 271
10 91
97 77
228 28
130 212
257 106
120 217
231 118
63 294
25 100
24 110
230 113
258 279
130 297
228 18
206 40
138 296
225 113
20 92
129 228
298 230
270 260
260 266
282 239
107 76
16 107
76 283
205 170
210 167
137 295
78 277
263 99
98 75
192 27
93 63
229 25
296 252
142 291
22 104
124 224
154 290
208 25
197 35
15 96
115 224
237 5
139 299
262 277
139 291
221 127
29 109
68 295
212 152
222 119
95 59
23 89
199 34
111 71
299 241
62 278
264 268
237 119
249 269
272 267
286 234
13 103
216 124
94 58
25 102
203 32
287 234
209 150
216 145
260 277
105 52
195 29
204 25
249 108
129 291
28 108
203 165
253 263
201 27
241 8
133 296
258 121
79 290
232 116
221 155
227 102
228 120
218 116
116 73
257 110
102 64
264 259
133 229
61 286
240 17
146 287
247 10
33 96
210 32
240 29
84 289
93 70
295 236
123 227
15 87
118 228
231 108
197 41
268 112
242 26
216 160
9 103
294 230
228 9
67 281
269 103
203 163
136 225
288 242
274 275
204 155
112 63
212 166
24 109
268 109
197 29
127 220
258 274
189 37
116 222
205 164
76 285
199 164
257 273
113 74
23 87
226 115
68 291
265 280
138 288
202 161
112 77
13 95
200 45
121 229
275 273
141 225
266 109
205 24
60 295
102 73
268 282
214 110
250 273
16 110
62 295
131 235
241 10
66 276
236 109
241 12
256 103
265 259
106 66
202 145
275 114
27 94
267 116
137 215
199 26
133 218
119 225
75 296
203 48
206 160
199 155
27 96
218 109
270 104
197 155
15 105
189 30
253 279
101 59
142 296
224 11
296 242
262 265
122 229
261 265
200 155
33 100
253 101
273 110
59 288
232 105
20 90
252 271
292 252
242 10
230 28
15 97
133 225
188 32
11 100
32 101
199 151
13 97
253 281
66 292
222 16
97 64
283 238
213 168
247 18
77 296
148 284
191 37
99 75
131 295
137 227
191 39
121 212
225 127
293 245
67 289
140 289
28 105
118 233
203 45
13 90
275 112
272 113
211 117
215 123
227 107
17 103
111 65
72 284
261 259
211 30
210 161
269 278
108 76
233 14
68 299
197 28
248 17
82 283
223 9
84 292
211 147
222 21
34 94
229 113
19 108
79 284
22 94
269 260
135 229
268 261
262 280
206 151
108 66
205 145
104 78
59 282
257 259
224 20
96 67
105 65
71 298
12 99
78 281
234 25
273 117
295 245
258 284
61 297
205 33
261 278
127 211
136 214
110 69
70 277
273 109
289 241
212 40
118 61
257 122
263 117
67 280
263 112
294 228
218 161
66 299
138 295
21 107
260 259
34 100
206 157
83 292
270 119
16 97
121 235
132 226
62 288
106 68
72 277
216 125
115 223
258 104
70 292
286 241
251 268
261 281
76 294
132 224
219 163
223 113
298 231
137 287
210 39
116 218
257 267
23 95
218 154
141 292
261 103
138 220
200 23
136 228
211 37
251 110
208 23
71 275
233 9
99 74
227 23
118 63
265 102
237 117
132 232
11 91
199 157
295 246
104 56
270 273
201 43
107 56
115 65
99 68
17 106
267 121
70 278
33 99
139 230
101 67
233 4
244 19
203 158
146 299
73 287
18 100
237 24
23 111
28 101
252 272
59 286
289 237
292 244
196 152
79 293
201 31
151 287
9 94
260 111
217 120
118 221
18 107
294 250
291 246
254 104
215 35
200 166
16 93
196 158
250 276
122 227
24 93
203 39
101 66
18 105
270 262
103 72
266 101
266 259
249 115
197 153
118 219
275 268
224 129
210 41
226 102
258 281
293 229
140 296
207 162
272 277
285 247
295 242
275 111
249 273
197 23
65 296
102 67
144 299
194 39
198 33
213 109
206 38
260 99
28 88
15 101
23 94
224 24
101 54
210 26
206 42
133 231
205 151
118 216
246 11
232 123
199 162
287 231
215 124
209 44
231 20
257 120
239 5
201 26
214 152
271 270
226 9
200 36
24 94
204 152
96 76
195 36
211 32
108 55
227 24
15 93
107 62
73 297
202 27
94 67
21 93
220 153
31 107
210 163
217 159
213 42
219 158
69 298
290 234
272 268
228 125
126 215
239 9
70 293
102 69
208 150
18 85
217 107
217 126
144 295
24 105
136 213
258 108
246 12
82 296
223 12
242 11
249 275
133 299
256 268
211 149
230 123
103 53
74 279
128 230
201 32
139 228
233 106
189 28
151 286
17 98
256 116
266 264
209 46
204 24
21 88
72 275
71 276
245 17
17 86
18 110
254 102
192 30
18 102
294 237
140 287
232 124
120 231
146 286
136 284
201 24
254 118
106 62
254 106
217 115
151 295
267 107
94 72
223 106
266 113
75 289
289 231
256 260
151 294
124 211
212 41
209 168
13 104
259 99
262 267
296 226
153 293
268 281
205 146
146 294
265 284
193 44
192 34
18 106
59 287
231 116
137 294
107 73
201 48
230 21
204 47
219 111
137 228
119 216
194 29
209 165
102 68
265 265
102 53
286 239
11 97
223 118
268 275
108 75
212 117
27 90
253 104
103 54
238 8
265 120
253 100
230 106
240 20
275 109
204 23
208 154
233 27
94 63
122 218
261 266
80 279
149 295
249 274
203 150
68 294
291 227
30 89
296 234
122 214
251 274
75 281
218 148
118 67
273 273
193 42
132 295
96 66
207 167
124 221
266 280
126 223
291 245
108 65
111 64
261 261
27 98
230 23
275 274
19 103
147 286
31 99
81 288
242 12
123 213
262 259
32 105
224 112
259 267
253 261
120 233
65 279
139 285
195 38
219 118
210 168
230 5
131 298
16 96
95 58
231 3
208 161
233 5
111 75
258 272
11 105
264 262
33 97
213 34
219 157
75 275
211 169
79 295
199 159
147 291
240 12
256 275
215 157
123 230
26 107
253 105
270 117
201 23
77 277
221 160
248 13
215 161
126 222
64 285
10 96
99 59
222 110
115 229
263 104
133 289
258 100
195 30
232 113
17 93
232 104
234 111
220 105
241 20
123 212
257 101
145 292
111 58
209 148
137 217
197 42
204 150
191 43
250 111
115 67
138 285
61 291
230 116
121 231
146 289
292 241
126 228
30 109
209 144
259 106
202 23
67 292
198 154
123 236
136 294
197 44
225 105
72 282
25 107
133 286
231 4
139 225
150 297
112 55
290 240
234 13
116 62
234 124
265 273
79 281
12 101
260 115
212 35
290 238
66 277
260 112
201 152
15 106
138 284
253 274
102 77
206 33
122 232
105 60
203 26
212 159
205 26
31 88
141 288
137 233
139 294
122 236
213 121
296 235
220 121
292 237
136 286
116 58
209 25
128 215
237 111
114 74
214 109
214 119
223 16
215 149
262 115
257 262
275 267
96 73
32 89
251 114
258 268
108 54
20 105
73 293
78 285
207 165
137 234
253 262
254 99
257 97
295 229
258 273
138 225
154 295
297 250
138 226
218 164
62 291
113 61
297 230
267 278
268 104
146 284
111 67
17 102
205 148
223 23
220 107
136 224
127 233
296 240
209 27
94 68
130 218
144 290
203 154
265 107
222 14
212 28
131 233
267 101
128 232
263 106
138 230
200 42
223 21
62 282
195 44
204 161
270 110
251 118
286 247
293 250
146 290
291 240
233 113
264 269
212 148
75 283
215 116
256 270
68 298
263 101
190 29
92 61
25 101
211 119
99 66
266 121
202 45
262 279
258 112
258 110
228 8
234 119
240 23
292 228
10 100
273 272
74 276
290 251
60 286
222 19
208 24
267 259
135 232
20 107
102 56
136 234
298 232
265 105
297 235
133 227
71 296
123 216
145 283
232 107
256 99
12 91
252 117
30 108
107 60
210 159
132 296
266 268
197 22
83 291
272 119
246 19
262 113
204 158
26 100
237 3
63 278
264 107
106 77
214 146
141 281
228 6
131 288
273 276
25 85
107 78
219 123
110 53
210 45
222 12
105 75
250 103
112 57
129 220
84 290
102 65
189 32
267 284
258 116
232 26
14 95
129 224
213 108
94 69
99 58
236 8
136 289
18 111
200 159
19 96
74 278
84 284
148 297
147 285
97 63
217 153
221 112
200 43
265 109
231 106
245 25
211 146
125 231
233 118
136 287
221 105
250 265
259 105
199 161
290 241
218 106
18 109
123 219
265 283
251 113
77 290
212 30
237 13
245 20
299 249
217 106
263 108
123 217
79 292
23 92
26 91
200 161
207 170
299 242
233 108
153 288
197 36
236 25
248 15
111 61
115 72
253 264
254 100
293 251
141 227
63 287
255 102
257 100
196 38
295 238
254 109
68 285
287 244
245 18
270 120
263 100
213 161
111 73
274 116
266 263
9 99
205 42
151 298
150 288
236 112
250 266
18 95
262 122
240 9
225 13
238 16
212 151
81 293
211 38
205 156
145 284
116 59
65 291
229 8
128 216
60 283
259 97
224 119
214 107
66 296
245 10
10 97
133 285
73 280
27 106
257 269
254 274
192 33
72 292
71 292
224 101
261 262
211 154
241 19
112 56
204 167
229 16
192 43
257 108
125 217
65 295
205 163
103 76
221 125
137 291
63 277
144 293
72 294
13 106
195 42
213 155
290 236
267 277
295 230
131 286
259 269
232 3
138 289
273 269
77 288
126 227
237 14
211 41
191 28
244 17
212 150
134 289
142 290
223 114
132 228
107 77
234 16
231 18
262 276
114 71
223 102
220 154
228 14
231 105
213 31
210 35
219 149
289 236
272 105
230 105
218 121
212 32
225 15
214 158
214 40
13 91
262 285
209 26
221 120
115 225
207 166
252 119
92 67
27 104
246 14
99 69
201 25
122 213
233 120
298 237
149 299
81 296
148 286
25 110
30 107
78 294
220 110
214 167
204 40
138 294
207 47
250 278
255 106
224 114
255 277
141 226
271 112
239 21
35 94
234 106
139 232
268 102
227 122
116 231
256 100
229 126
215 111
203 44
250 108
228 22
98 69
256 101
216 109
200 25
205 28
20 99
222 121
59 293
152 295
121 214
226 127
265 267
267 270
257 271
207 41
117 232
272 273
140 227
201 47
140 286
104 57
135 220
265 275
108 56
111 59
257 284
286 248
81 279
270 275
271 100
264 278
266 123
237 27
74 294
230 13
244 20
130 216
225 24
209 158
240 25
240 19
251 106
261 119
211 167
236 27
232 21
197 32
194 25
195 37
258 107
28 87
200 156
269 271
297 231
226 107
97 62
227 105
291 247
130 290
135 230
221 122
135 217
124 212
216 107
263 274
76 278
257 266
13 89
264 104
229 108
223 120
62 281
257 258
15 100
14
