30
8000
20
210 106
356 192
62 356
229 36
81 217
162 18
108 323
261 250
159 283
241 156
324 26
320 336
322 378
202 195
0 247
190 367
283 148
285 200
270 292
4 398
156 103
62 49
26 4
16 60
89 106
17 131
145 194
124 374
70 3
24 282
18 50
335 337
97 318
94 101
169 11
74 222
116 360
315 33
105 379
113 339
0 137
29 271
205 363
73 349
269 305
74 111
17 243
23 4
321 17
117 319
155 112
342 191
374 188
256 282
338 199
78 40
170 97
214 110
152 24
97 94
33 142
319 359
15 297
257 269
190 356
317 16
111 379
11 64
129 184
129 188
48 361
123 356
19 120
220 192
189 190
19 137
365 209
73 111
225 55
177 25
199 378
196 374
146 197
329 394
75 120
148 8
61 346
159 104
86 232
27 64
289 145
2 62
171 294
181 377
286 206
142 375
130 374
358 196
81 361
303 193
175 8
253 292
7 399
126 368
33 69
7 277
84 94
13 281
335 378
264 276
102 334
239 40
199 176
23 398
12 296
154 206
29 295
274 288
7 382
21 298
326 355
279 192
299 189
14 73
3 63
328 397
330 20
256 151
288 286
296 196
275 238
260 283
84 204
350 211
191 191
79 219
280 144
165 2
22 48
319 7
76 96
17 141
273 161
288 138
156 112
124 384
248 264
212 198
154 19
13 399
129 191
303 195
143 109
140 285
18 4
9 14
10 116
225 25
313 351
335 32
282 202
259 285
215 39
73 109
204 204
9 257
169 95
255 268
335 327
260 247
253 156
314 43
34 20
79 206
8 3
340 181
121 386
187 380
340 380
328 320
76 35
55 64
175 97
185 364
312 25
125 362
316 382
114 310
260 277
275 240
331 349
305 383
201 115
91 209
247 237
273 299
125 326
12 125
197 210
58 343
314 38
8 132
111 322
10 283
284 142
110 307
66 217
23 47
272 309
340 376
66 338
104 331
14 142
253 286
55 347
186 360
255 292
336 365
235 54
65 209
13 77
318 395
192 209
154 199
148 15
14 388
50 48
37 286
228 47
263 236
77 9
64 11
309 323
8 48
264 144
245 154
282 130
100 116
151 91
58 351
61 35
81 12
169 291
208 98
362 180
149 10
58 48
76 215
189 372
328 396
26 137
227 55
149 294
298 193
235 51
144 280
8 254
237 45
14 69
79 95
131 189
253 258
205 211
119 321
48 58
275 204
192 205
7 76
92 117
101 93
172 17
174 104
119 386
123 379
222 29
330 339
30 275
365 192
208 119
243 253
19 138
67 218
143 90
323 26
58 18
324 13
284 201
210 34
187 201
346 192
244 161
70 66
197 104
17 112
50 351
284 181
149 266
203 357
26 63
44 6
307 348
107 305
254 290
313 386
73 15
70 224
359 175
368 208
68 366
11 68
13 42
80 43
12 272
340 15
132 392
80 105
26 297
165 12
39 19
93 115
332 22
245 241
286 198
144 182
1 131
174 111
338 330
19 266
68 353
325 395
15 11
363 184
65 55
32 296
98 121
266 273
72 218
0 387
158 266
173 100
145 91
23 8
152 185
100 220
318 29
184 201
120 393
7 125
271 213
293 195
109 313
197 357
303 342
290 199
325 20
257 162
212 40
6 242
227 109
25 270
66 47
271 276
352 211
239 27
54 47
252 246
304 199
60 2
71 205
247 163
6 142
217 39
194 359
178 12
89 329
247 260
41 274
77 93
366 202
56 43
56 341
241 42
167 273
221 115
3 245
170 291
111 325
177 373
321 396
269 268
217 112
79 350
34 271
112 337
201 186
232 31
236 19
200 377
164 272
195 95
116 364
78 358
79 115
204 354
22 46
26 128
14 44
222 100
368 183
212 87
224 52
134 364
63 345
259 260
360 199
149 273
193 196
314 384
220 195
7 389
186 370
231 55
114 357
44 49
318 39
3 73
289 164
350 197
375 194
351 205
163 9
112 342
165 4
252 250
231 144
271 275
50 350
89 215
182 360
217 95
82 92
313 388
57 39
83 18
330 386
72 106
15 249
81 200
282 155
233 32
78 210
169 14
169 99
48 370
96 228
285 281
261 276
299 212
324 27
266 248
156 279
8 256
218 189
279 185
70 12
300 143
171 30
3 231
189 363
241 139
336 324
281 213
235 142
48 359
334 21
197 382
198 381
147 97
12 279
277 218
134 363
25 60
187 362
208 205
194 202
146 113
75 47
28 277
142 211
8 395
148 184
151 205
279 159
236 33
75 344
57 374
84 227
266 264
321 380
320 375
173 113
196 386
186 372
81 48
192 381
261 252
221 108
61 18
166 92
186 385
278 138
339 202
157 17
24 292
203 178
140 376
101 115
333 392
161 187
151 4
311 337
23 265
302 203
185 380
98 89
255 146
283 291
157 191
21 293
157 295
257 247
169 280
322 10
154 295
357 206
16 382
224 104
279 148
269 146
108 341
1 240
188 350
144 179
76 110
162 86
111 341
141 281
26 77
128 356
74 118
90 96
118 373
14 398
28 265
136 385
200 383
78 48
54 15
306 341
14 140
79 364
62 2
288 134
212 107
278 307
190 192
2 252
288 130
280 285
27 119
186 376
254 248
146 91
160 284
163 3
145 214
32 16
163 298
263 244
175 372
17 151
320 324
40 14
143 281
78 99
296 216
233 28
263 310
167 288
269 192
240 137
321 364
171 268
290 142
212 195
153 106
53 58
219 94
324 378
92 318
141 199
272 205
196 192
323 374
251 257
153 31
223 162
326 366
332 335
173 25
24 271
1 244
28 141
368 188
8 288
97 334
254 143
261 237
294 164
52 63
194 380
314 353
178 365
258 238
143 102
103 311
311 37
71 364
89 199
103 326
278 188
316 354
139 387
68 43
81 17
238 146
288 190
247 242
51 39
14 273
64 37
16 281
333 29
172 370
75 365
255 298
70 217
156 272
149 298
158 105
321 12
246 262
260 303
333 349
15 124
277 259
121 331
81 121
17 293
197 179
10 294
2 52
195 362
173 23
193 179
207 119
33 128
308 374
268 198
21 20
294 160
68 18
271 138
153 15
218 105
112 368
88 203
320 354
141 370
109 375
79 51
188 362
167 266
275 217
1 132
89 6
239 153
248 150
282 206
108 331
277 274
264 142
271 248
271 187
22 69
30 290
271 287
292 133
128 365
1 127
56 60
313 10
316 396
131 204
182 375
6 145
273 214
327 379
218 116
15 8
228 144
84 17
167 298
278 149
98 314
371 192
13 288
60 36
264 236
171 363
209 92
208 91
2 382
202 211
20 23
65 15
77 18
48 365
67 223
120 363
260 232
66 65
266 275
26 127
8 116
313 345
322 348
3 49
5 387
22 137
264 266
364 174
112 359
224 112
27 133
213 193
60 0
112 390
202 176
302 333
124 393
267 282
143 287
196 359
129 392
332 25
342 196
134 206
268 284
273 199
19 62
327 42
226 101
150 185
306 377
277 142
203 89
139 362
55 354
60 361
70 373
335 384
94 123
221 118
82 121
230 29
206 371
336 339
362 174
237 30
80 223
7 53
282 184
143 113
19 241
81 351
221 50
313 343
29 63
105 314
190 182
275 200
59 340
27 114
211 119
190 201
164 27
347 177
231 51
146 284
295 212
54 3
164 286
248 254
71 200
74 214
243 23
117 309
67 39
147 95
0 227
317 355
322 325
200 372
278 186
185 378
57 55
244 43
311 381
50 49
1 121
159 270
331 25
111 311
88 110
155 268
264 287
256 298
95 97
260 257
185 372
30 134
254 249
168 1
320 360
311 28
186 354
68 54
71 371
280 145
179 283
218 26
340 336
257 267
211 211
117 379
196 93
94 324
62 30
255 250
9 292
155 300
155 17
314 29
33 284
65 358
313 40
71 9
287 142
137 207
86 116
338 339
218 186
150 271
137 380
86 123
227 143
331 364
261 241
355 192
190 361
161 265
125 361
245 157
155 284
373 199
211 108
239 144
205 91
33 14
288 141
174 378
26 1
284 219
55 342
199 112
207 109
297 193
281 307
193 384
368 180
276 214
358 190
286 195
284 135
10 57
270 133
137 194
116 330
286 146
204 124
149 94
11 267
180 362
177 278
108 108
243 246
203 101
219 193
205 188
236 145
6 263
322 373
3 259
272 257
12 263
177 5
100 223
235 171
26 269
33 127
272 235
63 37
161 8
25 3
335 25
14 279
104 112
63 19
184 353
157 186
65 344
76 10
343 190
35 284
66 358
166 36
114 375
189 199
158 95
268 307
187 359
278 255
363 181
134 178
286 135
211 100
271 285
204 105
279 145
254 267
241 168
311 386
284 155
226 52
90 221
75 363
308 24
120 310
35 21
325 42
260 253
196 368
115 318
8 283
202 99
93 225
260 304
363 187
107 98
131 205
8 56
271 145
273 251
315 338
211 187
292 200
218 191
307 372
161 184
203 367
48 362
108 307
10 248
25 271
66 0
72 202
208 123
225 148
178 25
302 151
114 370
114 316
125 194
229 46
314 328
143 21
115 327
203 360
286 303
84 222
140 208
69 15
266 205
70 357
311 374
103 95
89 90
153 17
18 243
43 6
53 54
140 181
97 104
86 199
154 26
327 20
5 141
146 200
0 380
114 325
148 287
163 89
138 183
147 104
199 363
69 35
177 355
30 296
18 245
97 214
141 179
81 52
251 296
145 206
243 29
56 370
104 114
190 360
333 39
75 97
116 390
317 28
151 210
74 225
273 247
84 92
84 93
357 205
4 251
0 64
300 157
166 98
275 273
108 100
321 373
66 367
238 22
84 105
10 288
174 109
149 195
225 29
34 14
29 48
5 399
116 310
206 176
53 53
8 136
301 190
310 324
252 247
189 365
26 13
153 4
353 175
137 97
133 379
122 393
229 41
238 24
196 194
129 357
30 21
101 320
33 133
44 3
151 111
71 225
57 9
59 56
140 115
359 173
324 46
253 168
125 357
122 336
323 339
15 144
44 352
177 362
212 44
260 233
110 310
97 338
153 109
154 8
301 204
6 60
31 279
69 339
309 352
341 179
147 192
373 198
250 251
275 278
306 369
239 149
148 293
61 14
277 288
126 384
14 260
130 380
201 107
71 3
132 184
158 190
367 196
322 359
160 84
91 89
318 319
319 26
21 0
23 133
81 215
323 335
147 105
79 201
51 57
65 363
67 52
46 357
17 268
327 27
83 99
362 193
280 201
158 281
268 139
216 27
329 17
55 370
137 109
53 57
321 23
329 31
276 158
304 348
0 134
74 369
152 180
163 121
243 35
155 194
244 171
316 381
312 379
43 49
281 290
270 257
78 236
6 265
152 182
153 122
270 311
154 87
293 156
14 6
119 365
270 134
282 131
321 39
129 190
354 207
61 46
152 99
150 213
11 75
168 37
123 336
7 74
171 284
325 392
299 208
223 92
170 91
76 53
25 71
48 346
13 56
302 202
3 117
194 203
309 373
122 315
131 377
154 116
310 31
104 307
272 307
9 241
326 394
220 89
168 100
119 378
61 349
301 206
164 194
348 198
341 199
128 363
23 52
283 197
155 97
256 267
317 340
375 189
37 131
323 8
66 357
217 25
174 101
98 214
193 358
8 60
137 202
189 362
179 378
224 160
105 107
60 60
148 276
300 336
165 269
12 387
63 337
314 37
305 375
10 64
161 192
151 272
125 363
126 315
263 243
25 289
191 378
105 317
339 331
163 91
75 20
56 5
78 368
184 200
213 118
329 396
318 384
13 0
321 15
219 21
138 196
175 272
33 275
86 213
285 146
170 109
22 130
150 15
265 253
283 297
86 221
10 122
287 205
272 262
140 191
316 38
273 253
109 364
52 33
13 290
155 289
96 97
308 336
130 359
322 353
296 153
167 280
18 150
245 262
78 51
86 114
206 361
60 14
233 145
101 326
176 278
134 382
329 34
284 287
265 151
222 103
330 383
259 278
329 23
109 382
1 53
210 102
322 28
17 238
72 348
1 395
66 372
320 19
199 121
261 270
22 21
323 345
293 193
70 21
202 122
106 369
320 318
91 112
368 186
332 390
65 42
204 95
3 249
182 381
57 338
166 279
284 153
168 96
147 117
358 187
118 361
68 50
274 132
12 394
15 140
73 372
151 115
108 308
118 360
348 179
339 190
255 246
268 136
265 256
170 272
296 154
38 289
257 302
124 318
27 1
275 287
141 284
235 153
205 114
323 45
224 98
232 149
278 218
2 138
152 203
35 135
321 370
246 250
68 39
125 358
98 313
153 99
165 94
55 357
162 19
25 23
144 209
26 76
24 63
154 114
202 196
62 14
264 293
279 299
23 124
13 297
218 22
16 115
20 79
9 380
151 32
210 121
149 283
79 352
86 233
203 115
362 207
49 58
335 18
61 55
25 61
307 25
356 198
5 118
308 14
197 191
245 141
250 255
79 44
171 8
17 281
14 282
221 52
112 314
255 279
171 296
235 32
141 112
307 26
339 380
184 378
204 371
217 195
347 187
32 68
86 230
178 21
261 288
285 284
114 327
198 364
240 151
239 44
276 159
104 313
94 100
90 212
351 178
291 162
322 371
169 7
175 24
254 289
70 42
61 45
68 12
72 220
107 108
240 171
23 10
266 302
51 44
296 208
328 345
308 21
269 134
153 194
287 293
149 177
254 247
71 104
283 194
375 190
183 370
212 121
210 195
134 201
289 144
60 50
324 377
153 206
130 378
36 20
360 192
53 340
188 368
41 282
250 256
107 375
198 383
23 294
33 286
285 153
277 145
312 395
73 206
21 294
2 238
83 5
265 290
286 210
183 377
18 17
291 184
250 243
210 178
1 237
136 183
32 135
262 234
22 298
194 355
316 31
117 383
285 280
106 323
244 157
13 398
32 59
126 381
179 368
291 212
358 198
234 48
236 26
248 165
55 42
86 90
190 364
90 106
65 43
318 330
207 92
30 116
208 375
361 209
100 213
62 31
76 216
11 144
268 235
336 13
159 280
14 2
42 279
201 91
368 195
246 37
351 208
32 51
87 221
148 14
12 245
146 89
323 360
46 351
278 291
154 200
23 55
361 174
54 349
225 30
249 150
138 192
197 182
20 45
218 42
321 318
156 110
132 363
117 392
221 19
259 155
324 397
227 116
21 14
159 183
222 157
99 219
211 121
20 391
201 98
86 89
210 107
184 202
328 374
199 182
218 123
183 350
332 9
158 290
334 380
206 194
178 16
361 178
25 287
51 348
247 43
255 165
149 16
86 94
36 136
21 276
151 206
256 236
71 66
126 199
333 34
97 216
323 338
329 393
295 209
103 104
275 260
232 139
161 301
75 50
170 114
90 224
69 354
290 151
246 237
228 148
162 292
49 353
270 283
277 208
135 365
163 198
63 373
320 319
86 3
335 339
147 11
131 358
19 9
87 99
94 112
18 117
240 144
219 204
31 3
5 132
200 370
328 338
350 191
236 142
76 201
327 32
259 307
302 335
210 114
280 159
97 210
9 62
219 33
183 200
273 147
169 299
104 97
324 382
215 42
104 306
153 193
366 208
44 12
156 22
152 90
256 168
55 36
194 351
108 373
34 136
227 165
312 20
285 188
128 187
192 104
65 32
321 8
27 58
144 194
161 113
315 30
156 29
204 373
62 362
206 94
140 91
311 40
31 267
323 40
134 191
330 350
229 164
52 341
367 190
28 51
229 26
107 114
4 254
169 102
24 50
215 107
164 197
69 367
175 289
265 235
280 134
189 353
238 147
14 149
149 187
244 167
128 376
130 185
27 23
208 197
9 46
14 386
212 99
67 370
251 160
106 377
323 362
281 156
206 207
280 203
10 240
266 304
11 141
57 61
229 150
224 47
34 66
81 208
308 347
27 280
182 371
290 152
196 106
24 4
10 286
154 274
162 286
67 220
336 342
177 367
199 358
207 203
323 329
98 96
107 106
326 379
208 106
351 190
325 35
150 202
54 35
146 101
21 124
56 9
8 146
54 347
20 5
43 284
157 279
320 395
68 2
133 374
259 284
218 91
220 106
162 301
62 346
26 132
353 189
157 112
76 63
326 30
55 67
247 238
23 17
24 69
85 207
73 97
313 346
26 277
4 65
18 279
22 16
246 257
158 207
197 193
161 271
124 356
156 197
206 121
68 212
232 48
301 198
295 194
262 277
66 352
206 125
17 69
184 382
268 236
326 340
363 178
79 361
279 200
158 202
38 279
307 330
274 294
67 349
58 47
155 191
149 193
8 76
127 200
133 187
308 352
69 221
347 188
126 331
147 88
152 15
208 210
16 140
133 198
328 393
171 115
235 140
199 371
72 33
25 264
188 353
42 289
153 91
149 116
338 200
340 201
13 388
315 390
347 181
7 392
98 225
58 346
78 44
93 124
89 107
44 354
14 129
223 149
338 35
296 137
121 384
74 39
264 152
272 252
263 289
76 117
11 10
156 189
310 394
352 188
157 27
299 200
46 360
270 290
50 363
6 284
160 187
116 336
296 158
192 100
322 390
151 301
31 20
306 334
158 292
85 203
68 344
77 15
5 119
144 116
272 133
99 110
0 256
196 210
270 187
216 186
278 193
84 122
306 344
310 362
322 337
144 12
67 2
162 194
216 106
83 90
94 98
102 308
36 60
159 198
150 203
147 24
227 36
307 327
334 322
145 27
4 140
242 50
203 382
122 328
330 393
230 151
115 322
59 356
15 247
154 86
245 160
216 183
72 62
275 206
364 183
18 130
309 26
135 376
269 256
248 161
23 61
10 281
87 121
73 199
122 313
20 13
143 180
197 99
316 36
275 296
298 153
231 143
32 292
246 169
329 7
175 109
270 280
203 192
173 101
5 122
50 47
72 369
75 209
203 108
28 294
219 93
329 322
59 44
237 47
193 190
255 167
363 198
192 193
28 124
259 265
279 293
120 321
313 347
123 387
308 348
218 92
216 123
123 310
195 213
22 288
246 161
1 257
141 375
236 39
283 128
200 354
293 144
233 172
271 256
365 206
220 43
104 340
299 155
157 300
55 369
171 4
72 373
256 260
150 278
69 222
5 147
282 147
68 37
330 42
3 258
315 383
59 47
225 42
69 346
3 61
9 48
29 270
13 294
301 141
319 321
269 264
239 31
53 35
179 9
108 326
59 42
149 100
60 8
241 150
326 349
48 57
243 167
287 158
224 154
25 301
247 251
61 57
2 387
188 188
72 355
69 34
251 291
9 116
198 369
314 20
269 243
88 1
240 25
181 383
66 205
197 374
326 44
205 198
329 367
234 156
10 391
17 18
153 97
74 234
53 358
103 98
143 293
200 352
164 8
269 297
105 329
26 9
67 375
223 24
282 188
112 376
358 181
236 173
34 67
282 159
254 148
49 62
233 24
52 346
83 108
131 360
269 148
227 52
14 16
263 251
267 251
11 9
212 28
200 110
257 294
53 5
246 152
55 33
324 329
270 281
69 37
246 151
155 121
120 319
205 207
275 276
69 351
73 8
243 36
179 353
129 355
207 192
50 35
242 251
32 17
63 14
133 179
14 120
298 140
36 294
166 14
115 307
101 96
272 197
285 285
56 2
66 354
18 395
136 383
326 342
172 298
194 100
8 45
326 321
17 275
289 167
217 103
14 298
2 143
79 91
202 363
90 101
9 2
33 131
165 268
52 36
150 91
158 29
187 184
306 20
328 29
8 126
327 321
142 210
272 214
220 23
30 20
329 330
283 293
241 50
280 194
289 182
227 114
55 49
229 44
2 240
204 94
185 366
168 6
159 9
80 214
104 93
28 47
314 30
26 129
53 350
339 17
332 24
10 380
251 156
24 149
248 152
3 52
87 218
140 371
141 180
321 323
153 8
115 333
18 272
266 301
16 273
271 289
2 130
274 273
153 202
11 112
15 15
157 205
145 107
154 29
335 40
279 132
113 321
2 122
141 380
280 297
266 261
364 200
209 192
19 280
278 259
171 362
303 208
333 344
348 190
23 137
271 238
314 330
73 341
26 22
314 394
29 294
196 365
287 286
239 173
46 40
225 104
135 359
87 125
119 393
60 370
261 289
85 92
153 11
287 291
268 193
158 269
150 106
163 26
137 376
65 360
96 91
20 147
321 379
38 293
168 36
202 356
233 27
2 131
124 329
92 332
191 182
31 128
19 263
25 140
66 230
278 301
253 267
115 358
173 272
191 105
57 2
2 127
63 363
210 118
345 201
220 103
267 256
330 341
144 208
244 250
236 169
142 190
247 256
247 141
259 304
359 178
115 308
259 238
67 338
2 66
249 172
70 100
72 224
321 389
327 337
77 346
164 114
3 265
237 25
131 180
208 187
64 339
267 305
198 368
14 266
198 100
72 372
198 365
58 30
226 42
21 58
255 285
148 203
58 363
148 200
118 327
244 149
69 201
287 214
162 112
46 356
230 45
3 257
256 155
163 6
325 28
63 15
4 130
203 119
321 43
78 204
305 333
104 94
73 59
321 317
12 142
113 311
152 269
17 76
251 261
264 286
112 386
215 27
121 324
158 97
66 228
72 103
266 289
301 337
341 24
323 390
39 295
219 198
172 97
216 190
211 88
330 343
210 196
296 161
216 108
206 117
122 326
334 23
61 337
75 18
197 384
51 49
166 28
196 92
190 195
17 383
170 13
236 153
26 57
299 150
227 18
226 19
98 113
11 383
293 150
80 200
270 264
192 365
31 61
275 263
168 285
311 331
272 263
205 209
167 282
314 371
316 330
64 362
293 163
29 55
66 33
269 157
163 110
273 263
288 186
293 151
142 97
147 201
117 310
2 265
32 132
272 192
72 12
198 103
287 145
85 124
199 383
185 381
214 99
171 291
129 200
148 209
115 364
7 394
28 275
370 178
129 361
113 328
277 243
183 355
302 342
285 131
282 150
220 46
282 306
341 181
29 291
163 1
59 31
339 330
242 29
161 201
188 359
338 187
70 106
160 2
218 110
215 192
339 370
203 365
114 329
47 352
179 380
283 210
241 47
314 348
352 198
325 344
27 74
14 50
322 37
15 123
62 215
23 48
85 100
27 60
336 335
345 186
76 359
233 49
235 152
75 350
208 117
274 250
176 375
297 201
31 131
300 198
118 313
187 374
247 259
7 247
331 362
89 211
30 51
110 321
13 134
305 347
337 28
18 249
44 55
222 36
268 153
24 134
122 314
237 33
60 58
31 73
169 287
55 52
171 99
95 207
62 37
319 27
350 174
334 22
48 56
253 255
135 182
254 242
61 343
16 45
330 349
70 216
80 52
75 44
86 8
195 188
102 339
129 358
329 377
220 53
193 107
157 294
166 276
346 204
174 272
170 113
140 278
14 139
83 224
138 185
111 378
289 166
332 345
20 42
195 185
323 21
94 110
166 120
276 302
165 102
102 317
320 9
144 95
92 203
13 79
196 103
347 185
281 284
15 134
21 282
359 193
80 236
339 16
204 123
333 12
158 9
266 268
247 261
37 273
309 38
41 6
337 389
345 177
311 380
309 36
227 32
278 155
82 210
21 74
214 112
25 296
7 128
279 136
280 136
131 198
220 116
46 365
205 187
22 75
5 256
197 116
180 10
241 33
366 183
219 119
258 297
76 105
212 188
258 248
112 319
53 47
19 47
1 394
77 223
241 31
76 208
300 209
198 349
24 291
106 380
299 202
67 54
243 138
82 204
282 303
1 382
81 55
6 236
59 374
268 309
286 284
210 38
173 98
233 165
181 353
357 175
16 237
148 297
114 314
33 285
249 173
259 293
74 107
140 92
20 273
247 245
0 257
199 90
4 244
153 16
206 367
104 102
10 59
148 270
191 185
161 20
136 186
259 257
143 89
199 197
58 369
81 99
21 300
150 33
133 378
209 207
132 189
335 17
326 12
1 48
62 374
172 114
148 213
148 292
337 12
13 278
2 385
29 53
331 379
316 353
330 387
202 113
266 299
248 148
72 7
105 339
282 156
16 288
69 10
131 199
11 297
50 63
318 36
154 187
92 330
233 42
79 360
293 204
100 112
173 286
53 370
49 356
197 110
200 205
156 95
282 144
152 5
229 43
140 289
282 166
316 339
337 11
133 201
147 109
23 296
339 368
140 212
46 55
176 16
185 355
329 16
360 181
279 303
272 261
171 365
152 188
98 326
269 206
225 164
145 183
197 112
214 107
129 186
165 29
246 30
55 43
281 282
25 67
209 373
151 185
288 196
26 291
149 85
58 62
307 343
214 122
268 274
276 257
254 159
67 68
46 368
269 254
294 146
37 8
163 19
205 182
9 251
321 322
185 203
160 88
24 272
84 113
196 96
258 302
142 179
178 373
311 39
30 121
91 103
255 241
55 53
212 114
147 292
36 14
185 191
159 296
85 94
70 351
151 275
294 133
84 102
136 370
86 222
169 97
141 178
263 267
272 234
129 360
259 251
121 327
88 208
115 332
61 20
225 31
136 390
229 23
166 273
293 186
71 14
169 12
270 256
206 372
44 5
227 156
49 43
73 340
357 195
235 147
30 267
34 296
244 144
191 103
13 55
33 2
262 288
209 181
203 180
246 26
172 95
91 216
339 193
283 184
352 182
313 376
305 378
110 328
12 276
11 282
9 65
207 91
219 187
66 32
255 265
151 296
140 362
331 30
253 251
155 99
142 117
278 144
256 149
114 359
166 296
17 242
373 200
237 43
370 200
2 260
12 10
321 362
281 194
245 247
11 127
327 376
189 188
268 147
338 29
150 17
152 206
154 119
13 258
314 349
78 222
217 187
315 380
17 255
164 189
146 281
59 344
105 318
129 391
357 202
139 212
113 374
323 25
355 205
249 264
329 339
313 352
165 34
13 72
60 337
212 181
238 42
38 291
188 192
155 93
9 287
86 117
320 384
166 278
267 151
101 329
164 24
87 100
229 39
99 211
20 139
273 163
253 155
277 160
147 92
307 341
13 242
6 382
348 202
15 296
154 103
320 325
146 106
118 392
54 11
281 301
139 175
310 331
207 362
361 187
98 112
77 361
101 336
263 238
64 372
282 295
264 281
10 255
302 154
286 163
0 379
28 17
21 16
368 202
125 388
174 363
201 212
266 204
338 386
67 348
171 93
324 325
14 58
80 360
143 279
28 147
18 276
20 142
315 34
279 279
4 128
191 190
203 202
214 23
16 390
137 192
208 361
323 318
120 318
164 30
124 360
124 334
271 154
262 282
233 153
132 202
90 107
12 293
141 185
213 205
252 149
21 269
221 98
288 198
36 295
318 45
224 148
148 12
218 89
156 296
243 154
163 0
14 10
195 386
332 386
119 387
67 8
12 247
197 364
28 280
306 338
153 301
182 372
293 192
63 8
54 9
143 292
178 383
155 36
261 235
314 27
14 43
172 369
212 116
89 206
339 372
206 366
176 286
336 371
289 135
318 32
369 183
143 110
208 371
149 296
77 42
324 351
180 19
330 384
166 286
373 182
173 110
238 172
324 374
39 3
333 373
228 21
191 109
220 108
222 32
99 214
284 146
229 145
247 37
314 383
195 96
173 289
30 71
317 365
151 269
31 63
46 42
334 32
126 392
207 194
162 122
286 183
152 118
310 393
132 193
159 295
194 368
176 364
177 282
19 246
43 43
52 339
206 360
150 179
238 148
108 304
69 364
149 107
8 141
229 111
53 42
186 358
373 196
228 19
193 212
203 182
158 279
295 138
272 142
330 385
160 285
152 91
328 37
151 98
151 27
158 109
45 0
306 373
366 193
36 15
278 244
142 276
273 135
156 291
75 98
274 306
148 212
78 223
74 46
81 205
331 340
92 116
232 145
218 98
29 5
307 378
228 100
197 94
280 197
176 9
274 303
199 92
245 242
353 184
139 373
207 89
298 207
181 365
142 204
27 67
4 252
271 141
159 279
161 281
308 376
158 293
218 184
63 225
44 10
289 194
160 8
14 383
219 106
155 275
204 380
369 198
149 115
317 33
39 13
274 152
294 140
46 354
8 131
23 73
80 15
150 34
43 276
62 11
365 179
270 263
32 23
255 305
344 205
336 331
248 250
246 164
148 11
13 257
337 376
275 247
264 264
225 153
258 282
316 375
180 371
34 273
73 364
88 9
176 273
62 38
316 367
9 114
151 31
276 294
292 153
348 188
86 107
79 347
249 235
30 73
283 205
13 280
357 209
252 168
175 7
123 327
149 194
93 212
328 365
78 46
334 38
208 208
73 114
161 11
159 121
172 292
42 6
350 178
187 370
325 360
190 347
29 57
4 57
42 49
216 196
18 21
140 283
341 204
139 195
285 208
139 180
254 283
50 358
192 359
243 169
42 10
199 99
245 139
321 377
277 256
230 28
108 312
196 383
164 111
9 6
310 339
330 378
73 37
49 369
163 287
64 55
195 99
197 97
132 198
295 203
279 194
248 251
277 183
73 38
12 240
138 95
91 87
135 381
327 43
100 113
317 359
62 363
281 217
328 26
317 41
8 6
242 161
99 115
20 12
365 185
57 345
329 30
149 289
314 42
107 376
198 106
16 267
229 147
99 313
202 210
279 250
144 11
157 102
15 7
78 5
353 195
15 78
217 40
110 317
237 168
193 192
256 169
27 56
293 139
145 8
314 387
325 352
7 230
230 26
23 60
317 319
118 362
329 32
280 138
1 67
157 1
96 99
27 7
26 15
62 7
221 198
54 5
213 185
4 47
106 106
80 119
209 93
221 191
72 109
83 200
125 327
99 113
218 43
4 389
317 363
144 90
337 388
63 357
19 61
322 319
187 349
199 177
234 164
13 129
147 295
278 187
2 61
62 352
328 363
159 202
204 194
322 317
7 396
302 331
3 241
159 267
52 59
97 222
61 374
21 10
178 358
206 95
214 47
77 363
152 100
63 361
318 40
15 269
226 38
154 181
265 311
100 330
76 109
6 262
290 148
250 263
149 199
143 192
224 117
143 185
341 375
135 200
52 45
203 366
301 340
311 24
10 14
313 14
95 323
79 12
125 386
265 257
266 274
258 252
166 283
101 307
226 169
127 187
274 202
355 206
199 190
320 44
214 209
315 35
329 25
7 10
69 207
223 114
323 332
82 223
158 201
230 24
144 184
26 279
36 267
118 340
90 89
33 129
137 100
308 351
23 301
139 378
174 270
27 270
169 21
28 2
22 280
159 112
252 255
9 289
13 150
185 375
25 300
150 285
252 286
308 378
186 203
167 274
140 98
71 345
146 289
197 202
189 202
176 22
231 44
142 274
195 102
0 50
9 115
24 18
1 54
69 32
179 366
287 146
214 180
310 17
26 5
77 37
74 219
161 202
0 392
160 97
269 159
215 50
71 5
327 18
19 242
315 368
158 111
270 135
167 16
54 10
169 110
321 386
153 197
241 24
211 30
144 108
197 353
162 14
366 200
168 20
151 105
279 291
1 124
229 18
306 379
148 273
194 192
5 276
70 44
252 167
275 311
11 239
19 386
196 385
106 115
9 59
60 373
13 386
35 294
154 106
227 145
121 323
145 184
269 285
189 185
100 328
170 294
104 325
106 114
0 262
272 151
225 27
151 9
30 118
12 124
177 290
159 286
340 22
156 6
365 208
203 358
149 4
265 262
280 298
275 237
201 369
199 194
174 21
81 216
2 388
265 143
154 0
284 203
141 106
275 258
25 135
79 113
1 259
188 365
17 246
189 371
123 374
227 38
258 250
54 37
156 114
90 207
261 260
284 199
112 387
21 119
325 376
223 155
187 194
307 33
302 145
254 263
5 46
158 101
135 205
149 93
90 204
111 305
263 293
317 338
68 51
325 37
45 355
359 210
231 19
74 19
268 289
162 30
12 121
20 118
55 353
270 151
53 38
174 105
113 307
154 297
146 94
102 99
169 18
275 189
54 54
271 310
96 95
94 206
201 185
253 261
223 21
278 139
239 28
19 289
232 162
167 13
348 181
68 61
197 118
117 318
257 160
245 142
272 156
163 199
153 29
200 195
8 394
222 53
83 10
239 159
262 235
147 183
181 372
155 200
358 207
40 291
40 270
68 208
96 213
36 127
198 116
245 164
183 358
9 284
330 374
161 114
100 92
329 27
159 94
231 168
27 15
130 206
52 58
284 129
188 198
313 368
277 253
77 16
172 31
223 160
281 295
213 125
9 388
274 156
362 173
93 313
223 95
252 144
40 5
32 136
186 374
78 61
34 19
339 335
133 181
16 69
320 393
107 322
24 46
114 333
62 16
59 364
161 198
16 116
303 338
10 133
236 51
17 70
101 110
97 118
259 296
52 9
12 270
23 120
122 323
307 344
170 2
4 385
281 199
234 41
99 325
147 188
332 392
170 33
289 181
226 160
360 186
43 51
21 132
12 14
96 321
110 331
311 325
202 201
348 185
253 285
32 9
226 44
31 129
260 269
211 93
148 294
149 24
27 115
103 327
305 377
19 145
246 166
280 211
193 178
39 276
274 190
76 42
158 121
278 253
226 143
28 121
167 5
338 381
257 254
50 372
140 107
203 381
282 142
284 292
198 371
193 202
146 183
281 281
337 372
141 197
131 207
200 93
160 33
203 179
308 381
74 5
7 9
234 162
326 329
169 33
269 152
290 137
50 356
142 277
56 44
166 269
278 129
12 53
101 103
32 137
160 196
11 1
165 108
223 98
82 11
159 269
64 2
171 366
323 392
28 300
73 357
124 330
118 324
159 35
136 185
147 14
168 108
21 142
159 88
53 1
354 185
82 235
198 109
163 193
305 330
283 144
19 22
323 373
275 307
310 350
218 40
32 3
171 278
28 56
212 123
325 17
13 392
241 162
267 242
88 202
194 370
236 52
76 205
291 194
368 185
265 273
266 290
234 154
114 336
268 150
6 235
156 5
266 286
73 51
76 47
105 319
164 6
83 202
81 235
206 203
12 255
5 253
305 381
331 380
327 28
97 97
259 242
316 384
65 52
72 101
137 370
89 108
14 64
143 98
288 147
115 390
326 34
202 351
208 95
173 12
350 195
359 211
18 255
6 397
79 216
320 326
202 90
11 51
338 338
275 192
247 143
156 266
283 307
20 265
122 360
278 242
150 194
13 396
195 383
85 223
6 241
198 372
358 204
310 379
193 209
136 378
114 371
20 64
332 393
290 205
87 224
310 38
49 349
80 221
186 202
279 217
16 119
216 22
154 203
312 324
349 206
163 283
272 284
280 148
57 368
192 373
152 296
47 46
80 227
5 61
248 238
253 157
138 97
135 197
22 53
133 368
33 289
180 25
17 250
186 207
232 19
246 254
287 131
40 281
288 156
359 180
77 55
232 36
98 208
102 106
313 344
139 209
58 36
214 119
157 113
99 122
298 185
75 11
330 396
320 34
212 111
252 248
22 79
235 139
287 287
274 247
207 88
96 105
68 226
228 35
203 368
287 207
284 282
68 3
245 36
136 364
10 7
209 95
142 114
205 373
355 178
198 182
321 27
280 296
0 245
17 140
64 338
127 201
179 371
237 154
239 169
224 34
122 361
154 18
209 194
327 360
262 287
264 268
9 243
131 374
223 118
262 249
223 20
89 111
66 62
104 100
82 234
124 321
33 294
69 38
216 110
226 96
320 390
251 249
330 328
234 155
213 89
153 302
234 142
307 365
339 25
111 332
59 9
69 209
173 19
130 365
332 16
51 56
37 283
295 184
279 213
9 54
134 378
256 284
183 367
61 9
2 132
16 6
275 142
5 51
162 106
71 99
351 201
55 7
278 293
264 256
307 333
246 172
91 318
29 19
276 273
211 118
113 371
250 158
128 384
138 104
204 192
267 298
333 30
32 284
81 212
277 187
161 183
183 372
214 93
149 183
159 20
154 89
175 379
5 144
26 272
300 208
48 47
190 373
313 318
212 112
129 389
241 171
307 21
127 321
73 62
232 33
290 166
187 375
126 372
167 8
72 44
254 286
367 188
209 206
196 370
22 77
275 280
18 385
11 238
267 283
156 283
11 125
266 260
328 33
270 203
162 289
164 19
369 203
22 142
65 352
317 325
60 5
236 18
161 94
30 5
281 215
241 22
72 34
80 1
69 6
96 210
96 206
55 5
322 384
320 330
147 8
144 374
167 293
230 32
98 323
371 195
167 29
264 231
24 279
321 375
294 202
307 29
313 337
55 11
155 9
333 369
187 186
271 260
104 321
203 361
31 68
31 293
69 65
77 96
77 367
44 0
301 332
26 24
190 382
6 117
315 382
153 113
66 224
231 30
323 319
48 368
323 383
83 199
101 313
309 386
276 306
166 33
325 375
146 8
275 274
45 53
72 215
9 263
20 137
72 203
325 317
224 54
345 188
57 63
101 330
242 140
330 332
361 191
249 247
208 97
98 101
166 32
28 7
107 312
78 227
195 370
304 331
295 191
284 299
112 335
26 51
164 100
272 305
198 359
286 211
197 352
65 371
278 184
329 378
167 1
41 5
22 3
140 282
70 65
63 223
216 203
55 373
16 286
159 200
166 285
122 318
36 134
70 201
260 306
262 251
200 122
249 260
222 33
11 63
134 196
151 207
285 210
50 369
193 356
69 44
53 11
194 98
130 193
277 257
325 335
52 365
326 383
98 115
10 130
252 300
12 291
176 6
16 292
171 29
350 177
103 320
120 311
83 104
328 18
43 13
70 39
201 362
280 304
85 4
94 327
45 51
172 112
348 177
281 141
67 63
23 64
36 4
97 109
16 44
151 8
199 208
81 46
200 202
165 293
67 45
285 157
75 230
230 47
348 194
16 61
7 1
157 203
151 22
150 279
47 58
18 285
23 44
78 212
147 187
150 191
75 359
59 371
21 60
214 103
200 107
318 368
282 212
7 385
129 185
358 201
194 350
84 207
35 19
28 19
63 374
12 244
15 48
211 198
305 327
138 109
283 135
148 28
78 100
273 291
52 348
111 359
330 27
131 197
70 51
235 55
186 195
116 334
294 154
9 132
330 353
15 4
144 198
244 165
20 283
1 65
161 275
165 31
321 19
142 108
80 4
327 349
327 323
293 216
52 50
251 171
247 165
189 206
11 142
68 211
339 187
274 262
150 275
272 237
165 117
25 143
19 79
348 203
148 119
229 170
158 14
76 61
209 184
259 261
11 148
72 116
327 34
122 311
95 325
284 212
157 286
52 356
243 50
153 101
29 146
26 45
267 144
122 359
188 200
329 384
290 218
327 41
372 182
271 208
373 195
168 95
89 125
230 37
313 30
159 265
110 323
206 178
291 215
58 357
87 208
166 288
57 33
204 358
231 37
222 98
17 270
74 119
240 52
374 193
205 95
333 321
84 203
15 284
72 2
80 116
12 76
353 200
23 42
325 13
66 37
225 158
56 344
350 184
166 297
159 16
366 206
115 362
61 60
294 204
99 121
235 43
79 93
156 107
313 24
268 267
260 159
325 328
80 2
54 33
234 149
59 54
110 382
320 22
27 47
228 31
200 115
102 94
203 374
82 18
279 129
162 272
212 209
317 361
245 41
219 120
276 155
203 371
118 310
95 335
132 182
304 206
83 123
149 19
225 22
245 173
203 373
58 61
65 6
95 94
286 150
274 286
50 50
301 333
57 355
335 342
74 367
330 392
308 30
42 9
204 356
11 134
125 392
85 112
313 348
143 210
81 109
163 186
82 216
154 13
60 11
197 114
5 284
82 89
184 373
100 329
57 34
128 379
155 267
154 88
132 379
91 320
261 279
154 105
300 192
105 101
124 382
44 363
203 104
299 142
285 144
152 106
138 387
192 108
154 265
349 181
135 370
279 130
323 341
151 184
205 355
303 194
81 108
207 186
328 339
253 293
289 197
198 205
152 211
58 34
77 228
319 379
20 62
146 274
316 34
316 341
304 326
29 65
312 393
21 390
290 192
12 262
274 165
209 178
191 206
184 386
256 306
220 98
293 135
142 192
30 122
7 114
173 277
165 282
359 194
197 354
162 3
290 132
210 124
18 119
238 53
35 285
270 275
248 145
21 15
75 234
272 242
293 208
106 382
11 292
232 163
58 9
21 140
107 341
87 4
316 319
146 277
222 108
199 96
274 201
27 17
151 280
239 146
281 289
2 394
332 326
223 27
43 3
275 201
225 23
86 205
9 389
226 109
197 385
277 205
152 102
24 146
307 379
292 136
291 158
261 236
61 356
280 200
82 49
114 322
73 205
229 51
276 217
95 120
306 383
279 157
160 103
165 279
284 159
85 225
103 332
214 196
105 334
255 287
328 377
109 376
15 136
269 277
278 197
89 118
112 358
214 199
27 288
98 333
155 202
35 273
158 88
109 361
109 371
95 116
178 7
74 350
72 53
245 172
21 288
313 385
253 148
15 44
253 263
73 61
59 339
16 242
324 28
170 27
12 284
14 65
155 114
173 377
234 139
30 268
140 200
215 95
289 207
316 386
62 368
250 140
13 394
68 4
211 34
275 154
277 131
327 386
5 62
27 127
55 359
32 63
166 272
57 60
325 336
274 297
279 286
192 189
87 199
25 285
238 20
130 363
320 14
14 146
18 126
185 188
257 158
9 270
215 35
261 292
177 276
221 100
317 346
150 286
331 339
286 292
273 209
0 385
318 370
28 140
239 45
208 101
292 165
119 361
189 367
59 41
74 10
7 231
69 373
242 150
254 291
150 183
220 29
228 161
15 74
63 210
95 101
20 134
181 379
204 113
82 106
13 261
21 396
236 143
303 198
196 371
75 35
68 369
310 373
285 189
157 121
333 334
270 142
275 305
32 20
35 64
24 125
214 179
135 206
5 138
274 210
73 22
164 5
265 238
313 12
63 343
164 88
113 327
324 20
112 362
255 264
106 368
7 134
101 100
298 210
316 355
372 195
81 115
314 386
157 14
255 280
262 298
81 15
16 298
32 272
0 121
16 64
221 110
34 125
133 189
298 141
111 380
287 135
21 65
98 321
145 118
217 196
72 19
335 371
1 234
160 94
12 117
24 286
159 182
270 189
39 272
291 211
97 113
193 195
329 320
156 84
149 103
58 19
263 245
153 26
286 290
23 6
80 198
215 97
28 23
59 57
235 45
328 391
111 310
171 275
201 355
76 218
334 19
198 376
19 399
188 381
13 148
82 218
232 17
16 113
89 232
67 224
82 117
79 233
92 311
173 10
8 46
34 52
293 185
281 211
154 210
29 67
366 201
174 95
99 317
206 211
16 127
14 132
26 281
70 214
54 362
203 362
11 250
3 62
336 42
54 38
200 183
233 174
5 139
128 364
254 250
351 192
74 53
14 9
283 196
322 358
33 266
20 288
226 152
64 7
99 339
195 206
52 55
278 150
201 117
286 166
58 347
21 281
293 189
322 31
337 383
146 207
264 260
318 331
164 276
17 9
288 184
57 352
31 300
74 8
82 1
251 169
279 243
276 135
66 38
192 352
126 375
81 352
255 168
311 349
172 20
288 148
65 38
13 123
267 254
129 380
115 378
235 44
312 340
5 392
181 359
18 283
20 1
313 328
284 165
15 118
167 30
22 70
79 92
166 300
338 377
152 299
352 209
307 31
175 375
67 7
289 189
60 362
332 365
172 295
95 99
163 13
226 48
284 143
243 168
243 165
4 60
321 327
174 17
105 376
225 146
341 21
27 136
346 208
331 369
343 189
27 22
136 384
144 202
162 107
8 123
346 185
16 396
66 3
142 116
267 155
151 213
71 366
4 52
318 392
311 329
183 371
242 34
301 149
312 10
78 18
205 372
283 156
339 196
163 291
192 180
20 70
49 64
162 90
71 230
233 143
17 72
45 365
110 374
212 200
18 6
191 359
333 367
268 311
268 257
295 139
289 148
248 140
78 8
88 213
171 3
239 37
125 317
28 273
46 59
237 157
28 266
5 231
272 298
156 106
242 147
78 345
258 285
124 319
194 349
372 192
287 151
172 7
90 232
326 397
286 285
162 293
266 300
310 34
159 107
4 69
97 229
169 112
280 202
165 286
296 144
266 306
38 295
291 151
78 2
77 52
21 44
69 9
319 378
75 228
1 381
274 307
270 273
71 39
219 188
199 356
7 66
210 210
328 352
309 393
36 296
280 302
196 367
13 236
176 291
289 153
173 32
155 113
197 192
337 192
117 326
65 67
14 62
192 109
259 163
266 238
54 340
339 34
173 8
234 22
80 101
311 15
88 108
214 204
30 65
22 396
46 44
215 36
44 364
63 366
143 20
180 360
156 17
238 161
327 361
101 117
240 172
223 17
7 397
116 341
14 278
77 17
138 99
138 212
273 300
164 285
168 4
123 389
3 396
209 371
74 15
309 346
283 305
4 116
14 7
335 331
67 371
162 11
277 276
99 309
72 46
325 326
71 367
260 299
303 329
120 384
140 206
254 298
99 100
268 202
141 285
305 326
76 46
334 343
182 350
305 27
11 132
133 359
90 122
277 252
21 148
302 204
238 152
216 36
21 286
54 31
300 201
301 207
233 158
203 198
235 49
117 315
78 111
198 121
25 123
27 132
241 39
342 179
52 40
170 111
280 254
279 278
15 239
132 181
350 176
258 307
7 148
52 47
67 366
318 33
135 389
244 24
27 44
255 248
227 111
147 272
29 288
293 134
286 164
324 344
3 59
316 14
91 104
37 280
265 250
242 23
132 367
166 1
249 236
318 15
315 369
72 232
64 358
283 281
312 364
70 17
18 49
56 40
10 121
34 292
186 375
156 21
184 349
235 170
335 24
326 389
270 188
219 46
19 301
96 96
162 16
297 188
224 114
97 112
255 293
92 219
161 88
89 121
22 397
341 202
123 375
213 109
267 303
19 116
130 372
255 242
217 193
6 249
226 22
330 38
275 136
283 189
155 288
296 155
263 250
210 93
215 190
224 100
191 184
274 248
171 273
96 120
137 193
321 381
62 64
210 33
284 306
54 338
143 179
143 204
178 355
144 207
232 40
34 126
258 146
71 48
117 364
60 360
14 292
326 351
99 330
311 365
189 360
241 35
171 9
135 203
336 392
253 295
258 148
281 209
277 159
303 373
169 285
224 109
266 276
8 294
338 375
28 264
369 205
242 41
212 39
269 239
31 132
124 314
79 89
167 290
27 57
273 241
177 369
314 376
171 282
258 280
57 347
212 45
330 368
294 159
72 61
169 281
113 361
38 284
334 335
168 271
138 111
371 189
330 8
34 275
196 116
153 27
364 180
168 26
3 247
69 52
56 52
58 42
157 32
210 177
179 28
320 346
29 292
17 134
168 297
315 388
315 36
142 380
16 117
98 212
10 253
289 183
248 42
250 168
310 347
312 33
146 186
77 58
267 141
94 113
306 347
292 208
38 271
94 326
192 372
278 201
235 159
10 62
27 71
164 274
363 197
152 19
250 246
194 101
106 379
123 330
332 330
280 283
154 282
311 362
212 190
257 258
255 235
18 121
256 283
22 56
180 353
361 186
81 354
214 181
324 368
331 342
199 364
55 56
285 217
241 145
318 320
215 183
212 104
47 38
77 368
171 14
241 32
170 110
50 62
361 204
48 50
91 202
83 215
81 5
171 5
20 52
19 150
29 290
254 259
69 348
213 120
214 43
325 390
370 192
340 381
32 283
64 369
210 111
126 385
164 37
240 145
269 204
366 196
6 243
21 8
141 108
77 233
56 14
214 28
323 349
235 30
213 105
275 193
93 210
24 139
47 350
129 375
111 306
237 53
74 221
322 369
337 27
68 219
26 3
22 263
8 396
278 131
160 281
156 116
22 139
312 41
228 105
70 45
152 11
205 122
281 145
63 5
29 267
24 269
281 192
56 354
321 395
11 2
261 265
210 209
9 234
331 333
78 119
38 13
162 196
172 287
92 100
123 376
213 192
368 184
96 119
15 388
275 261
260 153
11 287
12 65
38 270
147 112
249 155
261 230
8 66
83 115
24 398
196 188
36 286
131 187
332 362
76 108
140 366
30 278
5 395
25 115
358 173
74 57
127 192
363 210
201 211
24 278
178 361
103 314
341 381
248 144
84 220
175 354
141 368
320 24
157 91
153 270
22 115
308 20
175 23
162 8
341 35
248 259
80 202
326 371
322 360
141 289
7 276
69 3
265 237
12 246
161 14
266 198
317 350
298 198
12 250
20 122
285 286
191 202
162 21
58 342
233 149
74 349
248 255
285 148
140 197
14 255
200 184
65 216
166 118
149 88
37 269
257 256
56 374
243 163
122 366
188 370
284 188
213 25
52 65
130 370
80 351
113 326
268 303
57 12
142 107
145 187
261 300
97 219
324 393
290 200
75 207
103 108
199 118
304 341
89 222
333 323
199 187
314 365
153 95
227 39
98 309
16 383
124 387
90 203
276 274
192 368
95 326
276 141
279 284
347 182
271 281
135 364
78 225
342 201
51 360
58 340
107 304
149 120
190 372
272 210
279 206
53 61
2 242
292 215
334 377
49 41
352 190
172 93
13 119
304 380
57 18
3 237
18 274
236 46
111 337
92 112
192 376
279 296
90 226
19 290
326 323
68 349
354 192
219 31
75 60
251 168
118 311
151 211
68 66
23 19
107 364
89 326
107 319
20 264
132 383
24 288
85 117
151 84
28 142
97 215
71 362
147 207
108 365
1 58
130 393
257 287
266 202
10 379
69 232
124 386
303 339
53 32
226 41
271 236
154 283
361 203
209 115
364 192
369 199
167 113
243 153
210 183
32 121
96 111
324 330
314 19
274 282
108 372
250 264
225 41
25 47
291 203
333 22
0 235
99 324
1 59
195 117
33 297
38 17
247 157
364 204
6 134
287 183
17 114
329 383
154 121
99 321
259 241
57 68
348 201
198 93
74 105
178 14
325 15
314 33
18 396
355 202
155 23
213 113
152 117
335 345
328 395
132 196
268 208
117 320
157 274
250 261
321 21
29 125
198 118
66 64
79 230
311 26
182 366
166 3
145 283
200 204
171 274
258 268
27 121
128 190
206 99
33 121
58 31
52 64
109 370
99 95
207 102
21 62
112 309
174 355
71 19
195 384
66 20
336 386
116 337
82 206
139 102
44 46
19 2
24 8
211 193
272 246
269 161
79 213
233 20
159 181
210 94
120 391
342 27
290 187
9 293
249 144
63 67
307 350
335 324
227 23
339 182
297 204
305 342
129 367
63 372
10 67
338 383
14 254
93 101
70 5
16 19
228 53
269 299
123 328
268 300
89 91
370 187
360 183
278 283
181 370
55 345
59 32
369 207
131 200
164 33
35 270
35 295
20 145
155 197
238 21
74 371
171 25
296 186
175 32
128 391
263 280
198 187
345 205
75 115
128 371
5 386
195 201
10 399
247 241
332 366
5 67
119 336
241 250
200 365
30 120
237 146
137 360
158 87
152 281
36 126
105 378
271 212
134 205
344 194
20 41
275 150
41 1
272 211
238 26
309 332
283 206
54 53
254 243
70 361
291 150
165 1
55 6
124 380
158 268
309 337
270 286
98 111
75 58
212 204
337 386
62 50
73 48
314 344
77 215
145 16
326 377
139 95
137 211
252 289
345 206
99 114
131 375
306 33
8 249
146 99
247 140
221 199
90 328
162 291
84 223
270 153
16 239
364 182
45 358
22 41
315 344
145 104
185 190
20 136
197 379
7 260
87 119
295 133
19 115
150 22
207 87
145 207
7 242
92 227
189 204
17 132
126 326
12 1
48 62
229 104
287 299
12 72
288 284
278 213
326 345
197 378
173 107
191 384
56 33
104 315
169 282
15 130
275 308
64 214
23 131
106 375
169 6
187 372
320 345
284 204
150 18
33 274
356 197
108 384
228 165
257 156
359 205
10 126
199 382
79 114
11 133
160 113
134 375
368 197
87 6
19 69
16 384
105 308
61 375
274 285
138 372
263 304
57 367
136 365
161 204
255 252
181 358
269 310
112 321
107 308
87 233
65 41
296 203
224 45
162 32
186 373
30 55
43 281
282 276
176 20
235 167
288 209
279 215
273 238
219 26
257 280
8 234
229 158
285 149
320 394
325 337
215 114
103 116
320 36
102 92
237 34
268 276
256 231
132 191
248 243
68 6
244 175
201 180
87 91
254 146
277 151
272 291
270 234
218 196
79 118
197 189
327 36
26 293
65 22
261 294
102 314
264 259
322 11
97 314
178 359
267 249
132 356
283 302
208 360
316 374
224 44
273 190
76 234
14 119
192 114
5 72
71 227
156 18
27 73
195 192
25 56
251 155
167 115
328 28
147 118
64 217
239 30
28 74
321 341
258 306
150 199
136 189
296 143
144 106
114 320
294 198
26 43
122 355
211 205
139 379
166 91
143 277
270 272
95 91
216 187
155 30
194 107
268 149
300 146
255 283
218 107
71 110
168 28
163 111
273 286
175 9
346 187
321 36
91 219
146 273
290 155
88 96
238 142
273 260
292 142
0 52
150 274
40 17
357 204
14 245
189 370
67 36
262 245
319 12
362 186
63 11
147 86
187 379
0 128
164 92
24 14
255 261
354 211
268 191
278 251
336 370
231 164
189 209
277 133
266 146
344 197
43 357
169 113
280 300
162 99
60 1
153 188
192 110
296 192
54 6
151 101
100 331
323 348
251 239
4 243
160 264
19 0
346 205
324 30
83 107
10 139
267 310
331 328
5 130
112 361
21 77
336 12
255 263
6 64
32 282
307 349
235 169
270 285
17 125
52 43
116 370
199 103
278 196
77 102
216 31
325 14
88 107
8 399
163 18
199 122
279 219
34 279
190 369
351 209
236 28
198 214
23 16
28 282
29 115
115 317
154 3
90 118
149 21
155 109
8 229
282 288
330 361
148 199
12 48
306 384
263 253
226 54
10 244
197 108
221 189
242 163
66 12
247 257
280 306
62 43
99 340
262 293
105 335
322 38
27 283
72 42
188 207
13 76
71 101
195 107
238 27
217 197
208 191
191 365
311 339
101 105
40 287
137 209
334 336
77 98
83 13
110 364
169 267
343 199
19 285
172 8
58 39
373 194
208 180
127 392
86 228
14 18
42 284
145 18
139 377
62 41
277 154
57 37
275 151
269 294
73 112
280 215
171 31
316 391
0 391
347 207
263 302
316 392
215 105
342 189
368 176
346 207
236 48
217 116
118 307
43 8
203 96
86 118
148 108
331 324
269 193
298 149
91 231
271 251
94 228
91 330
150 276
170 98
245 253
7 120
78 203
237 158
191 112
60 357
138 96
15 246
229 143
28 272
319 364
299 188
91 328
159 190
286 190
0 398
19 390
80 356
39 282
114 387
15 278
341 36
223 100
11 251
340 378
145 289
150 176
12 17
80 234
149 180
153 86
147 182
132 197
141 176
9 379
205 178
151 187
245 245
43 356
142 95
317 349
325 381
369 186
245 171
178 378
253 262
279 188
144 210
281 306
88 218
253 166
347 183
13 67
62 60
82 6
161 37
83 223
54 44
10 143
306 348
73 212
275 246
93 223
13 124
71 51
325 341
15 150
150 24
117 367
11 399
4 246
164 4
16 275
204 195
151 274
132 180
371 204
364 189
260 239
125 371
72 340
333 366
298 215
167 292
173 364
235 39
280 303
74 357
209 370
113 376
312 322
254 251
168 3
31 268
55 356
72 47
141 192
323 386
235 138
212 30
229 144
175 274
214 185
110 334
6 136
98 339
236 168
49 42
143 295
153 190
154 269
175 4
57 40
341 182
190 357
223 42
196 179
59 18
213 24
283 296
301 338
185 363
246 261
260 241
251 139
62 366
42 0
62 342
198 189
324 389
324 6
105 371
87 0
315 373
266 277
256 160
28 116
161 25
78 42
57 344
304 330
75 51
218 39
70 7
13 130
150 295
159 291
113 364
89 92
270 143
27 120
149 279
268 277
240 138
99 92
73 40
113 317
26 50
6 49
290 133
316 389
338 19
133 197
161 99
337 20
12 66
21 19
56 57
267 262
30 62
289 138
92 314
116 377
85 99
297 198
106 371
179 361
155 265
267 138
79 348
225 50
19 15
7 381
59 30
148 120
224 94
188 185
246 256
237 27
56 45
270 293
172 99
32 124
71 222
1 120
201 378
29 145
15 392
69 61
269 200
152 120
134 199
119 388
162 191
152 3
276 261
264 290
327 330
170 99
43 4
319 324
279 214
349 199
177 356
10 230
213 183
69 363
16 147
295 183
140 97
61 52
247 142
24 62
132 192
163 20
92 321
123 367
95 110
171 108
241 163
81 94
20 291
210 112
267 139
213 97
222 162
308 389
95 115
47 44
72 50
258 303
299 192
5 383
138 108
216 92
21 6
344 190
162 185
148 286
25 6
4 397
158 119
196 354
185 376
199 91
4 239
107 377
200 109
120 389
100 341
139 191
10 52
11 392
12 133
68 1
216 116
264 273
72 64
252 262
187 384
12 286
35 274
191 196
257 232
10 256
223 158
308 324
154 183
29 9
267 257
92 125
209 97
267 268
235 33
278 137
100 308
220 107
82 5
301 210
171 32
172 280
312 28
2 247
22 123
367 182
346 182
289 198
307 368
221 53
294 185
234 150
271 186
274 140
16 71
4 399
202 189
202 200
258 288
111 327
168 290
223 152
109 307
56 348
15 0
336 380
104 316
0 63
18 1
271 294
80 54
265 239
52 354
32 286
15 53
310 387
152 200
247 145
18 19
12 56
210 189
135 209
16 266
67 353
333 382
26 140
220 36
30 144
295 162
14 147
75 53
18 244
323 395
328 35
192 349
334 11
276 207
146 119
239 19
74 345
200 378
157 3
302 152
275 203
145 174
266 255
31 121
349 189
286 156
270 284
144 104
114 363
326 382
167 276
316 22
244 253
354 179
369 184
229 156
83 226
157 25
173 292
272 260
231 163
213 202
29 275
22 50
176 32
355 193
251 286
117 375
82 10
143 117
28 135
114 319
93 99
62 221
17 299
116 388
1 62
199 115
226 47
270 258
262 308
285 287
336 346
117 312
16 148
74 3
93 208
0 58
46 366
19 60
338 379
205 108
287 149
341 382
63 212
142 111
37 7
319 9
179 376
231 38
274 205
239 34
262 255
284 286
136 359
19 268
30 291
59 12
118 369
127 196
14 244
151 209
297 146
94 102
172 296
113 341
92 213
80 96
200 94
76 357
137 104
28 138
297 156
193 369
291 131
69 371
359 182
211 124
63 48
124 376
273 256
181 24
323 23
278 147
257 231
280 155
207 210
47 40
127 387
183 198
188 182
164 287
87 234
302 330
283 183
142 106
164 94
338 368
145 293
362 195
276 188
198 374
342 31
116 313
226 40
164 101
183 378
290 212
334 41
156 12
173 93
95 316
330 11
68 40
328 381
136 204
82 94
164 113
61 34
55 368
335 333
268 238
312 327
288 289
228 158
91 324
126 196
325 16
169 24
333 339
355 186
10 247
6 59
253 249
10 16
312 332
51 48
188 372
243 143
144 17
70 101
328 366
310 388
1 396
174 97
9 385
4 145
284 138
316 12
120 357
154 122
150 99
127 193
344 198
148 296
264 147
161 28
101 323
153 293
269 262
32 71
274 194
86 0
160 31
169 283
25 21
14 133
20 386
325 391
75 96
148 4
173 97
54 346
269 289
24 120
230 42
307 34
206 183
175 29
256 280
149 274
238 158
198 95
81 49
34 138
111 326
173 3
137 203
30 9
17 117
268 159
16 299
276 154
9 259
69 51
33 17
303 203
89 7
183 191
145 205
159 287
76 36
153 269
157 290
192 210
61 56
271 259
266 278
225 165
269 288
279 156
2 69
309 28
206 374
127 366
33 124
338 342
239 29
328 382
327 375
130 201
85 1
29 268
88 232
19 147
304 198
166 34
109 106
198 115
85 202
218 27
176 282
22 78
308 344
11 275
307 384
329 389
274 258
18 384
28 9
237 156
368 207
77 203
149 13
158 183
15 241
162 267
202 194
32 127
338 34
197 383
320 388
352 206
186 186
150 116
235 156
11 47
32 300
101 92
46 53
308 326
52 4
7 138
249 164
96 89
232 34
227 96
145 288
202 197
342 206
104 308
101 310
92 316
314 34
34 280
40 286
173 21
275 275
11 138
358 208
255 255
243 142
134 202
344 185
126 391
316 13
348 175
192 186
164 36
24 9
338 13
76 38
201 381
3 234
209 182
15 41
239 42
134 210
231 26
205 87
5 49
202 380
324 349
233 152
17 128
57 343
283 153
80 357
41 280
29 52
259 252
151 117
85 219
134 192
52 53
5 64
80 104
160 36
65 47
238 52
17 282
155 294
278 210
195 113
156 88
10 236
208 200
106 341
283 138
94 220
243 257
113 322
69 53
185 385
348 189
243 49
205 212
79 356
160 290
304 325
153 292
88 124
8 386
145 96
208 195
139 184
226 46
232 153
196 115
59 58
72 57
312 384
200 111
12 136
207 177
198 177
353 210
339 31
267 150
299 138
241 52
135 379
84 198
170 35
1 130
339 21
280 166
267 231
69 64
315 343
211 91
263 237
249 157
260 154
165 13
64 9
292 131
312 346
249 165
20 148
280 146
330 367
155 10
314 28
28 296
6 388
78 218
80 216
58 68
74 114
238 19
55 339
112 373
18 251
8 47
277 250
104 110
283 154
79 5
202 374
9 396
216 192
102 325
137 378
18 48
16 51
56 37
283 295
85 9
260 297
180 375
232 170
135 360
282 193
79 358
146 204
321 16
84 103
36 291
43 351
341 184
196 376
21 273
25 278
333 387
318 350
274 276
117 387
338 333
162 95
356 208
75 225
206 358
272 160
318 353
66 206
230 156
152 267
270 302
266 244
62 218
151 293
150 29
27 66
0 232
82 104
84 4
44 359
35 279
251 235
68 41
188 209
206 196
77 110
30 18
87 11
161 195
12 232
283 151
228 154
69 56
328 354
246 143
131 372
295 157
47 369
203 107
18 44
213 41
4 73
41 279
298 161
103 313
207 189
134 377
1 250
6 116
313 36
60 351
29 269
323 333
206 179
61 1
215 24
154 113
267 294
29 135
27 295
10 15
0 129
260 296
260 298
217 183
367 203
0 138
274 301
324 322
24 53
164 266
204 108
293 217
40 6
224 153
94 216
71 13
171 10
291 153
321 20
240 146
146 275
255 291
3 45
61 7
354 174
32 72
152 6
202 185
319 20
203 123
319 390
150 27
145 190
139 375
97 307
152 98
101 335
257 236
32 123
317 321
312 335
318 34
196 195
54 40
191 362
253 284
203 92
19 112
73 1
310 323
3 47
271 267
33 67
28 139
123 393
66 216
339 192
156 117
286 159
320 374
295 148
228 143
122 365
51 354
126 197
19 11
63 53
313 18
311 327
239 140
44 43
293 184
348 193
29 69
96 325
198 211
252 252
291 219
284 288
24 67
266 292
323 44
32 65
155 180
59 347
276 259
206 113
214 34
12 11
269 298
317 30
153 94
364 195
331 43
267 263
307 345
191 209
237 35
212 186
237 22
166 277
7 387
119 323
340 36
317 348
181 378
44 351
208 362
212 42
327 22
99 218
136 211
34 122
236 157
258 151
322 21
275 162
331 338
8 61
243 147
324 25
160 99
170 28
41 14
103 101
294 200
316 30
207 104
93 122
19 6
221 35
138 105
327 378
29 283
100 120
213 30
275 144
28 131
257 244
83 116
154 179
335 15
165 20
65 357
279 161
275 159
348 196
31 135
19 142
209 188
98 216
129 386
48 52
50 347
79 42
146 98
222 114
30 46
317 40
237 165
263 297
253 239
33 271
78 234
281 136
65 11
92 323
11 46
128 389
277 185
106 342
227 115
58 65
317 337
167 4
214 25
209 94
100 337
206 359
78 198
205 203
52 49
49 52
274 162
56 338
88 101
158 30
253 152
17 394
335 329
93 125
321 351
308 375
206 364
171 280
280 205
298 212
188 193
13 395
145 212
247 253
321 332
61 36
229 151
288 149
60 10
163 95
96 226
117 390
210 30
198 98
9 127
243 161
31 290
268 161
215 205
54 364
246 43
274 298
285 212
147 115
30 300
309 387
0 59
298 200
214 203
317 23
319 343
22 65
308 333
309 37
298 136
253 268
288 163
278 299
32 58
52 48
64 351
328 346
9 144
35 14
95 118
67 18
329 11
11 395
328 349
136 187
143 276
22 59
293 160
309 326
225 105
274 212
11 387
195 354
315 336
27 16
344 182
326 347
152 35
288 213
324 390
167 278
135 362
317 375
206 209
26 7
193 110
205 204
152 199
145 199
249 245
11 58
229 52
229 45
268 196
230 54
12 64
107 105
155 287
189 194
101 318
59 63
77 48
139 186
254 284
10 6
117 360
155 87
152 287
356 188
291 146
106 326
97 218
307 36
335 364
304 371
156 9
172 1
3 145
229 105
38 19
81 233
9 232
6 56
90 94
313 324
198 110
171 90
208 370
27 275
231 34
18 67
214 41
54 66
293 154
17 78
202 355
147 208
164 275
325 348
15 384
235 34
31 133
156 109
244 39
158 199
278 132
344 206
88 234
284 296
209 364
270 154
159 18
305 332
297 195
126 319
276 284
313 338
157 103
262 266
17 245
142 278
67 360
146 12
164 195
200 186
326 42
272 258
250 156
28 71
334 376
115 389
25 137
182 370
12 135
73 233
4 265
68 7
170 22
204 102
271 273
344 189
258 240
185 374
42 13
261 233
122 356
3 128
227 35
156 204
228 50
119 310
152 295
23 395
328 343
249 248
142 205
74 37
217 33
63 13
124 390
127 188
199 214
367 187
66 67
30 132
123 329
123 378
206 199
45 354
103 308
23 287
311 38
97 96
137 101
337 196
174 367
201 202
146 90
109 380
362 183
263 296
14 75
10 137
279 151
302 205
358 192
340 196
269 144
374 186
194 103
303 345
17 142
320 396
355 181
72 35
113 366
206 87
236 147
257 261
77 357
110 368
72 344
302 329
177 283
102 326
212 89
155 196
16 114
141 381
266 147
120 330
146 7
148 19
184 194
110 365
63 347
61 338
191 379
119 315
276 307
315 320
11 381
177 16
193 349
25 265
52 343
259 237
122 319
35 65
161 276
5 263
281 286
27 118
270 193
329 326
109 330
101 99
171 95
149 23
155 91
83 112
320 28
54 369
248 149
327 329
216 200
55 57
260 295
290 215
24 274
26 14
27 300
26 270
277 190
328 362
314 323
70 359
118 335
101 102
204 97
76 346
50 352
288 164
174 281
90 125
66 340
309 335
286 189
50 64
13 44
241 169
10 234
14 293
333 372
77 51
104 326
214 109
96 311
143 114
162 186
86 210
123 317
44 357
314 339
14 57
71 370
320 21
242 22
295 214
267 287
353 194
298 138
134 390
152 20
294 151
69 42
89 113
205 104
340 188
141 210
142 110
326 380
112 334
263 307
227 17
258 257
282 297
8 241
320 368
173 293
212 46
116 365
32 269
150 93
37 288
77 362
220 37
144 271
277 167
146 13
276 185
338 196
361 210
315 374
78 355
143 93
106 338
195 183
17 278
286 139
159 31
107 334
94 333
334 390
209 213
70 231
90 331
220 22
112 379
134 182
281 203
279 247
224 96
16 399
196 352
15 258
159 263
373 186
181 366
256 265
142 18
193 348
81 220
22 398
21 56
10 117
189 187
71 37
207 366
275 292
274 259
146 297
108 335
28 281
273 273
196 104
25 121
332 343
202 91
162 92
25 57
196 212
27 299
73 363
272 236
28 46
9 279
13 53
317 382
171 27
82 108
88 6
311 320
205 210
155 181
264 233
34 63
139 211
130 181
216 105
118 332
274 131
272 253
285 190
312 345
76 228
95 321
243 146
90 117
200 105
121 378
301 192
192 385
331 15
69 212
20 272
348 207
41 286
189 350
22 269
167 106
287 213
74 54
278 250
333 21
295 164
63 353
117 339
32 10
246 144
97 115
279 158
68 31
106 376
227 155
11 284
162 4
128 369
172 108
287 143
29 132
18 79
195 373
303 196
35 292
323 394
64 341
284 163
263 276
263 279
180 361
277 130
153 189
181 22
26 280
77 369
70 8
239 166
230 44
7 122
119 358
213 26
24 19
217 201
92 221
70 111
194 177
16 42
360 211
362 192
142 112
265 236
314 21
265 251
89 9
213 29
278 282
213 91
272 290
166 87
135 371
244 257
17 390
151 116
40 2
336 334
337 385
103 315
172 101
103 100
142 177
258 267
61 39
315 332
216 45
161 302
358 182
45 7
291 144
240 153
319 361
166 22
201 379
75 46
65 68
68 356
150 109
206 111
106 337
205 125
25 290
1 241
73 351
58 59
139 194
128 357
204 206
23 292
350 183
277 163
335 328
206 105
240 165
23 278
257 146
65 18
318 28
83 209
77 111
252 238
259 280
31 289
139 190
211 40
323 34
12 13
76 230
290 158
27 46
174 8
4 126
317 354
319 340
224 50
6 70
60 20
152 177
238 175
8 292
300 190
302 144
23 127
198 183
155 211
196 377
121 369
299 194
19 65
351 207
248 240
6 230
28 267
271 152
341 18
142 374
321 14
10 4
246 255
207 105
308 382
60 12
156 185
173 274
338 22
54 368
275 194
70 20
95 122
105 336
21 48
113 331
156 290
134 383
146 192
23 57
190 363
335 381
329 365
198 91
164 190
25 4
243 248
137 362
219 23
92 223
173 9
289 214
142 198
2 63
160 291
145 19
135 378
9 137
234 54
196 353
97 206
251 256
307 342
163 104
60 372
105 96
93 322
182 376
272 132
48 355
39 285
69 47
37 14
63 30
266 258
4 136
23 45
27 76
261 249
356 207
273 198
318 387
152 2
54 36
284 293
99 221
241 36
265 266
287 152
8 124
215 204
229 160
326 9
319 10
138 378
64 61
340 384
213 110
1 141
208 96
189 355
309 365
156 269
157 116
281 302
153 6
98 330
169 13
97 207
14 45
131 192
250 235
59 357
332 394
19 251
317 38
73 53
221 194
106 319
80 213
315 345
277 191
150 296
99 101
188 367
22 68
77 201
209 202
10 272
336 384
272 159
12 249
170 30
157 36
43 360
366 188
97 325
84 228
76 113
76 370
277 242
210 125
275 208
103 329
283 129
34 1
206 198
156 198
20 3
182 378
269 276
306 326
10 293
158 102
59 62
319 23
156 25
103 330
199 380
206 213
19 299
87 120
154 266
191 366
258 163
96 308
224 43
277 207
189 380
13 142
192 111
347 208
139 204
233 155
54 57
259 164
51 51
34 286
60 368
117 317
178 289
139 111
340 204
76 106
162 302
55 8
115 385
244 247
206 96
160 34
200 176
79 8
27 296
79 366
257 253
336 326
76 55
33 123
7 62
274 296
321 30
56 346
39 280
193 364
92 93
67 230
275 294
283 283
76 217
257 266
130 360
281 308
3 68
150 288
260 282
16 394
294 192
5 240
108 386
136 199
95 90
11 45
5 59
78 201
166 7
128 373
14 60
16 271
15 288
167 297
70 369
34 15
15 20
24 43
151 201
85 214
244 137
156 32
230 51
370 185
143 193
373 183
322 339
339 336
82 120
104 330
268 205
326 341
25 146
85 235
81 2
340 193
125 332
14 280
190 183
92 333
103 97
10 394
319 40
244 241
168 106
294 145
314 370
3 142
250 169
277 255
116 319
79 2
331 42
118 325
92 326
0 381
277 285
96 320
282 189
311 23
144 96
157 265
197 181
158 115
238 155
310 340
314 390
195 204
153 5
226 146
60 44
102 341
74 104
27 62
90 319
11 118
190 350
101 312
12 288
132 359
172 33
212 124
72 364
202 103
295 159
327 347
10 78
139 176
374 197
214 197
55 54
13 12
174 2
7 391
365 198
246 162
96 98
10 269
247 152
251 158
197 376
280 190
209 106
124 378
322 334
193 103
163 101
281 292
324 318
286 298
326 37
29 280
12 129
290 195
75 233
266 296
263 246
252 284
197 366
48 349
222 99
320 380
77 344
310 27
201 382
253 243
58 344
327 13
84 15
82 15
209 87
265 234
139 108
156 101
288 211
333 43
166 266
142 382
202 121
19 286
102 113
270 260
79 204
275 310
70 352
88 117
74 343
61 367
353 211
201 89
83 94
116 368
337 193
167 10
175 103
158 288
345 199
276 239
24 293
124 326
120 388
104 95
20
