12
2800
14
100 110
23 99
84 48
179 17
28 205
137 162
247 231
197 104
299 284
62 250
43 135
96 262
61 254
181 26
297 278
82 60
33 137
31 198
63 254
57 254
92 269
144 167
172 14
77 46
79 52
241 238
79 45
287 286
30 101
96 101
34 193
175 19
237 239
254 225
130 166
245 224
92 251
189 102
25 204
101 116
77 36
167 10
85 269
24 102
89 108
168 13
106 259
46 131
146 165
198 105
133 149
240 227
250 229
82 51
242 226
254 221
146 156
196 93
251 240
74 46
54 258
85 268
185 108
90 53
86 265
73 52
249 219
40 134
179 15
80 37
29 93
92 44
186 22
254 240
109 259
92 45
15 201
97 258
127 153
238 231
179 25
34 129
27 92
102 97
103 122
103 109
27 205
59 238
239 238
145 155
18 201
93 56
106 114
12 106
205 110
294 271
11 101
169 22
91 56
52 143
98 272
39 134
110 112
251 244
73 257
110 110
200 104
32 143
20 94
28 97
30 132
22 203
259 227
145 169
204 93
130 162
96 106
200 91
38 136
106 262
175 5
29 103
33 134
194 116
16 97
100 115
97 107
35 193
295 284
236 223
91 48
35 207
192 92
39 139
56 244
101 252
94 51
22 196
240 238
297 280
82 45
181 17
30 218
101 114
139 173
253 227
84 49
171 6
198 92
141 156
207 113
35 194
168 24
73 47
19 213
32 89
194 94
112 104
289 286
51 145
61 246
92 258
191 106
37 138
25 211
35 217
299 271
134 169
31 136
257 233
147 166
93 43
246 240
58 257
252 244
205 111
101 99
148 164
81 49
89 252
36 126
295 272
19 102
37 205
94 49
248 226
89 61
31 209
90 118
132 175
206 97
177 7
247 240
107 104
86 38
101 103
250 241
107 107
40 129
74 41
106 255
239 228
72 48
113 115
110 105
241 235
94 267
81 48
236 238
170 20
18 110
101 264
50 123
77 52
74 253
15 207
138 150
89 46
85 53
25 202
25 94
19 105
92 250
30 130
95 100
181 7
92 253
36 142
101 101
239 220
106 115
30 205
287 288
147 167
180 25
47 128
289 282
25 105
108 262
181 12
137 154
55 137
93 115
76 57
78 42
16 207
39 148
37 127
192 102
59 250
108 111
45 125
143 168
188 12
189 11
237 236
296 273
36 101
86 40
102 111
189 107
36 133
290 288
185 101
189 95
88 111
184 15
18 91
73 40
24 217
89 269
98 253
50 132
21 95
237 223
14 94
22 200
87 264
97 272
104 101
96 49
91 260
10 98
68 248
172 12
131 170
47 125
45 139
44 125
74 49
16 201
180 10
75 251
141 162
106 264
187 99
238 228
49 254
112 110
22 104
57 261
29 96
129 168
196 108
52 141
84 51
237 233
105 119
254 231
238 221
206 100
204 109
105 100
193 92
194 109
235 236
18 203
249 228
28 218
137 149
88 267
241 227
30 89
173 13
34 101
100 117
20 206
36 127
72 42
104 270
208 108
248 218
141 150
113 108
187 110
19 92
86 49
101 113
187 20
94 266
296 296
93 267
30 209
21 212
84 269
28 207
138 171
34 126
34 145
188 94
144 164
252 229
139 161
101 265
52 125
72 45
172 20
71 243
66 261
175 20
69 240
132 170
287 287
171 25
62 241
255 225
101 250
39 131
140 165
135 171
178 15
35 98
75 58
105 118
192 17
52 130
33 92
131 169
250 243
134 152
25 91
99 265
138 161
100 259
53 249
293 289
34 195
90 111
35 138
75 53
96 98
34 99
85 44
136 168
123 162
70 248
86 58
176 19
200 108
189 20
182 10
203 95
94 42
239 221
18 202
66 242
289 277
27 94
16 106
17 89
50 140
293 292
34 131
92 57
200 98
184 13
63 246
249 224
174 9
93 266
206 112
48 145
184 14
29 110
201 99
192 22
241 222
54 245
84 258
66 239
50 130
248 233
60 245
92 121
177 10
248 237
184 8
295 281
60 238
40 208
96 273
133 159
171 7
196 109
180 22
130 155
178 10
243 230
241 234
27 209
180 19
10 102
18 95
60 241
89 55
201 91
42 127
240 220
102 110
147 154
21 91
296 275
130 172
105 105
94 122
20 97
177 29
147 171
31 142
197 90
199 115
70 245
28 110
233 231
92 101
34 213
86 57
23 208
96 275
170 24
182 28
58 248
14 109
295 278
144 151
105 253
243 229
104 104
51 142
81 40
247 229
94 256
140 155
53 248
200 102
89 42
81 53
257 240
17 204
98 257
290 290
76 47
26 205
248 241
196 112
22 197
201 116
143 172
70 254
201 93
57 237
39 127
204 103
134 159
287 279
106 269
240 228
95 42
35 106
291 291
54 241
107 112
42 131
295 285
193 111
43 132
75 38
33 208
91 258
88 44
25 192
103 113
131 158
181 9
89 267
297 277
189 99
86 266
257 223
195 116
188 98
131 154
188 96
49 130
40 148
106 258
209 110
29 90
62 257
90 50
183 7
19 99
90 55
62 246
101 273
294 274
111 111
191 15
34 132
127 168
33 198
138 168
202 107
238 239
260 229
21 106
38 197
199 94
291 281
32 136
26 107
38 199
51 126
190 113
72 43
51 258
97 109
95 120
31 93
23 90
57 247
89 59
194 91
168 18
292 286
112 106
94 250
101 118
10 95
38 213
110 118
41 136
90 119
185 21
76 44
97 263
36 134
41 204
27 99
142 153
13 94
92 266
247 225
251 241
241 240
98 118
50 125
39 204
135 152
21 99
187 109
73 256
74 45
85 54
179 14
53 244
255 224
195 100
139 170
46 137
40 146
19 214
90 115
146 162
80 54
36 211
56 251
47 136
20 99
101 261
103 269
76 56
15 104
294 293
102 109
55 261
69 255
41 207
72 244
190 105
27 202
93 272
92 43
28 112
109 105
32 94
187 103
24 107
174 10
108 109
48 132
33 199
234 236
71 245
23 194
39 126
26 90
74 51
47 138
84 261
94 255
78 44
99 261
31 99
102 259
88 271
144 154
46 129
126 159
142 157
100 254
196 104
168 14
89 118
36 202
16 98
28 94
90 58
110 117
95 117
91 262
35 103
142 156
298 279
32 216
288 276
31 135
255 241
184 99
149 155
33 127
31 206
90 253
97 111
252 235
185 97
66 263
19 110
189 111
42 125
295 283
94 274
188 18
19 196
25 110
53 143
108 106
93 265
140 170
88 106
100 264
24 212
201 113
64 243
28 88
294 291
84 34
77 50
185 7
184 20
85 56
75 49
201 103
111 105
41 124
87 38
251 219
55 251
73 51
133 151
178 26
87 112
91 253
31 217
99 259
200 115
196 94
86 59
50 245
209 100
128 166
298 287
40 140
109 114
168 10
25 209
134 168
87 60
128 168
98 102
138 160
173 6
78 38
91 266
63 247
135 160
70 240
98 252
185 20
291 277
13 92
94 100
33 140
44 144
80 45
34 207
38 148
63 261
29 194
50 257
76 43
293 284
291 284
59 260
29 199
37 206
112 108
189 8
287 280
95 54
95 119
48 143
29 217
185 10
148 161
147 164
107 255
61 251
35 134
195 94
183 14
39 125
35 206
174 12
244 237
63 240
32 138
58 260
64 241
84 268
251 233
173 10
106 267
193 96
239 229
13 95
240 240
286 283
58 246
34 136
107 108
246 233
48 129
22 206
108 116
109 266
25 203
24 210
235 231
85 264
21 107
95 102
140 154
112 107
28 87
19 212
29 105
209 106
105 101
30 95
21 105
183 9
109 104
181 15
35 142
238 222
190 16
50 253
173 18
29 211
197 108
44 140
50 251
145 152
15 105
128 155
31 207
171 13
24 201
191 21
56 132
33 204
253 240
83 264
188 25
41 202
88 46
29 193
100 112
71 257
93 270
61 262
190 9
195 103
42 132
188 19
140 175
55 262
199 110
251 227
98 255
23 218
169 20
125 157
40 138
106 263
140 161
83 46
192 101
93 271
90 270
101 120
36 203
249 234
32 196
178 5
85 41
83 48
100 123
176 26
24 199
107 266
102 118
170 11
210 103
210 99
245 219
77 47
290 278
77 59
27 198
106 105
42 147
102 272
179 30
54 249
99 264
177 16
255 239
183 17
19 96
65 247
20 87
22 101
103 111
110 116
42 138
45 147
77 54
259 234
94 107
69 251
56 240
26 201
64 240
254 239
18 210
240 242
135 172
297 296
202 93
96 248
169 23
113 111
76 53
73 242
178 14
62 259
126 161
100 269
44 143
47 122
54 143
21 214
201 101
102 271
178 27
104 255
33 218
109 262
96 123
239 232
22 202
112 116
183 19
63 248
96 119
190 115
182 30
241 221
241 229
113 113
143 162
145 162
174 28
80 52
100 96
25 96
182 12
94 55
97 47
96 255
299 283
101 117
183 22
53 141
61 260
138 174
293 279
17 203
189 10
93 111
35 139
55 130
73 54
242 235
185 9
92 104
296 294
66 247
243 221
91 256
132 169
124 164
26 214
296 280
237 229
168 17
88 256
27 218
133 160
293 288
48 147
293 293
137 170
33 217
54 246
95 123
197 99
98 275
32 209
93 264
107 267
71 256
143 152
78 40
131 167
100 273
250 236
29 99
21 86
185 24
40 143
62 238
72 41
56 259
108 261
32 134
85 42
177 5
66 248
109 115
97 274
29 200
33 195
76 37
42 140
171 19
185 6
37 124
40 124
239 237
108 118
252 237
25 210
90 257
36 99
125 168
30 211
148 158
38 134
99 108
96 103
174 27
142 162
188 101
179 31
37 147
71 45
131 150
26 196
298 273
141 174
82 58
92 52
196 117
178 17
45 124
191 100
46 124
15 210
198 96
207 103
94 111
194 113
295 275
56 254
95 109
147 155
21 208
82 36
25 207
92 262
298 293
29 89
34 144
239 241
186 96
248 244
144 161
30 102
12 101
113 105
186 111
92 40
88 261
56 248
24 110
125 160
205 104
253 220
173 26
74 54
34 214
63 245
166 16
126 160
186 17
190 92
28 111
178 12
72 249
177 20
242 218
90 110
237 235
38 128
293 281
40 123
128 162
289 291
146 166
131 162
90 44
31 137
166 18
197 109
28 108
195 91
209 104
70 249
176 8
197 107
148 160
171 24
92 53
33 214
100 119
36 125
254 226
166 12
49 136
201 94
61 250
58 244
244 240
85 265
62 258
60 260
40 201
47 130
83 258
181 6
107 105
90 107
28 210
21 92
44 145
103 256
42 137
59 261
298 284
169 26
149 164
24 215
27 105
40 147
103 117
93 39
130 154
292 294
292 280
48 130
35 136
151 162
15 92
141 165
23 199
92 256
68 253
125 155
37 201
22 100
194 115
77 51
84 62
30 204
133 170
296 290
35 101
110 106
296 272
94 259
36 210
79 57
238 235
54 140
104 254
244 227
88 104
32 127
28 109
40 125
64 261
183 23
94 109
28 103
256 222
59 240
21 204
204 113
69 250
81 61
64 249
41 142
48 123
184 10
30 105
168 21
247 241
104 259
82 50
15 103
29 100
192 112
80 47
20 111
134 162
47 146
147 160
132 156
192 12
102 107
194 114
90 272
253 224
55 239
35 102
132 164
89 52
61 256
51 244
53 251
55 245
74 44
257 239
106 266
124 160
239 242
101 274
86 55
210 104
187 7
93 99
57 255
135 168
201 95
88 269
189 112
56 130
42 122
190 111
68 255
29 108
90 265
105 122
49 131
64 250
85 35
46 123
241 232
105 272
199 99
37 203
63 242
243 235
92 249
26 193
130 171
63 259
38 138
258 228
251 235
96 252
93 273
58 245
99 107
64 253
78 36
36 209
29 195
25 103
129 160
191 102
27 89
37 202
35 131
23 204
31 97
19 109
246 241
30 99
55 244
85 254
96 52
30 200
175 6
173 20
38 141
126 166
197 116
245 239
143 157
140 162
31 199
190 10
240 225
24 218
94 52
254 242
25 197
20 101
192 13
190 100
146 163
28 203
111 107
22 108
192 115
20 104
24 86
257 232
53 254
170 23
46 142
150 164
174 18
185 109
128 153
105 266
82 56
99 266
23 96
128 158
88 109
149 157
33 100
23 206
90 264
125 167
93 274
138 149
71 47
104 256
92 50
53 130
35 216
53 255
292 273
297 285
93 261
29 197
239 222
110 114
129 166
65 250
253 230
184 25
27 98
146 153
52 255
87 270
60 248
298 278
17 95
17 200
295 276
191 99
189 106
31 139
252 224
168 19
239 233
95 116
65 258
32 105
13 101
191 116
91 254
27 213
61 241
33 210
68 250
234 232
99 260
104 114
32 97
240 235
98 251
91 118
57 258
134 155
96 274
29 135
14 96
90 113
26 92
257 234
31 96
104 112
236 227
192 96
250 219
130 156
25 89
243 239
13 96
243 231
146 171
128 165
85 36
202 113
248 229
95 41
182 15
79 37
23 201
50 138
67 241
242 225
97 49
169 13
90 42
239 225
92 59
113 114
198 104
85 39
60 243
82 59
58 259
237 224
67 255
138 164
179 8
72 243
48 250
51 130
196 92
69 260
34 197
204 99
94 101
88 262
21 98
19 107
80 56
290 292
75 247
239 240
250 222
183 24
92 119
51 250
16 109
195 109
298 276
101 262
182 22
22 214
178 13
85 258
236 230
49 246
291 274
290 291
80 51
88 252
103 255
251 230
101 111
28 191
19 200
88 52
22 205
29 209
104 264
206 109
180 6
124 167
94 116
97 122
92 267
46 122
186 5
81 47
181 23
75 253
21 210
177 22
246 243
174 19
255 227
90 109
248 227
40 199
241 237
44 137
127 159
65 237
148 157
24 94
138 151
138 153
105 258
142 174
40 141
112 111
103 97
53 257
193 114
196 95
25 86
141 154
28 90
19 205
107 99
39 203
88 259
20 108
27 206
129 165
66 262
12 94
87 49
244 241
136 174
94 46
86 271
253 219
108 114
101 270
98 115
83 44
49 252
190 116
259 236
77 57
292 296
91 113
134 165
16 200
48 142
257 228
31 132
137 156
74 249
189 104
169 10
27 106
249 232
60 251
30 197
94 257
45 129
56 260
51 138
98 108
109 109
292 279
67 243
17 92
84 255
100 262
53 252
94 99
183 15
247 221
32 139
13 97
141 152
298 283
131 174
89 262
23 103
27 87
102 253
289 276
177 8
206 98
61 242
29 98
32 141
25 206
62 255
72 242
130 164
103 121
140 163
173 29
55 254
200 113
257 236
16 204
88 260
174 13
54 132
187 102
235 238
46 139
51 129
54 128
252 220
14 97
204 94
34 96
87 39
293 287
28 101
107 122
140 167
175 4
77 37
65 256
40 133
102 254
204 102
33 91
185 28
13 102
94 53
23 89
182 16
176 18
100 263
56 247
72 256
135 154
101 122
142 152
26 209
14 91
70 258
203 93
85 270
243 222
297 291
44 136
51 144
35 199
96 269
140 152
168 9
93 103
136 156
55 128
168 15
207 109
65 238
98 274
93 251
22 107
67 248
184 29
17 209
104 267
204 108
34 135
103 104
92 115
205 98
188 15
253 236
144 165
75 42
32 194
143 166
167 12
196 100
31 92
72 51
135 153
87 114
97 259
245 230
141 167
92 109
172 28
177 13
124 159
106 104
132 166
19 106
94 272
91 265
22 193
137 163
256 232
75 47
298 286
44 128
37 196
75 55
96 45
178 22
82 37
201 117
31 213
194 102
53 140
35 197
65 241
85 257
38 204
49 249
15 206
181 10
209 102
89 110
17 101
186 6
186 109
137 174
256 223
92 38
95 103
25 198
76 40
137 159
83 263
108 100
197 111
291 290
179 16
66 259
82 61
290 287
103 250
78 48
185 14
92 42
172 7
101 112
190 99
21 195
93 106
88 254
187 113
249 225
58 254
24 96
98 104
33 194
95 256
93 105
91 275
83 257
75 54
106 98
20 201
146 164
50 139
176 20
47 141
34 215
87 58
249 242
54 256
41 138
40 209
292 293
103 273
246 244
74 40
55 242
99 111
258 224
69 244
27 211
26 206
67 260
188 100
36 140
88 265
251 228
200 112
176 15
256 230
235 225
242 240
90 267
97 275
255 221
38 139
25 213
144 166
63 256
28 206
87 52
166 21
55 241
51 134
189 113
91 50
73 252
25 112
174 7
299 279
244 223
36 204
10 100
188 14
59 247
246 227
46 136
249 243
30 193
99 267
39 136
65 245
98 250
23 210
34 208
167 15
52 129
36 96
169 16
178 6
68 252
59 257
139 159
97 273
105 271
99 110
187 16
140 156
250 242
24 90
188 26
55 257
80 59
183 20
188 20
176 7
139 160
176 14
33 99
26 99
94 268
94 108
101 268
136 167
206 105
88 110
65 252
189 19
97 103
85 40
39 124
91 53
28 93
90 49
192 95
248 235
102 265
66 240
110 115
91 251
30 199
149 165
132 168
50 141
185 100
94 270
29 101
246 222
239 227
194 117
51 136
48 127
73 251
190 18
32 204
102 119
95 265
205 114
246 239
50 143
71 52
74 56
144 159
62 248
137 164
244 224
27 90
190 21
92 41
105 102
18 98
238 230
56 256
135 163
186 27
95 264
20 196
105 265
287 289
290 281
57 256
14 95
137 169
77 39
93 250
92 116
254 227
299 296
90 273
235 224
258 236
257 231
85 59
259 231
95 122
34 93
91 54
294 296
106 102
186 13
15 93
51 137
104 120
37 134
289 284
186 18
96 105
38 145
12 99
81 52
91 102
190 20
30 93
167 16
141 159
36 138
37 139
246 231
186 24
98 270
148 156
109 113
54 129
292 276
92 112
74 252
132 165
191 10
71 258
37 146
48 138
200 110
106 122
19 86
87 265
30 96
94 56
79 38
45 133
96 97
27 104
236 234
100 267
105 123
97 270
37 198
141 170
86 42
95 250
175 28
111 106
86 263
49 127
14 102
24 109
60 253
189 103
257 226
139 156
183 8
92 39
20 209
90 51
173 17
18 211
105 262
54 136
41 146
87 46
32 203
245 227
35 133
202 92
200 95
45 132
98 263
69 246
80 36
88 113
182 26
238 223
141 157
105 269
108 117
23 197
49 126
48 122
183 6
43 140
145 165
251 238
204 107
54 261
47 132
38 137
87 269
96 263
17 199
18 208
202 91
249 222
192 109
91 271
31 101
245 241
32 130
15 209
145 170
299 289
32 193
39 122
251 226
294 277
32 102
174 5
27 196
250 221
26 197
259 225
241 241
65 255
124 161
56 241
135 158
101 271
179 6
294 282
174 29
31 196
135 150
288 280
89 253
84 257
23 113
183 11
51 242
13 107
76 46
136 158
188 113
105 97
108 269
27 109
192 99
33 129
72 52
236 225
128 154
97 98
182 25
247 227
17 213
45 127
96 267
256 241
100 106
175 29
102 270
64 251
54 242
18 205
72 253
299 292
97 253
173 15
54 141
251 239
72 255
37 125
71 242
89 261
49 253
99 104
98 105
196 99
22 194
95 104
36 130
71 48
39 197
57 246
182 17
288 292
91 250
51 125
128 156
130 173
18 204
18 108
246 220
180 27
236 237
133 167
20 200
75 50
77 60
24 205
95 258
22 211
97 262
146 160
188 8
17 94
95 45
196 101
85 266
81 51
257 230
35 125
29 95
172 23
39 207
40 203
20 90
81 59
201 105
136 155
98 264
83 39
102 268
43 144
107 101
78 50
25 205
102 106
38 143
183 5
100 105
45 145
196 98
113 109
28 102
35 132
34 102
250 233
92 261
28 213
23 93
175 7
207 99
56 139
182 9
23 217
22 216
90 260
46 143
92 114
70 242
26 215
192 14
53 243
59 244
149 156
22 198
71 260
34 104
256 227
288 284
150 157
97 266
77 58
94 44
107 110
234 231
109 260
259 226
20 213
190 24
170 17
29 218
102 123
202 102
90 38
104 266
30 216
237 237
124 165
31 103
254 236
22 106
60 254
53 134
289 290
207 98
49 139
97 51
45 128
29 107
45 130
89 258
52 137
76 42
65 248
144 155
88 270
176 17
196 113
50 246
103 116
139 150
30 109
109 107
294 289
246 219
130 167
39 142
191 105
101 110
139 171
86 267
114 110
67 249
245 226
187 22
89 37
70 259
39 199
76 58
203 101
63 260
19 90
30 91
134 151
47 142
144 169
92 49
22 111
131 159
185 25
34 200
186 29
125 166
87 258
96 55
79 51
59 252
241 243
134 170
29 204
201 112
197 114
95 261
36 135
94 43
252 222
20 91
26 199
35 104
292 291
236 239
124 163
61 245
38 196
19 100
23 85
84 57
179 12
295 291
169 17
203 106
176 9
51 124
92 107
32 101
41 140
106 116
136 164
89 40
73 247
26 97
185 18
189 115
33 95
136 175
172 22
102 266
107 121
27 207
35 204
29 91
237 225
254 241
203 110
68 239
24 91
148 168
289 275
71 250
83 49
24 198
140 157
18 99
40 207
244 242
133 154
296 291
41 125
175 27
196 105
18 100
23 108
15 98
43 128
190 12
25 87
134 171
29 92
24 206
189 94
96 102
36 206
29 203
20 106
82 46
94 275
129 158
132 153
87 260
103 110
84 265
43 143
19 95
32 202
197 93
91 255
289 280
89 115
171 10
248 243
92 58
97 115
256 229
64 263
250 240
97 254
73 53
24 100
73 41
37 214
65 259
242 239
107 258
31 134
101 105
108 99
25 104
22 88
144 160
255 228
184 108
86 255
28 192
193 108
242 232
98 114
18 86
101 119
79 58
96 257
289 292
61 243
178 9
130 150
105 261
98 111
176 25
257 227
22 91
240 236
247 245
93 260
57 250
251 221
22 103
90 45
83 261
41 137
107 264
25 111
236 235
147 163
188 107
25 98
37 141
111 104
31 98
190 13
236 233
148 154
249 233
93 112
65 260
93 268
202 101
128 159
143 174
33 131
53 137
207 96
33 142
193 116
46 145
96 249
63 250
21 90
48 128
35 127
172 9
241 242
194 99
20 195
43 147
242 223
99 123
297 287
95 253
90 57
129 156
146 172
104 123
140 160
176 5
76 52
248 225
194 92
35 130
130 168
90 255
198 103
134 149
73 43
83 58
92 106
92 99
201 106
29 212
294 286
35 195
34 100
88 55
33 213
17 104
112 105
252 221
248 234
58 256
134 153
140 153
91 109
296 271
67 259
105 114
53 242
30 195
52 256
250 232
248 236
192 94
96 115
93 252
69 241
292 284
86 35
35 203
192 104
72 241
58 251
74 48
99 117
26 208
257 222
244 236
99 268
80 38
241 219
238 233
50 248
93 98
240 231
62 261
92 274
103 271
31 106
32 214
30 137
70 256
191 107
176 22
101 97
39 145
77 55
31 202
47 129
252 218
296 289
19 203
63 253
145 167
63 238
195 97
97 117
106 108
194 108
138 167
137 152
31 192
249 244
91 57
107 268
10 96
251 222
129 164
17 206
40 130
89 60
39 213
109 117
27 101
209 111
94 103
247 235
72 50
204 111
203 109
88 107
195 102
96 259
46 138
99 105
188 104
80 44
31 95
247 237
242 229
39 147
298 281
57 243
12 97
103 257
144 152
243 244
33 128
173 7
147 158
52 133
241 239
38 210
27 193
97 260
50 244
239 236
239 234
43 126
131 168
244 231
90 117
80 57
22 204
198 95
92 259
174 17
84 264
105 264
198 114
101 266
67 245
51 247
17 97
40 135
192 97
53 128
178 20
186 26
34 199
20 109
208 105
23 193
89 268
87 263
34 97
99 112
188 105
294 285
101 107
127 162
242 233
105 111
298 288
36 215
128 163
256 225
101 256
146 157
33 136
94 252
16 198
71 241
137 158
190 110
43 125
15 95
38 147
197 113
290 284
187 28
101 108
244 229
109 265
16 92
253 235
180 30
129 159
91 108
71 249
96 276
99 251
32 199
96 110
87 113
203 114
144 170
107 120
69 261
293 280
136 162
127 154
184 4
97 43
83 52
199 102
37 129
30 88
258 235
187 6
27 210
183 27
148 167
81 42
33 197
132 171
288 288
21 89
175 10
30 210
195 96
193 93
204 97
45 136
294 292
290 277
48 137
187 108
251 243
183 28
292 277
21 94
75 246
53 250
22 89
131 157
87 262
93 120
204 104
45 144
138 155
106 254
69 249
181 30
29 102
200 97
81 55
107 117
51 251
89 104
192 108
38 142
181 8
21 209
126 167
180 4
108 110
200 111
48 134
42 205
242 234
184 24
54 244
249 220
72 44
45 123
17 211
207 101
198 94
19 206
89 272
260 236
14 101
248 221
109 267
207 108
167 14
134 163
211 104
192 116
90 103
27 88
58 237
85 60
58 250
35 143
108 107
19 201
140 164
53 258
82 43
82 53
89 50
260 226
56 131
103 258
54 259
255 236
205 107
27 204
97 50
110 108
248 219
105 120
11 96
52 246
150 166
81 43
83 59
252 238
195 117
41 130
41 205
61 248
95 118
208 103
147 159
248 239
244 220
142 161
51 139
240 237
95 275
103 268
85 43
134 175
235 230
184 103
254 238
126 169
112 117
88 266
98 97
204 100
95 105
288 282
79 48
34 137
243 219
290 276
129 163
128 160
31 195
166 15
176 16
104 122
130 151
14 106
14
