35
9500
20
430 291
85 152
215 168
33 104
181 320
195 122
124 336
362 151
143 168
402 349
395 37
309 314
178 204
100 17
151 14
6 430
366 441
329 22
25 16
8 278
329 379
386 290
268 156
423 151
319 98
318 435
268 371
410 400
259 64
271 11
99 114
41 406
187 314
19 11
306 297
345 142
87 121
84 155
219 156
325 108
154 152
350 439
368 425
394 56
254 153
329 24
275 26
99 15
75 141
417 349
399 292
21 119
371 444
3 415
337 376
403 382
211 168
90 9
430 288
263 170
153 14
37 3
91 102
271 15
240 58
413 40
273 21
335 107
93 103
183 220
198 106
28 420
33 29
321 449
416 149
13 31
330 382
30 9
11 439
428 135
139 340
374 302
193 215
175 318
6 273
408 45
116 339
387 273
204 172
324 312
171 216
96 3
407 52
200 107
254 367
377 33
394 273
151 183
310 103
224 183
114 340
6 448
90 22
176 209
307 104
109 338
229 170
144 6
83 21
196 128
154 4
190 322
411 49
137 153
406 393
27 393
334 373
85 106
214 154
402 404
189 122
15 432
278 13
335 371
176 207
105 122
53 394
10 271
181 124
201 127
406 395
36 110
329 110
155 163
21 105
379 156
442 280
280 9
399 340
328 101
280 165
99 19
337 19
425 286
104 108
267 173
110 11
50 94
359 154
273 23
264 68
6 266
394 299
30 86
314 109
17 275
307 82
364 443
253 371
140 3
260 370
299 331
184 107
420 144
335 8
79 136
250 164
107 99
406 151
3 273
442 151
123 351
283 371
397 40
410 158
109 107
16 17
252 66
29 30
182 314
82 108
198 170
134 348
38 31
376 299
31 419
275 376
149 182
107 20
271 359
434 288
144 152
428 137
99 134
101 154
324 372
276 14
324 441
343 10
260 13
253 71
347 382
197 169
367 158
416 142
45 114
272 137
76 165
416 409
229 156
25 17
398 399
274 26
329 422
392 307
279 149
15 7
264 69
377 30
325 114
252 167
103 27
254 49
277 56
88 8
364 141
215 154
197 105
314 437
444 277
384 276
340 390
374 277
33 8
100 155
154 27
209 159
221 154
401 387
257 83
210 181
401 346
85 138
262 372
395 365
26 272
325 7
153 181
253 376
408 156
406 44
125 348
271 4
261 152
260 19
316 379
323 378
401 339
414 359
349 436
96 31
409 381
316 377
2 418
394 408
403 335
255 168
8 429
423 275
87 26
282 379
75 149
311 88
152 31
119 15
97 157
339 363
13 292
381 48
137 185
141 15
402 45
186 186
8 273
174 333
251 65
19 14
208 118
310 422
30 19
428 166
38 20
373 302
411 403
430 306
142 338
224 154
312 312
138 331
38 12
391 297
272 166
388 274
328 29
335 362
37 92
274 362
362 443
375 278
212 165
284 144
320 364
317 24
108 334
385 443
167 190
21 443
209 162
184 113
311 15
140 17
193 141
92 15
19 443
183 324
392 274
323 310
348 139
41 403
267 378
325 441
424 137
318 302
162 6
406 362
380 290
368 139
270 78
313 374
35 400
119 114
241 57
399 38
33 2
241 58
144 16
376 433
332 89
188 303
345 12
178 115
326 87
27 411
23 267
30 31
394 410
251 163
386 360
404 367
204 171
12 434
145 160
357 163
311 442
94 18
28 106
137 162
186 322
138 341
428 405
27 89
372 430
336 394
256 9
278 151
41 422
13 442
323 442
315 426
271 355
393 53
310 383
414 159
318 373
374 140
29 111
382 429
297 302
181 134
158 4
260 160
409 43
423 139
285 381
405 365
393 338
174 307
392 406
84 151
257 72
249 67
207 113
360 444
307 295
322 98
431 160
139 16
283 164
282 382
324 436
414 350
155 28
391 288
260 389
319 393
143 172
143 176
415 282
384 27
4 262
303 440
334 386
394 367
306 90
327 371
183 331
272 4
122 320
212 127
394 42
428 398
412 362
332 385
1 411
205 178
324 88
149 0
350 443
410 342
212 155
41 386
190 189
130 158
336 374
321 321
330 16
87 17
209 164
89 12
167 11
92 146
332 108
114 351
375 291
265 357
412 290
144 182
313 376
322 30
338 363
358 435
93 128
393 293
424 138
127 336
7 412
148 12
393 42
181 318
413 136
300 96
135 344
319 316
414 355
4 411
401 411
325 91
146 26
165 314
315 315
48 100
386 270
195 111
364 444
410 146
407 35
322 99
45 425
190 103
264 20
30 415
93 138
417 286
397 291
305 320
354 166
250 81
196 201
26 282
317 437
184 313
47 395
167 334
384 305
386 48
11 279
29 28
443 276
253 53
132 152
20 280
424 393
409 33
3 413
83 148
420 163
226 170
396 51
391 42
133 336
83 106
18 280
316 317
420 159
415 397
403 399
403 357
26 405
311 20
332 360
17 2
189 109
102 11
324 378
155 10
41 119
258 13
322 84
40 111
15 290
304 326
174 319
422 299
4 284
411 363
96 111
434 167
407 151
320 304
341 24
294 312
81 133
150 3
415 148
4 270
9 268
195 207
206 115
266 4
400 403
173 206
389 278
414 290
270 375
279 5
246 62
192 319
273 25
98 165
356 150
201 130
417 412
140 170
408 48
322 93
92 24
111 325
68 160
25 269
197 170
326 86
135 179
46 388
446 289
380 436
100 15
98 3
20 263
37 96
0 437
361 147
124 345
341 9
257 358
200 117
307 93
277 64
328 377
105 107
122 351
87 114
96 98
5 443
90 163
115 334
116 117
185 325
110 349
104 110
105 130
159 205
316 318
276 367
427 404
40 412
257 386
323 311
429 401
388 40
158 25
398 353
85 22
333 95
416 162
276 62
392 287
191 207
12 20
342 15
140 9
329 108
312 92
372 137
124 166
88 127
137 169
87 162
207 110
411 418
136 326
389 27
335 437
398 294
299 323
334 15
150 161
316 433
329 447
101 158
157 171
442 289
260 168
249 69
352 449
80 119
180 135
312 325
186 325
302 97
117 18
358 136
164 208
48 424
41 421
389 51
19 105
165 322
10 287
166 213
210 121
367 430
186 218
429 283
401 345
407 145
73 154
420 383
188 140
88 143
111 326
110 20
6 269
321 378
425 155
146 9
33 105
412 356
187 135
86 162
256 49
140 6
324 95
22 268
380 296
197 328
379 296
15 2
405 364
379 34
417 160
325 102
101 126
31 404
211 185
405 25
76 168
395 342
341 25
352 166
251 70
109 22
205 156
144 159
68 156
101 145
354 440
347 384
301 310
169 18
187 322
29 6
277 364
23 107
196 324
333 105
412 418
94 113
262 376
189 318
330 439
256 162
245 51
263 61
256 64
110 348
205 152
194 334
142 333
392 299
326 429
154 170
178 323
429 296
31 123
118 109
382 442
268 52
392 44
266 60
265 68
258 9
406 398
320 444
373 149
201 160
433 295
159 23
177 333
30 93
177 335
37 400
129 175
150 6
379 154
328 441
384 279
368 140
12 443
401 47
98 29
324 79
170 211
431 157
79 153
257 374
276 161
425 137
318 312
395 33
321 110
352 138
205 179
122 322
321 104
390 333
430 145
164 194
186 318
27 123
191 336
126 342
309 440
228 168
166 10
320 25
189 124
314 12
153 25
101 129
75 140
399 33
411 36
165 22
13 16
93 169
385 283
419 158
329 386
188 307
304 303
54 398
48 107
263 21
137 333
395 280
412 392
80 161
366 436
280 10
421 389
179 213
255 47
132 349
249 55
316 376
301 425
271 72
319 440
411 27
107 98
83 150
129 334
423 414
155 26
115 336
374 293
404 289
326 31
95 111
70 159
93 147
211 126
396 407
253 60
324 309
427 276
132 327
117 353
18 99
259 368
326 103
318 308
395 359
27 276
401 352
123 320
405 388
103 115
336 91
170 210
407 150
266 59
77 163
197 161
429 295
429 282
367 149
39 103
391 20
28 399
333 103
430 305
200 133
17 265
251 371
20 106
280 163
423 398
365 427
253 166
86 128
369 141
193 212
340 368
309 106
353 444
431 156
134 154
38 102
265 144
142 176
330 5
278 147
0 295
413 283
28 29
34 403
171 318
367 143
337 9
440 282
399 352
424 306
215 162
261 25
96 101
387 359
321 11
89 169
180 111
102 128
325 426
396 349
267 54
43 22
40 24
390 52
27 284
272 384
426 309
166 310
163 0
257 57
124 165
306 103
255 68
324 97
310 384
374 290
266 168
163 192
400 284
287 366
108 102
202 110
332 386
192 333
180 109
11 428
103 30
163 206
316 80
171 221
61 406
400 398
361 145
118 21
137 321
221 174
144 336
18 7
427 390
3 429
336 13
112 22
9 20
394 346
330 389
92 101
349 447
6 421
7 421
253 384
1 423
428 275
259 355
393 52
251 57
363 168
93 97
418 291
130 350
330 19
100 117
179 198
16 276
132 342
198 133
94 10
304 431
6 413
142 7
412 353
325 104
27 118
148 31
412 403
226 175
116 329
267 365
188 105
311 108
87 119
290 11
384 275
31 110
270 172
339 389
73 159
305 295
398 391
420 155
274 52
397 340
184 338
253 367
90 15
87 124
0 283
29 408
231 163
111 10
335 32
383 296
75 163
428 404
263 25
89 27
143 179
10 24
32 409
274 60
255 78
348 164
398 361
3 268
302 320
258 76
16 16
438 301
337 22
96 15
433 305
415 346
193 108
337 16
95 0
131 177
14 22
259 73
319 326
310 420
278 161
112 3
57 413
208 172
53 399
136 348
314 312
93 119
442 276
377 31
323 361
313 426
174 206
149 185
319 115
154 1
413 410
92 166
202 111
252 56
273 74
104 21
60 410
93 134
204 137
279 2
18 29
316 107
433 288
176 323
355 141
316 387
41 97
58 404
181 113
76 154
129 164
338 94
46 94
438 146
196 312
442 157
271 139
180 121
111 28
260 162
345 28
182 188
329 104
369 296
76 150
369 285
311 444
176 215
211 175
229 173
392 271
417 384
32 123
390 27
413 150
19 440
92 160
223 183
310 435
182 216
186 338
259 15
285 4
163 6
284 383
264 48
109 32
434 159
115 110
31 391
420 164
203 112
333 99
277 366
423 153
333 364
329 389
171 210
406 343
17 108
182 311
203 170
153 168
308 319
328 440
312 114
335 89
191 123
229 168
139 22
265 26
47 90
114 321
425 307
403 400
27 281
261 55
191 320
318 83
98 142
416 418
277 161
110 14
297 312
306 330
349 163
70 152
397 284
311 326
336 392
2 423
45 109
256 147
213 157
178 198
231 172
127 355
255 55
374 165
176 334
26 17
174 303
424 409
414 401
365 133
207 161
20 21
182 129
129 342
437 150
31 20
415 161
137 183
251 361
330 18
110 332
16 270
276 162
325 28
307 110
113 123
271 381
308 303
22 423
91 4
103 100
409 139
108 332
48 413
317 86
9 432
132 15
181 324
47 92
257 362
331 19
426 168
18 13
325 386
189 110
304 433
104 154
221 186
322 39
118 25
228 154
318 22
328 369
423 141
15 110
96 119
27 417
8 294
329 374
340 13
116 332
437 160
409 150
30 25
397 367
330 93
315 385
14 3
179 128
365 153
167 3
433 307
86 142
258 145
392 273
33 9
421 293
26 92
301 434
46 390
345 388
24 0
15 4
262 62
354 161
363 133
131 340
222 152
197 140
302 298
378 27
390 348
276 375
26 276
215 175
286 5
317 331
387 292
211 153
33 99
394 300
330 89
256 53
323 389
38 390
408 164
212 176
338 385
123 326
268 386
305 95
410 384
277 59
314 96
319 78
149 178
74 167
260 6
401 414
206 134
344 377
346 381
127 351
25 30
193 202
262 73
410 144
333 101
185 335
265 57
92 120
214 180
3 416
271 357
322 305
33 86
194 125
335 9
77 168
437 163
342 389
330 446
225 167
106 10
78 166
183 317
269 68
106 333
303 306
346 156
249 72
189 129
266 23
312 303
31 35
250 69
320 447
43 105
103 121
323 30
308 445
355 435
134 344
25 118
410 408
296 308
270 154
416 293
43 392
320 300
128 167
258 65
309 297
388 33
415 169
309 313
144 169
194 327
360 146
37 20
388 278
223 186
71 159
226 158
220 182
353 134
39 4
255 376
29 86
354 145
20 23
343 146
339 390
102 13
146 164
271 24
300 315
414 406
149 180
168 207
415 295
142 155
322 447
208 129
16 1
354 150
434 149
99 122
337 102
328 81
332 396
31 23
134 19
377 29
367 160
137 14
91 162
418 357
192 114
426 288
269 357
405 146
424 162
412 47
433 153
332 368
336 436
36 408
259 4
377 282
398 29
344 144
158 171
376 149
351 160
431 153
302 440
444 290
17 287
223 159
8 10
259 173
44 117
303 431
264 57
413 360
161 15
416 382
310 419
396 367
440 297
4 273
259 83
190 313
129 339
188 322
261 13
414 360
266 142
156 154
431 303
384 42
212 123
397 304
25 418
374 426
249 76
305 441
358 132
209 121
347 163
85 15
344 10
330 8
320 330
334 398
186 214
421 350
357 151
58 406
402 388
368 160
17 104
199 168
161 4
100 144
56 406
357 147
116 115
406 27
259 66
113 128
421 291
341 389
367 444
419 414
204 106
264 148
174 221
7 276
408 354
390 54
390 342
1 262
214 186
379 300
143 13
266 19
31 415
7 414
412 157
273 375
203 183
130 157
263 46
279 362
311 18
169 309
107 332
133 167
392 50
190 208
349 139
388 46
408 147
266 145
187 127
272 148
177 318
20 20
190 216
304 432
22 432
256 22
390 336
36 113
302 296
385 447
355 134
415 299
400 285
91 138
128 330
104 25
149 183
44 90
118 113
397 330
419 357
423 137
206 182
199 176
198 135
261 80
204 164
185 220
264 137
449 289
442 153
317 95
377 154
183 203
324 310
336 20
429 154
386 36
201 172
210 160
261 153
81 112
301 98
273 69
414 387
219 168
405 292
140 347
355 157
295 303
329 387
340 35
77 166
71 146
414 280
311 303
4 426
373 148
380 274
195 204
402 385
179 121
366 151
364 425
274 387
129 161
328 13
413 352
272 372
357 446
121 353
189 309
327 376
278 388
328 30
34 6
378 305
381 295
42 11
270 48
72 167
383 50
46 93
343 13
51 414
28 119
93 157
14 274
370 444
140 174
190 128
191 304
33 100
317 418
398 53
405 359
270 156
336 33
262 75
276 139
378 426
262 383
193 119
313 17
315 87
169 311
37 17
412 405
334 101
169 316
368 146
380 146
195 103
14 8
253 361
23 278
412 343
414 344
312 381
382 308
389 277
418 340
118 117
45 423
96 6
272 374
408 29
136 168
88 20
300 308
276 364
207 131
187 136
26 397
198 315
13 274
88 151
345 33
386 20
318 17
264 46
25 2
262 79
371 433
27 280
14 272
11 431
400 40
84 110
141 154
253 52
153 21
198 330
409 405
418 349
313 448
187 327
380 149
95 101
252 53
427 165
273 364
425 298
222 180
353 433
414 149
408 52
90 107
177 200
174 305
331 31
366 136
121 323
162 215
303 91
112 125
10 270
50 98
282 381
153 172
203 157
178 309
150 23
394 337
428 285
99 160
155 24
318 424
323 4
178 308
26 402
395 297
245 70
354 428
305 449
332 16
315 373
14 440
11 289
335 370
11 424
179 208
383 21
438 287
252 367
83 117
402 29
277 162
27 274
321 328
110 0
167 318
213 125
129 177
346 378
90 166
343 11
194 318
358 138
423 284
109 330
418 286
106 17
398 290
15 0
146 158
35 112
194 128
439 154
325 445
400 33
405 293
224 184
255 155
393 404
430 281
266 139
264 373
272 373
233 162
226 162
34 3
17 446
140 185
35 31
123 338
37 399
394 412
27 413
350 449
279 11
394 302
243 59
187 193
270 17
308 96
332 391
326 385
422 298
21 284
360 166
410 165
416 144
90 11
287 160
192 323
304 437
392 339
392 54
270 54
104 109
118 118
175 324
316 116
402 348
94 143
86 145
282 20
401 297
430 277
248 48
312 309
103 14
44 107
312 113
397 386
192 206
181 111
213 165
269 63
29 100
358 159
322 323
22 288
357 158
386 285
257 15
421 275
1 448
148 176
376 435
260 60
228 157
271 155
8 279
96 108
323 321
329 424
20 422
28 400
411 348
43 92
423 394
75 159
374 135
146 182
398 410
1 439
386 294
99 132
396 406
380 276
10 19
199 105
260 72
88 169
436 274
252 59
117 23
383 434
330 13
96 161
74 147
445 279
33 15
345 373
230 159
325 437
326 307
111 112
53 412
334 439
390 50
385 302
420 352
253 69
376 161
327 397
440 156
134 166
199 170
180 125
164 1
102 162
205 162
410 43
418 281
380 156
337 374
269 3
406 354
175 196
392 357
171 334
414 32
142 149
428 134
419 356
433 274
138 4
175 217
329 361
8 295
171 335
93 102
405 402
414 168
380 26
138 177
6 428
154 20
11 270
98 98
338 378
45 99
22 9
345 372
10 9
276 151
38 410
28 409
107 35
402 339
170 318
6 281
422 400
13 425
40 122
413 382
286 161
39 424
95 143
112 23
388 281
19 422
258 1
387 286
100 26
122 318
225 182
338 21
47 94
133 22
121 354
275 361
154 167
389 24
257 54
263 149
272 162
329 106
152 33
211 177
276 19
181 130
389 297
431 291
183 130
16 272
48 103
110 119
370 166
164 317
316 111
11 423
417 339
45 420
325 84
285 6
299 328
325 19
137 175
373 277
110 327
148 182
196 311
406 337
320 425
136 151
274 370
186 130
407 38
183 191
108 117
158 177
72 155
117 347
137 329
34 414
22 438
311 16
38 108
353 168
48 402
426 302
216 176
118 13
409 37
322 371
268 20
296 314
418 294
101 17
251 79
185 190
277 156
270 62
82 14
153 4
280 0
313 18
144 178
103 0
177 194
400 397
13 276
181 108
0 288
201 181
96 123
150 152
374 285
254 369
379 426
284 6
33 420
132 183
413 297
426 399
259 69
325 36
128 181
400 31
162 13
2 435
321 383
326 425
74 146
103 129
270 380
265 9
267 387
116 28
368 423
43 109
429 274
139 174
72 159
432 153
45 88
318 105
140 2
183 137
220 154
222 176
5 270
314 111
389 301
273 383
28 19
149 152
317 381
370 148
122 337
325 41
329 12
32 408
213 118
201 104
111 31
274 56
320 85
172 209
422 287
200 177
220 160
104 124
378 446
337 380
256 144
386 309
277 378
94 168
304 312
430 165
182 303
143 334
323 385
409 365
251 63
339 98
93 165
427 396
202 108
297 315
260 354
82 104
138 157
270 143
312 104
323 101
5 449
350 165
2 270
139 153
186 205
265 157
105 128
261 155
429 285
8 423
407 411
326 18
391 363
128 327
381 448
368 162
280 23
263 0
351 161
392 309
329 83
345 387
191 332
32 16
147 7
181 200
334 433
44 408
7 429
420 386
182 126
271 356
344 33
27 101
104 35
402 415
16 282
380 433
34 122
314 431
316 303
394 289
364 437
266 7
399 359
414 397
335 366
264 73
136 164
380 281
228 180
336 32
165 315
303 311
363 426
159 207
101 159
394 48
348 385
18 11
140 163
349 437
420 145
106 338
441 280
122 349
439 293
226 165
28 18
343 151
83 139
212 184
99 9
265 66
319 437
255 5
170 314
424 146
278 363
321 443
443 280
16 108
125 324
416 348
412 364
269 76
307 304
192 122
33 101
308 425
185 310
395 24
316 326
365 170
367 168
35 93
99 13
2 266
401 342
134 323
221 151
382 288
195 309
250 366
391 400
275 379
184 205
314 23
148 5
323 363
354 147
253 154
257 146
102 0
19 273
124 341
41 99
121 330
136 329
261 355
269 152
261 53
350 429
116 121
258 79
17 4
27 98
265 167
349 149
260 65
429 148
440 161
19 425
172 333
315 311
38 406
2 432
349 438
14 415
100 4
431 274
46 117
214 185
29 19
361 430
320 383
335 384
101 9
3 443
317 434
356 144
386 53
162 21
348 442
177 303
410 164
363 164
209 116
98 159
81 115
47 388
311 432
126 347
84 29
366 132
330 380
177 209
94 123
354 429
93 0
392 19
84 137
330 427
105 119
16 20
400 32
382 22
342 364
128 324
161 197
85 109
111 12
171 306
344 27
113 109
219 169
302 303
335 27
333 423
332 88
307 298
100 152
424 150
96 1
193 320
320 92
380 43
82 171
190 214
252 380
14 286
39 406
208 135
313 444
43 97
277 157
415 303
200 140
342 151
181 332
408 49
125 167
337 390
435 137
87 8
407 348
301 325
308 102
254 60
188 310
448 297
316 18
383 309
118 333
427 148
186 315
319 30
435 272
51 418
272 67
40 413
174 205
195 168
134 333
103 98
363 139
304 86
298 327
47 425
305 85
410 28
12 431
7 15
34 17
178 200
165 202
157 164
90 31
308 99
155 155
101 163
148 186
256 14
266 169
107 341
33 93
428 141
143 164
79 139
194 216
374 295
46 105
170 326
436 164
385 295
88 136
258 147
260 151
295 318
250 78
193 204
204 161
343 156
167 15
321 108
169 211
140 156
256 57
117 106
169 331
54 409
369 139
390 34
382 306
285 156
174 219
344 29
321 364
101 122
300 100
406 155
326 384
119 318
418 282
345 368
325 87
419 146
9 290
396 360
166 1
192 131
386 289
419 358
84 165
13 2
189 208
205 171
95 142
267 49
167 332
375 302
366 164
138 160
212 124
447 298
40 10
21 265
176 200
244 69
392 28
281 20
412 415
116 19
93 118
266 143
333 377
391 273
1 433
410 331
4 434
271 171
85 117
311 384
324 4
23 265
382 292
33 31
259 150
249 375
83 169
184 125
186 196
106 24
414 140
415 364
110 23
420 304
324 322
410 291
314 436
417 161
348 18
378 293
445 295
215 164
311 325
412 400
263 9
267 146
273 374
386 358
268 146
114 9
136 344
390 45
420 385
315 106
28 109
196 104
386 276
201 176
315 429
340 18
250 363
154 9
410 358
262 375
316 11
80 110
322 33
89 135
378 33
348 17
373 163
421 296
359 149
341 32
210 149
13 104
305 433
179 216
418 305
41 120
400 362
96 145
300 311
401 410
264 156
261 49
92 99
359 170
396 288
431 294
345 154
189 210
117 331
166 202
140 10
190 106
220 184
35 396
46 98
218 158
176 314
269 11
333 87
318 370
148 151
33 7
429 144
268 353
306 298
180 338
195 107
259 146
231 173
13 266
135 157
276 166
348 441
384 444
356 430
176 327
320 84
88 107
81 158
16 419
335 395
142 178
163 195
167 196
370 162
354 434
419 344
29 418
3 432
178 121
410 337
368 159
405 336
307 324
319 314
16 443
292 310
322 449
396 405
7 290
420 399
379 27
355 426
282 373
20 18
283 380
101 0
34 400
44 94
315 431
40 25
374 142
341 380
307 436
183 124
87 155
200 134
32 104
144 155
190 105
404 288
411 388
208 128
328 445
187 320
395 298
421 287
406 345
364 150
78 146
41 420
276 389
433 145
20 272
412 32
186 114
56 415
280 385
369 161
313 27
320 423
280 357
208 114
324 316
162 2
334 39
26 408
271 174
133 166
86 156
196 136
27 19
413 408
407 366
331 388
275 172
322 396
429 139
301 319
372 440
211 115
159 156
38 9
421 406
311 428
352 136
385 21
389 296
271 387
95 7
373 162
433 290
401 43
387 38
101 28
405 351
27 31
416 281
95 2
272 386
315 21
416 398
137 177
314 375
118 22
336 21
269 368
95 19
207 169
106 34
86 133
3 293
391 333
361 136
215 184
40 20
178 331
198 319
327 3
405 289
5 280
255 377
317 318
368 153
315 11
164 311
274 14
17 283
257 19
263 353
388 32
315 444
372 278
334 379
277 365
325 303
410 159
413 285
378 159
366 148
115 18
169 332
109 97
89 1
260 366
353 440
271 19
363 431
308 302
322 31
385 355
312 21
378 157
336 19
401 302
400 54
22 20
171 310
29 420
224 178
170 336
344 19
15 279
110 101
26 393
400 43
326 321
277 144
21 35
0 449
200 106
176 310
18 416
420 291
319 12
312 332
277 386
115 124
147 153
192 118
349 165
316 419
24 102
84 123
351 151
39 421
423 280
159 168
311 311
254 18
92 25
184 117
91 99
196 141
36 103
351 449
326 362
165 317
272 29
262 46
150 150
413 335
140 7
244 53
410 407
261 8
396 32
416 389
431 282
90 165
368 427
87 137
390 307
89 146
314 80
181 314
367 445
193 312
25 15
371 428
313 434
196 115
197 125
134 169
15 265
336 434
420 351
400 359
151 180
105 98
185 303
304 440
312 445
404 156
419 157
84 142
79 148
263 77
260 388
141 22
10 275
143 4
265 7
11 20
124 342
407 368
318 6
19 275
347 27
104 130
270 353
404 386
371 300
85 8
326 432
325 30
12 279
17 21
181 301
417 414
343 373
104 18
338 25
388 282
260 17
104 19
275 387
433 156
264 14
314 16
435 164
423 144
381 156
267 143
123 321
411 346
388 298
360 425
18 97
203 161
215 152
315 417
325 302
105 32
166 8
86 17
340 8
275 61
12 293
35 88
277 69
169 188
420 158
185 215
100 133
197 130
441 275
187 220
93 166
396 298
97 163
29 101
272 22
410 140
409 146
315 91
448 296
37 105
418 403
432 281
415 406
36 1
144 185
321 22
331 361
13 22
277 357
105 102
321 325
190 119
109 28
182 313
179 309
392 393
327 104
389 337
195 125
340 385
136 176
104 6
250 152
395 303
312 375
259 25
92 1
301 429
110 8
265 376
26 90
114 19
68 161
88 140
255 363
178 218
321 439
278 24
265 382
378 143
188 217
66 148
280 25
144 154
182 215
11 278
161 206
145 2
144 186
267 158
100 16
327 15
403 294
99 8
372 286
262 77
423 304
31 28
81 152
153 1
148 10
370 156
434 143
323 428
7 422
202 106
376 36
127 350
125 164
32 390
101 114
424 143
422 414
108 29
173 221
31 418
98 146
392 282
274 54
111 329
330 105
261 68
414 404
369 135
199 178
137 158
144 27
353 152
395 284
224 151
407 401
318 101
276 158
30 95
190 129
27 6
203 173
16 10
90 123
367 440
309 334
296 315
35 16
361 159
284 150
226 164
159 7
138 186
3 275
325 443
279 155
331 99
356 142
350 160
365 138
319 379
89 119
326 369
154 176
50 403
101 12
414 43
273 150
85 101
116 7
339 396
45 387
414 135
312 432
137 18
402 387
336 104
23 285
308 427
144 8
43 88
108 7
265 390
367 135
139 12
168 312
248 50
263 139
10 297
378 433
266 20
43 397
206 181
15 5
354 158
315 99
179 197
432 295
321 4
380 444
127 177
220 180
15 100
339 386
50 415
138 14
123 336
374 444
419 293
336 370
8 411
251 363
378 29
13 32
396 287
407 24
268 354
363 427
139 330
42 104
300 322
185 330
411 357
356 148
43 21
384 32
113 326
44 396
397 27
415 396
435 158
183 110
273 52
16 420
392 33
24 91
2 427
262 16
313 296
373 284
207 112
97 130
104 102
372 292
379 305
143 14
135 12
22 93
13 433
272 383
220 151
16 268
379 434
38 402
24 104
169 312
344 391
34 408
304 304
153 165
306 86
96 107
214 150
328 115
94 151
193 198
265 383
49 424
330 392
6 415
112 339
82 124
319 116
410 27
98 7
191 128
310 83
247 64
407 396
333 433
197 172
210 125
271 62
346 162
277 23
18 95
387 274
372 449
399 42
268 23
180 201
49 389
211 127
49 96
91 111
55 395
49 94
86 13
276 358
320 441
307 313
255 385
127 171
319 17
107 100
385 40
348 379
134 10
311 26
152 155
88 30
146 31
322 441
227 182
265 23
277 66
367 292
257 5
389 28
114 24
327 88
228 171
203 167
134 24
196 126
378 160
395 392
398 42
327 435
268 166
47 409
157 180
96 120
348 157
394 294
89 167
26 93
188 318
377 435
260 79
424 396
127 156
199 106
133 326
167 314
125 173
265 384
409 360
217 170
256 375
398 21
14 435
262 2
43 393
194 323
303 301
334 428
263 59
366 137
41 118
144 163
210 153
98 1
336 22
37 9
102 160
314 424
182 136
44 414
140 167
16 426
383 24
111 11
122 324
323 315
283 168
81 108
111 27
74 138
416 163
14 265
423 283
437 278
302 307
44 399
335 29
18 111
345 367
91 147
259 71
378 41
259 383
169 221
352 445
303 316
107 32
31 3
209 169
169 314
372 293
307 91
51 423
383 48
186 137
229 160
341 367
199 124
295 311
414 354
374 427
323 18
374 275
392 289
24 278
141 332
264 82
32 33
384 435
319 23
409 407
128 351
152 172
260 57
263 5
181 322
155 3
97 26
206 151
314 383
80 117
309 441
183 222
264 161
416 280
213 151
312 19
95 106
304 93
168 200
84 111
189 311
443 305
447 286
372 439
424 276
414 340
372 288
412 153
241 70
368 154
397 351
248 67
253 383
28 8
305 86
17 291
329 98
317 106
188 114
326 441
303 325
216 153
393 394
162 315
388 48
40 89
399 387
175 335
267 18
331 83
440 277
95 126
336 396
329 96
40 6
26 412
361 432
422 412
421 152
98 23
280 356
37 422
82 123
285 7
81 147
208 160
178 329
318 383
232 163
441 294
323 441
8 293
423 396
308 106
313 429
337 93
119 330
11 259
17 415
273 170
259 139
362 144
433 292
313 440
142 181
273 366
248 52
419 346
425 154
130 182
9 421
42 107
9 28
330 448
352 145
371 449
264 83
398 416
88 115
151 152
157 17
417 390
336 432
212 164
317 323
420 132
419 141
197 173
274 27
433 147
107 106
307 429
158 15
187 334
395 300
414 385
45 118
392 281
410 147
430 300
191 197
143 336
276 21
397 368
134 157
399 35
301 331
391 345
374 423
386 39
280 170
85 137
98 121
100 99
252 146
333 365
327 365
392 397
27 3
295 302
14 27
11 427
60 402
92 22
410 334
406 157
270 64
275 357
250 51
403 356
366 434
437 281
319 96
28 15
258 171
49 402
408 331
313 107
297 321
194 105
5 279
190 193
221 157
366 135
426 298
28 105
26 31
145 10
395 281
25 35
3 281
309 424
42 96
397 412
297 314
322 393
147 12
338 19
388 41
137 322
142 12
353 141
114 319
191 311
193 115
394 358
272 159
201 173
312 385
21 272
389 284
41 393
405 47
326 104
259 14
412 149
416 136
116 337
101 26
314 33
432 146
404 364
58 399
321 102
379 273
327 7
180 195
350 447
429 272
390 352
275 150
102 19
94 149
192 312
416 345
402 351
267 380
133 348
247 56
283 160
16 27
362 166
403 366
192 139
322 423
23 3
399 367
311 423
188 205
267 17
426 153
332 86
3 290
155 0
103 8
268 366
93 33
445 291
197 317
197 107
413 34
0 293
305 300
331 391
90 170
286 20
382 279
157 156
181 339
316 331
370 423
14 18
383 47
311 332
346 149
284 25
250 148
258 378
324 307
427 398
92 127
412 363
348 19
264 78
179 308
278 169
103 22
410 362
295 326
33 111
333 448
334 366
189 121
320 303
105 16
76 158
441 148
37 2
174 322
370 151
188 204
97 118
375 147
313 325
317 430
259 356
141 21
168 193
30 402
225 158
4 275
31 96
313 16
33 414
10 433
124 349
29 95
429 284
34 117
370 149
11 272
342 16
22 284
394 41
342 367
321 304
271 5
137 16
46 111
187 330
217 162
143 188
38 27
246 77
261 164
375 136
277 71
254 12
269 60
425 274
401 344
17 24
22 433
140 8
414 410
260 387
21 4
142 164
398 404
105 35
97 150
411 143
193 103
44 17
154 171
48 116
280 152
423 133
11 414
13 415
267 155
14 417
154 153
215 176
314 428
311 420
331 421
186 324
315 370
210 172
394 26
258 72
303 428
307 86
356 143
56 393
7 283
268 355
8 26
114 18
2 421
262 55
106 337
260 54
9 446
177 321
314 325
111 348
142 165
420 139
378 443
105 113
320 385
137 173
398 389
334 38
334 13
99 30
32 423
217 187
327 378
431 166
70 162
320 392
343 381
259 11
443 297
309 90
266 77
338 31
47 396
321 86
15 274
280 377
211 149
400 23
149 157
320 306
441 145
19 423
1 412
5 412
30 105
187 317
342 384
105 19
386 305
325 117
327 83
382 37
419 305
271 68
60 407
260 378
198 134
362 431
421 385
209 127
85 170
20 439
202 180
410 143
249 162
199 129
373 289
205 113
382 303
427 402
412 285
261 380
181 335
435 143
193 333
393 342
217 153
334 3
28 22
315 28
361 158
131 344
11 16
87 20
417 386
414 147
354 143
198 131
401 336
329 443
103 101
3 271
163 29
42 112
327 418
387 357
87 112
385 340
192 110
415 399
16 296
255 18
393 34
20 99
254 45
396 332
386 280
411 333
136 177
168 10
303 307
310 374
382 430
53 391
327 109
316 297
97 151
39 15
246 76
383 23
423 276
185 133
12 261
324 11
138 182
348 373
52 418
93 3
222 175
286 151
6 440
164 26
315 89
391 32
55 416
202 120
100 23
305 440
274 369
38 92
97 162
41 121
29 115
253 19
179 192
48 422
308 110
325 392
324 417
245 66
254 46
149 26
332 440
331 94
398 56
270 60
399 390
114 119
259 75
260 73
13 18
207 151
192 215
410 37
285 163
127 338
413 381
19 439
310 382
109 331
207 123
25 279
132 341
86 10
416 342
136 16
388 306
175 329
398 32
407 382
316 83
98 143
189 192
400 24
146 17
431 300
411 417
198 163
37 101
333 23
257 6
267 28
186 118
23 20
184 320
257 164
314 103
264 53
306 305
91 170
421 142
405 159
320 302
50 401
406 415
347 374
113 332
112 32
350 441
332 21
197 207
391 342
114 106
289 9
328 315
37 118
411 139
18 445
385 290
265 22
181 116
376 274
44 424
181 333
269 172
352 442
182 338
17 7
273 76
158 14
327 98
112 15
92 150
135 161
11 3
46 408
405 368
39 121
322 390
132 173
432 307
266 15
178 315
410 137
447 292
191 337
390 343
210 157
145 161
26 410
210 179
329 435
362 434
117 19
159 24
282 170
48 405
252 75
26 4
416 167
418 284
264 60
276 374
418 150
132 169
386 34
332 395
137 341
259 68
431 287
187 214
15 10
256 61
209 151
261 141
41 405
84 107
312 91
293 304
13 8
41 416
405 409
23 408
18 263
51 403
424 293
256 76
315 325
20 114
264 71
249 368
363 137
300 325
304 307
371 158
263 363
270 23
426 398
399 295
5 427
134 336
33 88
261 158
35 401
321 32
170 309
161 27
417 340
128 334
12 417
302 310
25 100
254 75
414 291
80 17
221 166
429 303
325 427
33 397
402 24
196 210
328 111
199 112
251 156
316 316
172 306
428 155
371 438
339 35
326 428
108 335
361 170
257 82
140 5
22 419
43 104
9 272
381 34
328 35
354 152
29 4
413 409
178 320
231 176
188 208
211 172
38 13
410 161
419 394
194 192
180 123
186 111
254 58
385 299
13 443
330 111
284 160
159 177
361 429
84 113
54 413
4 266
353 446
96 9
432 293
247 55
123 330
253 168
284 369
353 447
290 314
401 19
438 304
261 172
320 318
403 402
110 328
335 25
115 339
274 151
363 160
391 364
415 391
203 163
315 93
57 405
443 290
205 116
403 394
31 420
274 139
255 81
397 396
223 150
434 309
243 76
416 166
381 437
89 148
331 100
84 120
345 20
194 123
413 343
5 289
142 185
141 16
98 97
323 419
312 30
33 398
427 391
352 141
258 68
264 49
262 8
193 200
210 126
246 67
385 20
277 380
57 401
12 29
315 416
185 111
52 105
376 306
352 430
408 40
228 161
258 372
283 162
342 390
438 277
98 30
279 14
10 446
7 10
149 151
167 197
33 94
334 29
390 338
106 118
259 151
377 444
188 113
2 267
341 377
7 291
357 444
391 48
429 135
275 19
267 58
107 124
416 388
110 25
88 12
79 144
119 353
336 383
80 120
194 309
328 32
205 168
207 184
403 37
153 3
153 31
29 14
15 268
99 164
166 13
268 22
218 172
124 326
18 424
328 372
436 154
42 394
419 168
400 46
347 141
4 443
208 161
258 144
259 5
420 308
263 144
92 109
399 32
174 192
322 6
383 294
57 412
88 99
208 163
123 343
20 418
265 2
138 156
8 434
304 87
32 405
27 13
268 66
397 285
308 333
183 206
134 350
185 216
331 396
14 281
138 179
397 389
168 206
219 176
222 172
399 392
188 309
286 156
154 154
166 25
19 289
31 112
373 296
321 94
388 54
202 114
397 20
22 429
92 30
208 180
103 111
227 181
200 137
305 304
426 411
397 393
21 288
350 434
270 373
39 399
131 182
301 306
403 363
14 31
303 427
371 295
180 306
118 327
12 415
88 112
438 143
1 440
327 395
346 20
34 14
347 156
329 425
161 164
250 151
320 38
258 52
324 301
380 34
16 284
268 174
373 290
354 163
318 443
273 175
107 18
211 125
119 14
435 302
384 356
274 373
337 104
89 137
184 208
115 107
11 21
174 216
444 281
49 410
123 329
184 323
217 150
105 106
194 208
309 331
87 118
281 23
313 102
377 276
326 6
273 14
310 380
160 210
390 296
256 165
316 449
28 402
140 339
305 302
97 9
321 89
85 125
189 302
13 4
308 321
260 4
249 372
380 275
143 341
422 296
209 183
364 438
430 309
201 129
351 433
381 289
352 441
329 7
388 309
31 121
251 72
372 298
182 125
170 305
15 434
249 155
387 294
248 65
160 208
161 165
406 363
39 88
398 407
103 25
112 322
103 107
170 190
27 279
281 160
328 102
186 337
153 15
136 179
372 138
19 263
312 315
199 313
103 106
209 165
14 266
167 317
277 12
137 184
392 36
258 140
183 330
201 133
357 437
429 166
422 153
195 307
142 331
204 167
271 70
396 351
191 114
142 21
353 161
440 160
167 201
398 333
120 321
68 148
417 350
175 326
328 106
332 18
394 331
314 97
111 5
9 412
260 363
281 162
113 106
122 354
427 273
257 2
269 169
315 421
14 259
414 417
74 162
313 422
399 275
73 150
120 330
21 427
399 37
264 371
353 162
320 35
279 151
308 446
69 146
336 393
94 145
385 271
402 297
341 30
416 169
346 27
257 357
309 294
332 15
317 107
380 306
400 18
365 166
156 7
424 169
87 101
258 357
342 10
322 445
155 171
107 102
96 146
172 216
168 306
269 70
117 336
137 9
109 122
416 157
93 115
385 52
334 25
22 289
156 175
11 444
142 186
72 162
399 365
413 392
202 183
44 407
124 327
95 102
447 282
49 93
373 282
326 27
420 407
429 153
328 314
373 291
257 373
124 340
23 283
329 377
411 408
164 13
194 126
279 158
180 122
42 388
274 359
265 60
11 438
153 174
393 21
316 375
316 36
200 326
22 109
376 144
98 108
402 295
214 169
280 19
136 12
433 280
309 436
128 169
305 427
200 118
283 149
253 372
131 324
23 15
323 388
309 432
413 148
332 112
439 160
179 307
164 313
176 330
16 415
270 145
399 361
407 154
315 32
317 20
152 30
319 37
389 304
424 135
91 17
295 327
135 320
164 202
300 443
415 134
198 103
218 184
371 303
376 275
420 384
342 27
27 23
15 425
165 310
407 44
339 379
394 54
430 141
387 39
112 103
174 220
393 345
148 16
306 421
309 323
396 333
327 308
267 23
114 112
181 128
92 156
11 264
283 381
324 445
376 280
170 324
28 97
299 307
7 11
426 275
267 1
127 163
282 165
410 33
287 15
411 34
437 276
323 426
187 206
169 191
162 325
321 435
245 71
273 30
213 119
17 276
27 34
392 336
133 165
266 79
330 436
33 102
415 387
417 413
417 135
42 118
398 47
31 401
257 153
28 103
414 146
299 441
33 108
102 4
200 322
409 364
14 108
105 124
199 116
341 37
115 104
262 68
321 38
8 418
379 449
99 12
10 260
170 330
108 98
367 141
411 338
404 42
314 102
225 153
387 355
13 272
274 55
278 359
262 28
368 134
249 371
251 52
212 119
379 160
197 166
18 103
105 4
409 358
378 43
399 284
39 390
182 200
262 76
406 350
199 167
340 17
316 21
85 116
18 105
394 282
18 283
419 409
176 331
390 41
193 313
97 127
1 426
66 146
16 287
48 399
168 314
23 17
293 314
424 142
309 315
391 307
407 155
82 136
377 448
115 343
358 147
200 129
199 135
174 186
272 153
194 197
316 438
389 22
0 266
381 46
95 147
2 411
435 307
258 153
12 432
94 137
21 291
349 444
312 322
107 339
272 0
232 158
308 421
189 310
9 447
277 377
348 153
1 424
38 11
321 7
260 22
219 153
33 109
184 112
116 8
273 149
424 278
335 428
397 290
327 449
223 167
280 168
329 19
182 212
15 15
412 162
96 162
166 329
419 142
326 317
260 3
316 439
242 63
116 105
349 143
99 33
270 141
8 17
439 139
9 8
434 156
28 95
139 158
334 10
384 306
426 142
156 23
356 434
208 158
364 148
190 333
252 46
319 32
396 355
399 337
303 320
331 365
197 201
317 394
266 387
416 396
399 298
347 157
132 179
327 315
405 157
310 27
431 309
407 347
254 163
197 111
397 392
352 152
411 395
145 31
408 148
109 333
400 44
51 409
50 106
224 173
267 389
145 17
284 373
375 428
342 368
401 299
144 5
305 92
313 417
104 116
163 19
95 118
191 321
42 90
321 307
97 24
342 380
21 96
427 286
169 202
424 304
107 337
117 7
284 153
320 19
257 379
441 307
385 308
255 171
335 439
84 15
212 160
293 315
196 114
186 303
8 296
275 60
157 14
47 394
269 170
412 341
329 41
266 138
255 362
192 202
448 292
268 390
433 141
234 162
279 28
47 403
359 440
11 9
180 323
417 388
387 341
193 308
263 388
175 190
273 56
307 102
373 283
410 156
306 441
107 1
334 381
415 338
310 19
312 15
444 304
120 326
331 377
262 389
309 110
428 145
19 277
395 29
309 439
377 157
425 393
156 8
273 140
50 394
217 173
304 109
329 87
107 116
125 350
415 403
44 97
149 20
315 387
326 96
307 447
9 279
197 162
16 9
179 337
199 113
317 34
373 301
7 418
354 136
304 302
0 270
308 449
377 159
396 42
385 441
350 144
25 0
329 380
425 389
214 153
278 9
393 349
173 318
179 331
424 406
383 442
338 100
415 339
271 77
17 294
175 334
136 4
267 159
334 22
380 289
380 36
323 433
312 388
306 443
343 23
290 15
340 366
430 164
20 119
328 31
93 110
312 424
180 332
129 338
390 46
413 362
141 331
445 301
340 387
169 334
325 5
330 110
324 321
399 293
435 304
176 337
429 145
275 139
128 317
47 98
323 29
30 3
333 106
162 17
131 173
337 361
6 441
87 12
18 440
410 387
270 4
196 140
259 27
312 417
258 365
43 404
334 394
95 14
393 30
18 109
316 422
300 440
335 5
423 406
26 101
279 363
36 91
217 158
217 165
429 152
314 447
409 164
323 114
332 428
359 442
442 283
376 158
119 328
333 384
172 328
26 283
28 421
287 370
387 337
35 99
422 308
278 155
262 168
1 422
85 136
336 7
243 67
96 27
186 188
320 310
202 112
290 318
155 2
396 292
19 2
157 26
187 304
91 148
86 150
174 189
41 397
405 53
161 12
191 205
117 318
327 445
88 110
406 38
408 336
338 365
20 29
4 414
327 9
149 24
17 99
421 160
410 386
316 423
368 158
35 30
254 358
316 446
384 434
314 17
282 26
48 393
306 96
32 115
396 408
256 21
190 139
137 336
280 384
216 171
333 10
35 123
8 290
72 156
315 423
371 448
142 179
247 60
424 167
268 25
293 305
230 175
283 10
126 168
428 159
7 427
32 422
259 54
141 327
207 122
310 21
259 377
25 276
323 116
392 398
27 401
191 215
144 13
31 106
47 91
305 435
20 13
315 31
180 207
175 306
334 111
17 105
371 280
398 412
30 11
95 141
88 170
356 149
306 92
122 348
85 140
184 213
88 31
36 108
333 21
163 9
8 287
23 116
189 114
142 172
98 138
351 153
401 353
190 219
94 140
319 331
417 408
427 158
211 116
396 273
163 314
148 28
276 365
415 352
404 390
160 1
320 83
263 8
2 437
23 274
314 19
266 365
114 15
331 15
254 59
414 284
336 17
21 113
279 380
140 181
281 169
370 427
49 109
356 163
439 283
267 24
407 360
182 211
424 136
2 283
199 319
347 16
378 296
311 320
116 114
132 181
400 417
402 34
361 444
272 65
403 49
386 299
371 284
310 333
315 309
403 386
117 11
176 321
155 6
217 166
386 302
259 65
382 349
259 49
120 328
173 223
396 37
250 156
195 321
216 182
177 212
364 170
333 13
281 366
423 302
107 125
139 150
21 27
262 356
116 322
34 391
198 178
368 429
317 316
349 156
438 292
300 297
330 445
88 28
253 16
387 285
134 20
266 373
331 397
85 17
183 189
222 151
399 408
339 39
408 388
394 403
407 141
102 158
130 172
245 63
331 370
408 153
318 87
108 123
23 420
86 109
16 429
199 104
424 281
303 106
45 414
383 39
274 22
320 384
17 288
289 14
340 374
405 418
278 145
379 299
356 159
167 308
102 9
18 414
279 355
135 325
402 383
187 335
15 96
71 140
175 209
421 348
420 298
285 369
2 431
334 108
311 448
336 388
326 84
90 139
34 394
94 124
149 174
217 160
389 364
116 106
270 149
419 163
331 437
267 141
202 117
36 5
359 423
338 386
60 404
400 346
367 156
139 184
198 329
249 373
315 298
313 86
335 22
429 404
205 174
100 0
407 339
132 165
139 3
18 107
327 366
141 18
27 25
274 75
321 13
344 32
174 330
276 13
400 28
355 147
400 368
110 34
272 58
443 299
100 154
92 14
102 36
159 12
415 166
86 169
386 441
330 9
333 4
327 446
399 30
9 260
170 325
311 433
39 7
379 28
21 293
393 26
165 11
270 74
435 276
81 118
404 32
382 446
118 319
154 17
103 128
171 319
394 353
71 164
184 201
379 47
17 17
27 275
10 411
381 32
184 316
75 162
146 172
258 50
274 376
50 95
151 5
412 46
422 278
325 428
310 24
88 109
420 416
8 426
24 32
397 35
283 155
320 375
434 280
269 153
139 151
319 305
194 134
331 98
346 145
66 150
89 153
335 7
32 407
168 319
189 332
272 387
387 295
34 8
278 158
382 286
164 190
185 222
210 154
266 76
157 18
104 99
218 179
335 100
315 83
380 154
2 444
109 2
83 155
166 14
264 138
277 27
144 10
187 328
129 333
58 398
440 305
342 31
185 306
118 350
274 67
426 390
85 132
256 163
103 124
319 304
314 310
107 122
315 302
255 66
32 95
361 168
115 28
256 372
1 275
319 28
318 331
102 102
137 15
28 121
199 169
124 356
10 431
102 124
391 301
258 167
8 442
330 92
13 264
4 288
30 28
267 10
110 333
256 12
334 376
203 111
124 163
21 438
181 203
52 406
287 0
348 16
38 120
364 448
167 199
252 68
249 52
148 32
258 381
189 111
195 115
10 421
209 117
51 401
178 125
423 131
207 109
273 65
266 158
375 435
321 396
350 158
424 413
372 160
432 143
367 285
372 135
193 112
126 174
111 100
125 327
412 388
130 321
206 183
377 427
322 25
28 117
396 368
423 274
429 307
131 166
4 425
267 364
93 106
255 163
150 20
32 85
274 141
152 178
335 87
42 13
391 56
91 137
197 117
313 112
144 158
315 308
33 394
319 99
127 165
318 27
147 4
253 46
103 156
276 63
421 391
315 430
43 402
322 434
107 31
190 111
318 425
37 7
222 177
83 149
249 68
409 419
355 156
389 272
391 335
41 21
32 419
1 285
382 48
189 330
424 290
56 405
95 33
216 157
127 320
255 60
435 308
281 2
286 16
18 31
390 362
208 168
39 14
336 361
92 158
245 74
59 401
322 320
274 360
312 435
433 134
358 428
414 413
184 332
88 128
88 22
419 383
418 411
20 116
363 143
152 3
36 401
116 338
439 297
29 110
156 155
174 337
188 319
41 24
329 441
393 332
232 170
377 145
345 29
391 31
389 30
161 174
369 146
77 140
30 89
186 197
338 362
51 97
316 84
392 40
429 156
192 200
187 204
434 137
167 192
245 65
139 4
326 316
29 22
161 169
422 151
358 163
138 322
411 297
83 9
422 275
328 436
144 11
319 325
11 422
172 208
287 156
307 320
363 436
81 170
269 356
99 165
391 397
430 304
439 304
31 398
413 139
140 186
211 167
352 433
404 336
32 30
407 139
178 188
283 158
321 82
43 420
17 103
192 208
339 384
264 19
262 59
266 170
431 310
181 331
168 12
360 439
436 277
371 136
129 167
166 332
406 161
81 12
38 121
242 74
216 161
351 429
35 107
45 101
438 151
283 9
2 260
16 23
128 326
112 17
79 150
397 42
265 172
320 36
150 25
405 52
17 8
31 91
186 212
145 149
147 11
187 110
166 218
294 324
411 396
212 175
402 55
300 433
107 113
83 156
334 392
166 331
141 339
6 17
80 159
367 434
199 323
252 9
363 442
390 22
440 299
114 21
128 341
325 372
307 306
326 398
258 21
398 350
417 280
329 14
320 315
426 389
191 201
267 357
311 29
174 318
270 63
150 176
265 82
431 145
335 385
325 116
87 23
264 171
402 363
408 419
256 50
135 326
398 394
88 26
93 170
332 5
174 328
101 131
334 33
114 333
151 1
41 88
140 161
171 206
196 139
324 85
280 14
319 324
254 57
182 331
307 307
428 289
345 25
228 176
305 428
274 386
259 76
48 408
281 375
106 35
401 25
379 38
320 325
182 191
92 111
392 308
287 162
110 123
373 167
72 145
111 323
421 278
263 12
328 396
128 325
134 181
420 283
171 14
98 99
179 188
119 340
178 311
316 437
193 207
337 15
145 16
253 149
140 24
166 11
78 151
405 404
403 365
390 341
403 384
279 168
146 156
252 52
264 56
248 75
258 61
14 424
391 399
93 131
87 142
275 173
198 129
47 415
116 354
138 175
384 449
408 341
398 388
32 6
41 89
81 120
234 172
169 205
256 4
5 434
136 163
197 133
91 1
156 24
335 361
411 28
135 324
39 414
127 328
98 158
170 221
26 87
313 309
187 217
137 17
259 7
135 150
369 284
290 7
399 41
183 339
339 383
110 13
384 445
197 313
227 175
398 332
322 103
139 345
258 359
2 441
215 181
380 143
336 28
324 109
311 106
303 99
344 28
382 280
212 166
26 285
350 142
388 19
384 353
405 337
388 294
333 33
75 142
101 115
368 445
16 13
281 143
320 102
387 362
417 293
382 52
374 448
318 418
408 37
14 436
278 166
370 147
324 384
321 326
46 403
266 12
430 143
99 153
259 367
258 149
194 111
265 14
376 448
374 291
113 25
317 305
195 112
275 373
28 405
346 144
439 156
168 195
200 173
204 136
131 329
386 310
415 155
4 419
15 14
406 419
113 14
116 20
87 15
90 135
229 159
292 320
325 430
305 311
412 389
31 116
381 31
215 170
86 4
376 432
125 320
32 103
321 24
308 308
325 434
260 368
23 413
404 409
199 324
421 132
331 29
21 91
209 114
309 447
374 284
202 138
318 318
207 135
133 335
254 162
278 61
417 153
379 31
54 405
251 161
412 417
88 125
379 431
167 8
304 305
226 172
291 312
28 87
185 337
312 426
325 375
261 368
42 92
15 19
388 42
106 340
124 325
324 99
46 418
214 157
343 392
278 0
140 345
311 447
393 24
48 419
256 75
402 408
219 181
171 317
275 372
165 215
200 181
32 420
269 387
17 431
115 105
15 415
276 164
312 97
428 142
25 34
35 118
170 17
201 126
161 175
107 338
364 430
28 408
403 42
415 361
92 116
45 408
170 14
272 150
191 216
391 18
225 154
303 309
311 385
196 111
316 12
264 169
303 97
353 448
97 23
312 379
135 184
395 408
34 93
401 33
313 330
118 355
427 277
322 329
192 113
317 370
417 402
319 376
303 444
423 300
86 104
123 344
25 31
274 380
342 32
420 346
355 429
410 26
27 403
31 22
217 180
376 40
320 320
165 205
400 34
406 407
154 2
411 160
22 120
59 405
78 144
319 35
297 298
374 144
427 138
312 331
401 347
414 418
8 274
311 103
338 29
351 162
137 351
372 287
48 410
427 303
378 306
88 104
13 448
414 395
50 409
395 387
31 101
133 338
113 15
345 26
196 121
259 61
26 11
405 333
16 0
263 361
208 119
400 30
397 282
99 26
107 112
418 402
433 275
421 397
223 180
108 338
8 289
334 14
419 407
422 280
137 8
349 152
89 162
5 276
320 367
343 367
247 66
77 161
191 116
296 302
115 29
384 437
90 157
435 279
21 421
107 105
76 147
438 307
107 132
21 23
111 350
291 315
361 146
233 174
24 272
318 29
277 148
343 8
374 439
381 39
188 128
67 153
18 425
427 296
77 160
98 154
411 398
136 346
274 385
275 375
325 311
190 311
192 201
111 336
162 207
391 34
16 416
26 121
78 167
25 284
266 61
135 335
408 406
6 447
377 442
37 407
109 13
183 332
82 22
405 334
401 406
302 434
29 120
360 428
265 55
270 15
43 107
284 165
224 155
116 350
22 406
37 393
136 11
16 99
173 197
268 384
445 289
271 165
79 157
163 207
118 115
283 379
211 151
385 354
206 112
84 26
10 423
301 326
165 24
36 12
333 40
178 112
322 432
24 22
115 326
218 186
178 324
262 371
55 393
318 319
256 60
132 174
279 360
359 432
272 368
6 446
268 4
304 313
104 336
14 443
428 144
111 339
169 333
29 0
216 184
275 157
295 325
249 47
111 33
384 346
184 212
138 185
283 153
386 47
25 288
265 148
86 129
205 163
276 359
266 372
189 306
89 140
206 180
429 397
396 398
170 195
2 429
309 316
410 415
388 271
395 21
131 172
417 162
108 105
344 390
74 166
189 308
40 16
329 437
46 395
328 6
260 377
34 406
315 296
326 35
326 80
416 291
116 5
283 143
194 132
327 81
264 145
135 15
307 312
379 148
375 425
386 303
126 163
316 393
406 360
410 39
43 389
319 378
271 78
322 374
144 31
85 169
75 153
8 260
171 211
249 78
38 97
263 24
157 177
98 31
376 438
132 162
89 145
20 107
54 420
415 419
189 194
254 69
282 156
330 100
375 159
159 172
360 434
108 341
351 145
263 56
141 29
323 395
163 212
92 148
284 163
109 129
403 345
168 326
398 348
436 160
129 332
303 322
326 89
261 67
6 442
8 6
91 163
335 106
115 11
152 185
357 427
318 448
1 428
385 47
412 351
6 19
78 147
400 291
260 61
47 421
136 337
86 112
15 293
33 90
1 284
274 389
296 299
316 329
88 108
141 13
267 355
400 332
202 131
411 350
433 296
315 317
134 324
148 22
159 163
47 101
8 412
267 139
321 392
284 3
8 284
403 299
13 436
250 65
313 96
54 392
162 201
162 216
354 447
399 282
434 297
19 111
12 445
398 413
162 194
344 375
260 167
58 396
162 208
415 164
436 309
105 11
172 210
227 161
323 365
395 32
267 29
113 116
311 375
50 96
433 140
97 102
253 3
371 161
268 67
348 141
416 160
445 304
13 24
296 324
191 109
252 158
100 11
22 28
275 363
79 156
34 118
187 205
256 62
29 5
282 1
139 346
87 128
426 155
270 51
112 11
396 338
19 16
23 19
172 331
169 313
210 120
419 345
166 188
126 337
152 157
114 352
20 11
377 35
438 298
17 20
357 148
277 369
87 138
317 425
310 86
283 12
206 111
93 152
392 42
417 302
7 12
92 152
269 379
28 6
377 441
296 306
12 25
30 420
116 345
434 142
45 391
313 92
30 119
411 289
139 327
272 362
364 445
350 155
399 279
77 147
412 407
184 312
210 114
1 274
309 443
109 25
144 177
391 278
15 262
403 341
310 100
120 323
257 372
364 431
311 296
102 154
310 417
349 145
391 29
30 26
404 362
424 397
85 142
265 165
380 300
368 440
357 146
221 167
123 352
264 368
294 322
222 184
10 266
327 32
200 155
423 303
317 311
5 271
279 161
208 137
327 425
115 123
195 197
45 113
112 329
378 439
265 352
303 430
403 406
18 290
448 290
362 142
268 19
338 382
179 133
91 132
414 150
345 31
367 296
390 297
419 164
22 14
271 157
104 150
30 414
356 424
324 90
393 305
324 106
298 315
376 43
332 29
219 151
230 181
411 147
231 162
184 128
413 418
182 110
358 429
385 347
320 429
356 140
411 405
411 292
195 118
134 351
191 127
350 435
419 292
87 123
379 442
209 186
164 20
439 162
110 116
424 151
399 413
52 106
121 349
284 154
55 408
321 308
328 18
319 34
25 402
344 388
318 79
437 159
334 435
387 33
399 385
438 279
339 12
394 275
208 151
185 137
41 96
114 12
81 156
429 163
267 78
292 314
337 97
308 307
317 373
263 148
314 92
244 54
1 278
307 444
109 120
27 0
430 151
118 346
140 173
312 428
91 113
313 82
375 427
399 400
284 359
128 171
94 144
411 362
120 332
308 301
409 398
348 149
214 162
402 384
201 118
398 48
260 26
376 33
169 20
374 431
90 143
25 28
418 290
274 11
339 21
357 159
192 103
262 169
423 291
327 84
261 359
321 106
257 14
190 121
424 157
207 175
95 129
279 373
250 63
273 367
91 104
278 5
374 283
274 156
269 9
12 5
383 297
17 285
149 28
417 154
324 102
323 35
373 145
172 307
14 110
343 24
294 318
202 162
337 27
6 282
410 142
301 102
212 129
395 396
98 34
315 9
271 142
176 121
381 308
12 7
405 150
1 441
110 100
173 332
167 312
32 117
2 275
370 291
439 146
425 310
256 142
129 337
0 448
23 92
258 11
296 300
39 19
105 15
255 167
184 137
353 143
402 285
318 447
359 426
360 435
191 218
163 201
88 134
387 360
273 144
276 362
303 110
380 427
255 379
12 266
44 21
379 158
30 102
327 40
326 81
435 303
24 403
30 109
10 417
388 356
332 423
71 165
231 158
406 22
4 431
354 433
373 157
279 159
316 37
249 377
28 404
84 171
310 99
21 25
319 6
262 147
163 22
418 304
348 137
414 137
282 27
143 182
314 21
414 394
447 295
264 352
193 318
424 147
24 99
407 350
366 421
372 434
195 327
338 18
424 303
91 18
332 95
394 21
102 116
51 405
411 356
434 272
250 74
86 127
89 106
399 48
327 383
205 151
316 392
188 329
37 390
5 293
48 397
435 274
395 407
337 434
357 154
445 293
397 360
278 153
414 361
84 153
394 52
27 111
138 154
321 389
363 438
10 284
384 355
24 103
199 180
427 136
345 11
387 281
204 111
90 25
32 121
444 302
289 12
304 327
99 141
89 19
423 149
49 106
314 29
75 156
344 384
120 355
164 205
274 154
259 51
271 7
53 393
256 74
379 438
409 40
180 206
96 141
264 381
430 152
313 420
216 178
361 422
104 151
440 307
108 97
193 305
125 346
187 218
334 105
319 391
399 415
146 8
335 94
318 90
408 43
279 160
390 31
314 418
358 423
160 165
306 328
33 3
6 291
189 132
7 425
259 58
342 382
192 119
314 392
334 444
198 174
262 141
88 162
10 15
427 278
353 438
28 393
389 347
419 279
321 425
7 267
139 333
137 165
103 117
410 155
183 136
369 169
197 198
39 26
340 22
14 100
111 103
336 105
40 115
402 22
26 110
365 140
144 175
284 375
161 214
277 28
330 10
401 286
203 162
219 154
413 135
399 19
210 134
201 122
385 276
372 146
260 171
383 28
418 154
162 5
366 168
183 122
313 314
39 16
17 279
414 136
144 17
11 268
9 267
336 385
50 422
326 322
287 374
16 424
45 90
175 303
31 87
439 141
226 167
309 320
187 307
209 131
189 214
335 109
211 110
96 112
88 13
46 420
385 440
43 398
110 342
163 198
416 414
205 183
292 305
152 184
261 78
265 71
208 130
271 73
416 154
253 364
273 73
405 296
170 334
417 341
213 161
392 338
198 318
309 84
321 5
110 109
404 385
268 68
134 153
49 116
398 403
393 284
242 70
441 297
258 80
8 292
370 295
361 161
304 100
328 432
306 93
272 50
211 132
20 31
96 130
188 308
14 438
417 356
417 147
317 382
315 434
211 120
7 433
328 4
391 44
363 448
130 349
204 134
403 339
310 445
172 200
369 435
180 198
274 147
352 440
361 138
275 146
81 163
393 285
308 98
139 170
266 65
383 444
153 16
145 3
430 279
211 170
448 283
258 154
261 165
361 144
406 399
334 40
7 16
399 339
32 20
23 401
15 29
158 21
402 293
374 163
112 104
211 171
284 381
259 381
12 430
177 199
187 125
273 53
257 59
184 334
334 389
283 362
405 393
409 147
138 25
251 73
102 30
131 175
22 16
140 153
6 414
287 376
311 322
201 169
252 63
428 140
270 20
180 118
405 286
332 26
148 165
9 430
125 172
351 158
138 323
154 161
305 308
103 153
263 173
67 158
378 47
316 22
19 294
274 13
158 155
253 48
113 322
270 152
315 312
180 205
172 186
178 328
271 63
135 342
283 13
50 417
201 163
428 136
438 299
326 38
53 390
427 159
84 169
412 295
192 214
300 95
413 391
337 91
119 319
364 162
45 397
409 395
315 310
115 17
333 91
130 347
13 28
105 342
204 155
424 292
391 355
387 40
411 33
436 307
229 154
195 135
255 65
264 3
25 13
187 116
105 115
30 122
196 164
161 24
369 136
398 274
280 383
194 136
23 12
98 106
264 382
214 178
359 141
320 377
29 112
124 318
72 137
334 97
257 142
93 148
229 179
283 157
262 26
349 441
421 294
226 161
303 296
336 429
279 359
262 363
347 154
388 360
198 165
260 1
113 344
391 55
357 442
339 30
348 148
104 121
98 8
146 170
22 108
143 23
273 62
185 318
438 138
404 365
417 140
134 352
389 358
182 330
105 2
399 299
273 357
429 395
123 347
184 317
440 300
195 314
355 140
119 18
393 20
25 7
17 98
9 19
376 281
392 26
101 132
377 446
336 30
321 28
181 199
213 121
378 35
358 156
214 176
33 34
341 29
414 347
324 376
100 142
325 81
170 188
383 305
167 328
121 342
307 319
428 296
110 9
17 26
115 5
187 215
48 415
24 14
398 336
312 431
417 133
163 315
276 171
129 169
165 329
200 167
366 290
286 18
386 33
97 160
347 17
390 48
321 30
280 7
268 81
169 307
209 130
286 1
149 176
149 10
25 117
95 167
26 411
332 433
407 357
155 172
410 389
337 388
45 102
405 35
151 12
278 150
260 386
320 378
146 155
412 167
87 161
318 384
306 432
322 391
311 327
433 143
14 32
182 307
428 156
255 19
272 59
318 391
88 116
417 141
203 121
190 316
422 399
94 122
389 308
391 52
329 393
158 157
163 202
7 281
132 325
259 152
282 370
91 149
41 404
411 43
377 438
321 113
406 409
121 344
195 127
42 97
117 26
130 162
186 121
346 25
391 282
297 317
404 296
14 11
327 441
315 115
29 118
21 98
258 152
269 21
320 87
294 314
407 160
336 386
396 413
427 394
421 168
95 153
339 392
402 418
308 103
321 31
20 437
371 159
270 376
419 155
400 53
397 39
142 184
95 23
140 326
252 69
156 0
270 28
319 417
165 19
201 138
133 176
373 146
171 197
314 326
402 333
129 326
92 129
332 388
176 185
1 270
360 150
17 422
258 10
18 427
145 14
34 415
418 343
409 331
273 57
147 28
186 131
102 95
326 427
233 164
161 28
182 201
391 279
200 163
393 46
114 28
298 318
189 328
175 305
315 435
255 8
168 23
309 99
287 6
381 277
211 122
324 111
317 102
91 25
45 407
89 142
137 186
283 147
167 211
13 289
391 291
398 51
32 14
123 332
310 303
26 414
227 176
184 115
269 156
388 43
170 194
281 150
129 173
365 141
396 290
0 411
335 99
32 418
230 157
398 340
436 145
36 422
316 428
406 145
359 434
253 159
166 23
161 168
341 363
279 3
381 42
113 335
3 414
111 122
116 6
37 413
48 109
321 436
344 373
82 25
396 345
98 10
138 0
434 163
144 149
90 112
419 145
283 365
279 387
276 148
135 165
399 40
279 154
91 114
81 135
405 31
16 431
423 132
153 32
318 24
403 415
363 444
131 346
186 193
18 17
316 301
302 108
321 40
333 425
134 164
311 310
354 436
354 138
267 147
319 303
38 403
95 29
91 168
267 79
186 133
43 394
396 409
416 288
269 8
113 340
302 427
138 7
106 7
30 422
10 434
7 280
422 304
110 6
198 167
392 39
439 147
14 419
26 115
111 124
314 95
342 8
104 122
394 288
260 153
412 337
92 114
24 9
86 5
135 155
434 310
329 378
401 22
203 177
100 165
106 27
375 274
133 329
410 385
357 160
85 161
440 159
20 431
347 376
67 159
423 403
320 368
4 420
320 6
266 146
334 89
20 0
200 316
249 77
12 9
420 277
38 397
151 169
148 4
340 21
302 329
419 282
394 51
174 200
277 164
213 114
33 411
407 407
191 194
198 108
201 161
262 359
156 5
140 20
265 380
392 279
99 140
132 322
151 172
127 332
381 275
399 54
33 392
413 157
344 366
136 345
108 30
389 294
18 116
311 331
274 24
318 429
0 267
57 402
277 26
48 412
196 124
18 288
94 109
374 433
10 436
93 167
175 189
396 36
310 111
205 161
301 96
282 15
363 144
249 59
0 413
152 19
170 187
153 20
104 24
29 3
381 447
327 322
305 430
225 164
188 203
215 161
320 33
396 43
28 28
193 140
212 170
318 326
157 155
176 313
255 15
189 128
227 173
30 391
382 274
260 139
141 333
100 158
385 275
346 26
366 437
420 152
16 269
329 368
88 159
39 96
309 328
320 449
121 319
1 421
309 306
171 205
32 2
5 421
211 157
415 139
93 133
360 168
376 447
274 172
168 325
209 149
227 183
434 144
257 369
430 278
280 380
82 112
7 285
255 79
243 58
52 411
335 110
429 155
136 157
46 414
106 113
153 19
19 435
178 305
385 279
15 447
113 23
360 169
257 21
115 26
313 109
9 11
398 278
336 389
329 427
422 274
77 150
353 150
345 21
246 66
134 23
385 33
131 343
178 191
280 364
49 390
32 411
165 204
411 407
370 142
180 113
192 335
367 148
437 139
396 386
315 103
350 161
137 180
421 347
43 87
412 397
250 372
8 269
428 300
99 94
407 391
192 197
50 108
390 363
111 327
19 279
361 431
376 298
8 417
274 9
273 376
345 161
322 7
387 306
330 84
36 402
171 208
310 423
320 321
99 157
120 340
378 152
264 366
20 426
294 304
182 210
23 1
108 28
325 394
389 303
180 327
175 220
417 157
21 89
266 27
209 175
437 154
20 22
347 25
15 439
190 205
405 48
32 97
133 180
199 111
423 307
275 30
270 163
43 391
277 359
156 162
138 183
432 299
142 0
17 423
38 423
302 89
331 113
313 391
195 195
113 104
173 324
205 185
192 116
325 86
194 200
366 445
324 325
92 157
362 444
32 414
159 160
28 107
279 374
257 4
318 95
153 2
140 159
13 427
263 79
22 286
329 81
405 36
137 338
260 164
9 288
214 118
264 146
11 10
436 285
323 397
395 306
203 168
322 17
400 350
180 117
21 5
395 277
183 196
293 302
430 273
418 344
195 128
339 370
138 170
276 377
84 149
42 114
316 110
50 103
163 12
413 358
232 172
139 177
193 114
418 417
326 368
276 1
92 169
3 292
269 361
330 441
396 50
30 101
96 114
13 420
333 102
332 441
144 21
182 320
163 208
258 155
271 31
183 121
308 428
364 140
38 118
415 341
39 22
158 204
252 160
310 442
386 32
149 8
308 316
108 344
313 332
113 107
269 376
160 161
322 444
366 431
104 16
436 157
159 8
313 103
284 24
344 156
187 221
195 142
111 6
117 24
379 152
137 11
338 7
404 292
148 168
398 330
394 365
417 342
83 105
428 406
356 432
414 386
388 343
392 305
304 320
192 321
322 316
148 164
387 338
401 398
36 104
264 358
116 318
391 22
357 445
370 292
177 223
359 150
333 435
94 11
131 152
314 319
408 51
322 439
203 172
175 197
144 173
415 398
312 112
147 23
272 379
368 133
115 19
282 153
408 390
198 123
403 41
184 122
40 400
36 413
440 145
394 356
10 422
138 26
187 109
326 378
19 90
331 425
430 149
98 13
212 132
167 7
297 325
144 22
416 359
113 10
167 10
276 384
384 287
414 338
391 299
52 403
161 13
399 290
412 160
283 156
380 145
112 120
1 263
259 13
439 149
390 339
183 188
101 21
337 435
59 412
21 99
181 202
305 104
35 27
142 170
0 424
87 122
35 92
107 331
144 150
124 316
16 281
0 273
180 189
71 139
206 119
101 164
255 59
188 321
39 408
388 36
449 297
439 274
275 381
399 402
264 66
103 12
266 64
125 174
39 13
392 275
8 258
89 6
284 168
140 337
409 28
292 324
416 303
107 101
214 183
94 3
258 63
280 160
123 337
202 177
436 158
193 309
315 365
354 439
395 333
287 368
8 263
221 158
297 308
8 439
160 202
155 5
339 385
108 31
225 152
115 321
205 106
388 23
434 161
51 389
261 76
391 47
412 135
28 411
200 114
348 142
375 433
139 10
326 110
250 375
384 289
145 25
387 37
272 5
155 181
260 77
358 151
14 427
322 388
313 93
72 158
330 433
321 81
417 298
102 22
277 60
19 264
317 376
411 391
241 56
104 129
360 154
403 401
231 179
42 117
125 349
41 392
405 352
374 286
266 30
177 127
135 152
315 116
22 0
435 281
407 23
333 375
88 163
116 346
108 26
47 417
276 373
138 22
43 121
271 3
103 96
160 9
282 364
263 63
171 329
79 134
80 168
191 192
318 114
18 265
427 302
189 322
136 8
333 18
32 24
181 121
85 141
222 162
161 23
137 2
108 113
70 151
412 358
387 290
363 142
379 284
369 149
177 126
353 439
2 448
403 35
20 35
186 132
13 437
23 87
279 4
422 403
255 151
191 112
35 390
253 79
397 362
349 434
309 430
280 147
24 116
87 130
266 25
15 12
257 143
342 377
16 433
403 395
40 120
404 149
176 338
308 86
330 102
424 291
315 16
84 23
276 147
406 53
106 110
422 154
14 282
262 10
46 400
419 391
271 389
266 377
149 13
421 148
258 161
220 176
292 317
412 409
422 162
201 135
372 429
196 118
335 440
285 5
309 418
358 168
427 397
135 160
384 308
401 18
268 362
332 3
405 33
399 302
323 88
403 349
323 422
396 35
343 157
302 435
267 174
339 362
82 18
47 387
126 339
370 146
113 345
194 139
313 310
37 18
273 4
94 155
429 304
440 152
23 284
295 322
386 272
299 430
173 307
276 28
331 33
347 22
382 297
149 11
274 358
140 325
406 144
104 23
317 310
15 105
275 170
258 369
414 383
335 23
39 413
365 169
51 107
265 18
229 164
55 420
185 115
190 218
312 384
265 48
325 105
165 197
136 150
133 353
267 381
397 46
410 352
262 354
20 262
134 152
135 19
29 89
139 349
99 144
314 379
178 124
53 404
309 295
35 424
312 377
366 428
318 363
329 27
82 115
438 283
404 20
101 148
10 435
222 186
6 259
272 6
137 13
133 9
39 422
28 102
179 310
133 320
262 48
395 363
134 22
279 0
272 389
10 432
440 144
187 120
420 398
69 147
280 21
206 154
434 152
358 137
209 124
166 205
84 125
357 447
329 442
370 302
285 368
199 171
177 205
337 26
360 151
60 409
184 130
159 175
41 425
30 12
322 436
42 10
96 29
258 6
84 112
189 115
417 406
421 164
444 289
20 103
394 360
197 210
81 107
290 13
151 15
30 405
261 54
419 341
254 167
77 134
98 17
207 153
99 1
310 378
449 287
196 172
339 387
254 382
266 383
129 166
82 147
35 19
270 26
135 336
320 376
325 318
313 100
188 330
152 159
199 312
348 444
436 292
318 32
46 405
433 276
149 15
306 295
421 147
308 82
37 87
268 0
307 107
89 107
283 26
270 365
193 118
312 369
253 162
5 291
37 110
45 107
275 385
267 149
325 314
271 159
31 111
179 325
105 132
334 423
264 61
329 107
132 343
178 306
304 317
273 154
193 213
1 418
23 114
261 166
221 178
317 435
376 165
416 387
17 277
272 147
86 152
373 155
273 145
398 41
397 336
290 309
420 296
166 200
15 285
245 62
323 312
396 334
26 413
95 32
432 272
171 311
125 345
269 141
270 146
256 363
264 162
393 356
442 290
81 144
332 10
414 288
424 296
275 367
156 12
334 361
421 153
187 106
262 72
417 143
429 169
307 322
35 420
318 23
91 156
325 85
131 326
399 334
400 20
317 379
171 209
396 301
34 398
266 18
286 11
148 174
119 351
332 426
318 33
89 8
114 126
262 64
278 372
177 192
25 21
143 151
305 319
267 61
322 394
246 74
431 307
275 389
374 301
12 273
29 106
155 169
189 200
84 8
254 383
22 434
388 44
95 98
435 296
308 439
403 348
321 300
182 317
381 146
169 315
322 106
150 185
123 318
154 16
176 192
314 114
18 113
111 8
7 297
434 306
346 139
310 102
24 270
327 313
195 194
54 417
411 382
101 105
201 154
161 25
103 20
45 424
268 369
401 287
190 192
106 1
409 143
317 326
255 0
88 171
84 5
197 324
113 338
148 15
176 326
93 164
204 131
179 207
89 139
1 444
422 161
447 301
15 99
318 323
271 379
427 392
326 318
98 155
375 143
373 428
156 172
256 11
93 96
414 343
396 348
96 131
378 40
372 163
392 301
400 339
5 261
274 383
322 367
277 356
91 150
323 387
434 162
39 412
44 10
308 84
107 329
367 424
299 324
112 4
312 376
23 269
193 322
430 292
400 39
325 83
279 382
89 150
84 119
88 142
306 428
24 434
317 431
410 392
155 174
98 102
24 426
95 156
335 390
99 131
384 283
411 406
43 414
415 138
86 154
304 311
168 199
96 14
180 307
76 137
314 25
325 325
415 363
9 297
271 28
386 353
89 108
160 12
404 407
264 6
0 426
267 63
325 436
399 410
328 434
19 437
416 416
404 23
203 166
173 203
196 130
388 45
364 432
397 398
410 365
312 305
393 287
401 334
393 279
333 378
410 356
276 385
107 16
372 427
261 163
375 166
18 94
337 366
85 139
316 15
341 376
225 180
334 28
282 8
208 174
115 102
15 111
423 402
170 13
323 3
408 143
273 386
415 358
329 365
190 108
7 440
395 30
19 268
325 88
414 409
435 310
324 366
414 31
89 109
354 441
158 13
419 413
147 26
213 162
7 264
52 100
409 163
5 423
263 51
42 91
27 87
387 336
374 445
281 362
199 172
353 443
232 168
12 428
260 47
112 348
381 279
118 24
207 167
197 139
403 330
436 310
185 116
26 395
165 192
172 193
164 29
337 439
265 74
265 15
254 385
328 379
267 56
2 293
359 430
10 27
374 167
328 23
348 24
244 62
331 8
400 392
317 82
188 136
215 174
33 415
142 339
185 138
266 381
29 96
35 32
305 109
393 346
141 5
141 343
148 149
205 176
338 364
259 63
252 147
389 292
76 166
338 387
366 149
315 378
300 330
364 446
69 156
425 133
343 12
110 107
364 434
417 166
327 20
23 0
332 392
85 7
336 368
194 110
72 163
18 270
399 364
173 309
418 297
231 175
405 26
100 97
416 406
163 214
261 173
176 125
418 339
279 27
30 1
273 174
81 165
182 315
113 341
260 11
179 123
3 420
437 151
185 112
140 29
370 442
409 148
127 162
87 166
417 396
165 191
226 183
9 411
247 54
273 164
16 29
148 9
116 327
217 178
126 177
429 406
27 115
89 103
376 153
189 193
275 53
68 144
97 36
196 208
171 194
430 146
423 400
95 104
371 294
12 14
44 108
351 428
184 304
71 141
255 166
330 6
380 446
270 150
94 115
371 148
260 20
261 379
156 9
333 422
102 151
174 317
399 362
328 319
435 140
329 103
428 167
387 24
170 189
267 162
272 17
164 193
428 143
403 367
97 5
191 326
129 343
385 44
260 365
406 384
219 158
408 154
146 4
388 293
383 443
48 106
398 46
308 315
168 329
14 273
258 64
156 18
324 6
153 10
22 104
34 402
122 326
182 223
402 354
12 274
304 322
418 164
289 11
10 11
27 99
25 109
351 135
323 326
285 1
176 127
332 365
282 18
333 427
266 66
368 432
145 178
323 9
438 303
266 6
97 33
377 161
310 297
138 169
407 156
279 361
415 165
16 265
281 9
196 205
290 14
402 391
333 371
184 221
181 206
432 164
118 9
94 117
327 431
223 166
84 146
141 2
21 104
419 297
369 159
48 391
13 293
371 436
119 20
184 120
165 13
159 179
190 194
390 24
321 432
102 153
183 127
201 114
315 79
34 25
219 179
37 387
382 25
160 27
267 77
88 154
334 104
279 148
425 400
16 96
268 6
354 164
111 343
182 335
111 32
25 120
405 41
413 356
137 350
191 305
403 296
203 164
435 286
243 75
190 312
198 127
323 437
405 148
37 11
371 435
254 47
27 117
37 397
392 288
349 154
283 4
1 290
42 111
157 167
107 342
354 133
321 312
315 23
213 120
391 25
335 374
376 39
235 168
32 394
290 6
173 331
408 337
159 18
385 38
269 363
286 372
385 284
408 402
324 398
101 18
181 133
339 27
71 166
12 30
24 285
3 422
49 114
343 30
191 191
409 397
201 170
101 142
319 302
150 30
29 18
256 387
415 350
0 414
330 15
97 108
231 156
214 179
179 330
185 189
174 185
372 149
398 287
233 168
284 366
133 339
312 89
255 14
383 354
325 31
26 108
46 416
257 49
96 138
153 159
131 336
246 55
50 402
417 146
320 93
435 136
432 282
320 443
390 49
21 29
325 113
202 153
354 151
197 171
394 334
20 27
143 157
217 174
95 107
256 150
338 23
421 161
351 137
90 16
9 27
129 154
264 378
416 159
307 317
397 30
378 430
218 160
7 14
401 303
376 288
397 363
103 131
320 439
327 28
261 23
17 429
323 95
416 415
281 377
323 115
418 295
153 179
14 280
308 322
389 293
413 339
98 139
185 107
254 379
402 283
32 86
330 96
110 120
255 370
377 34
227 152
186 216
90 113
326 310
337 38
314 372
253 55
398 338
279 370
318 82
331 10
156 13
241 59
308 107
379 292
92 163
175 339
352 431
251 50
251 59
395 53
195 322
8 433
69 164
44 115
402 397
310 427
23 24
193 321
182 186
141 155
322 310
443 289
256 83
324 117
180 304
258 173
326 360
318 14
128 166
190 310
141 28
407 142
125 328
196 135
253 70
34 416
197 322
18 277
160 167
172 313
325 312
399 354
88 130
192 322
401 20
165 309
1 443
100 37
328 24
386 26
324 82
428 169
277 169
318 102
333 85
428 278
172 192
385 359
25 20
415 414
320 323
96 153
34 104
110 102
113 2
162 14
171 304
374 304
163 191
415 133
378 432
177 186
131 331
24 406
436 144
255 23
139 9
252 377
21 289
201 131
316 321
96 19
332 362
21 97
212 128
311 98
28 20
108 23
230 163
373 278
336 379
91 145
407 392
188 207
262 157
274 377
273 51
329 36
102 96
305 321
34 393
271 67
360 148
382 441
52 408
307 332
416 146
162 162
106 3
38 107
164 21
414 283
276 372
395 38
257 65
256 17
51 396
94 158
389 354
366 423
326 5
396 402
23 25
383 51
255 162
42 9
167 5
42 120
374 282
262 155
390 280
271 173
324 98
427 164
39 90
262 139
348 152
83 22
301 309
324 7
26 22
173 314
77 164
367 133
9 271
324 22
166 326
400 399
418 347
142 175
218 173
126 327
366 162
29 417
326 395
45 115
24 280
312 306
90 111
279 170
20 427
325 431
213 174
429 165
262 361
28 398
410 388
1 447
47 108
12 411
31 108
300 438
27 18
12 420
321 309
388 276
213 126
330 443
46 89
255 72
376 277
269 59
32 116
103 102
250 154
405 342
40 424
83 24
20 98
204 162
259 67
35 108
424 410
187 318
67 160
421 355
293 321
82 151
398 49
93 101
327 391
400 51
364 146
25 113
82 153
109 6
417 296
341 34
146 185
221 162
176 194
320 90
227 172
269 75
409 341
186 116
29 397
136 22
255 144
326 101
52 414
30 5
404 388
317 298
390 276
111 15
199 139
321 21
146 32
191 306
293 322
91 13
5 430
249 366
18 275
88 137
361 433
16 107
418 285
257 163
405 410
31 98
417 295
384 52
68 153
323 83
46 424
209 187
343 28
378 32
263 358
322 309
417 152
112 29
280 149
273 162
311 323
320 29
110 10
152 8
187 194
399 18
25 19
94 159
38 414
127 329
145 181
328 93
134 321
265 359
395 361
427 144
127 158
284 156
394 30
277 372
330 114
282 385
301 100
102 152
175 193
406 146
417 407
384 282
268 139
39 398
257 380
274 382
430 140
403 36
94 142
336 378
9 414
434 273
315 88
374 146
143 163
371 293
429 149
428 147
112 325
75 166
281 155
407 330
21 7
30 7
173 336
81 111
259 163
420 137
34 392
272 164
45 103
213 117
332 104
173 222
331 360
324 361
276 26
209 110
427 161
384 345
39 425
306 445
413 293
332 105
391 401
134 17
15 26
177 204
13 265
393 298
417 410
393 337
81 21
82 114
20 100
217 183
95 145
152 17
49 413
254 371
248 63
113 121
292 322
257 74
29 9
228 183
171 313
444 297
402 330
143 331
424 133
271 12
297 301
143 155
277 358
399 300
405 332
232 159
280 369
44 98
315 303
178 336
281 27
211 163
320 311
277 142
46 396
11 430
265 373
259 375
204 130
96 125
322 312
79 171
217 157
97 29
215 188
88 6
35 103
390 303
344 25
436 291
311 418
159 206
369 148
396 27
312 102
304 107
112 109
172 199
261 366
176 217
37 411
276 371
17 11
82 12
76 135
284 380
418 155
31 407
85 134
340 16
317 441
38 25
45 400
375 138
98 12
92 144
14 290
359 164
315 419
312 24
23 279
326 99
313 108
301 436
342 378
337 34
401 335
385 344
154 158
133 325
405 400
409 410
185 110
377 433
198 328
146 167
328 16
157 169
271 75
170 205
318 420
413 154
335 443
344 17
272 28
263 360
136 167
22 2
193 109
142 177
205 136
182 324
8 8
15 97
286 24
184 118
6 265
145 30
400 388
306 88
25 4
436 280
95 113
8 280
185 339
415 405
440 153
160 170
94 165
135 21
114 14
374 138
421 150
420 170
25 287
391 336
184 189
10 272
309 425
361 163
330 422
139 25
152 166
208 171
418 293
431 308
315 329
412 161
371 291
253 152
398 27
329 429
420 388
158 10
25 274
171 333
420 354
398 362
91 97
380 39
271 137
265 381
297 328
412 365
412 158
337 375
307 87
389 290
426 139
375 306
191 309
269 167
103 36
432 162
397 409
386 359
437 149
403 31
284 21
202 132
21 435
135 328
202 165
422 392
380 282
150 21
360 155
276 386
150 2
331 373
161 212
35 8
255 154
385 353
124 335
381 285
220 173
380 303
324 27
325 111
186 222
375 141
262 373
31 26
416 397
325 98
348 146
372 445
22 19
425 132
25 32
381 44
6 277
285 11
282 167
11 287
38 8
419 298
437 297
396 344
334 374
26 7
125 166
381 299
391 349
259 382
322 433
414 296
190 211
413 158
330 383
208 185
263 378
99 20
19 278
23 102
106 328
92 34
315 327
358 437
428 310
120 336
279 163
142 18
251 148
339 372
87 152
326 112
88 17
49 417
334 396
412 402
26 33
77 149
41 411
300 314
375 146
429 290
323 305
246 57
321 394
150 184
112 110
317 112
110 118
88 118
18 284
227 179
143 24
304 423
176 328
405 22
397 276
203 119
192 331
314 301
135 2
401 288
97 164
394 276
192 318
31 5
94 129
138 17
361 166
135 181
333 437
431 289
433 293
364 136
383 284
164 327
189 317
338 379
418 342
98 156
137 23
188 317
192 106
319 370
413 299
104 156
58 416
149 23
392 407
142 17
274 159
406 24
274 53
118 119
89 26
165 219
96 100
388 288
361 425
19 283
27 17
270 0
334 41
5 437
189 218
408 139
270 77
25 29
323 17
412 354
107 114
6 279
395 28
218 171
198 173
39 396
375 139
12 31
32 1
215 172
141 27
267 359
444 285
203 105
369 289
348 448
344 153
336 397
396 283
408 335
376 426
320 21
426 133
196 165
33 401
231 168
173 311
343 21
261 154
188 202
305 108
423 286
179 332
152 162
12 1
410 359
97 149
265 52
403 30
327 116
196 325
389 54
83 16
71 151
268 21
186 330
113 349
367 144
419 401
436 308
385 343
271 53
328 449
128 335
383 26
360 446
189 321
10 291
125 343
183 329
279 13
199 119
410 414
159 32
328 9
57 397
388 336
194 118
425 387
23 412
432 294
107 17
260 169
378 286
178 207
346 154
381 286
22 403
93 149
384 349
30 35
312 439
325 14
329 397
390 295
30 404
17 427
20
