20
4200
10
187 294
154 221
282 216
149 290
33 167
184 104
14 193
112 111
258 94
211 42
266 162
164 110
69 201
195 203
135 103
96 30
56 221
265 73
195 270
122 218
267 155
147 216
51 219
267 78
278 213
212 39
160 109
185 270
128 97
160 107
15 192
192 100
263 91
51 221
111 103
106 103
50 227
60 221
266 88
183 291
270 65
31 164
211 52
262 89
191 268
171 117
258 85
156 293
40 174
158 102
47 221
75 208
186 291
155 108
117 218
70 202
271 169
92 25
20 201
188 271
129 211
23 189
187 197
288 213
6 197
117 104
284 223
113 109
116 210
156 291
290 210
118 218
198 265
268 82
191 200
152 291
193 286
264 89
52 230
177 106
193 279
251 100
161 103
280 219
129 103
125 224
165 114
173 106
258 95
143 296
65 225
286 209
270 81
38 168
200 205
159 109
257 100
157 223
135 98
210 36
59 228
126 212
270 75
14 198
193 292
36 162
113 103
197 294
17 186
155 212
249 93
156 108
118 109
186 206
263 157
155 216
191 261
62 220
50 219
65 208
135 105
127 214
119 217
256 77
18 200
54 226
98 27
272 68
264 93
257 95
180 287
201 262
287 210
221 42
210 39
255 91
62 218
203 265
98 36
39 171
200 202
57 217
187 266
261 167
281 212
51 216
119 109
114 104
264 73
58 225
50 217
121 210
262 67
200 263
139 108
92 38
131 108
280 214
287 213
105 112
255 103
275 212
200 271
33 158
122 228
35 158
141 96
189 102
164 106
190 207
121 224
126 209
155 296
196 277
213 34
199 265
191 199
31 162
197 261
24 169
123 215
272 77
187 204
40 160
260 163
252 87
169 104
192 265
93 37
192 105
260 91
50 215
264 164
117 224
11 192
75 194
188 96
105 114
214 33
269 79
260 66
158 218
217 40
153 289
148 222
19 185
99 30
194 279
116 103
33 171
145 284
129 109
97 31
172 108
291 214
138 112
215 35
203 272
258 104
150 296
265 66
117 109
266 99
87 29
34 158
124 223
150 286
220 45
195 202
196 267
34 171
112 112
143 295
51 220
61 216
13 190
126 214
182 97
16 192
89 24
195 193
213 37
189 278
118 103
95 29
189 266
73 199
140 103
41 163
138 96
161 118
15 193
161 109
203 269
133 103
17 184
157 108
125 220
114 219
151 291
99 24
156 284
265 169
196 272
32 172
142 105
203 264
262 102
70 207
286 218
98 26
112 218
15 194
124 220
252 95
58 226
22 195
259 75
120 212
95 36
38 165
274 212
26 174
203 203
273 166
107 113
190 103
191 106
142 288
167 104
132 103
88 33
197 270
58 228
156 285
254 89
39 167
50 224
24 167
187 293
259 103
180 290
266 78
207 43
269 153
257 75
282 207
196 276
203 208
16 191
138 108
265 165
288 220
258 79
52 225
34 163
289 217
183 289
93 26
118 107
182 292
171 112
27 160
148 299
149 292
155 110
211 37
151 283
67 209
155 107
141 109
94 36
153 292
135 95
164 107
107 115
179 105
128 109
134 108
202 209
198 261
137 112
166 113
74 197
192 263
116 108
109 103
175 104
270 67
262 167
71 192
123 217
159 228
193 199
159 108
259 77
266 153
256 94
264 95
195 267
258 89
51 215
100 27
138 97
279 219
159 222
287 220
155 217
8 190
32 175
261 77
182 296
104 34
160 225
251 99
256 73
200 198
188 110
271 166
30 172
114 214
59 222
113 216
52 220
213 42
190 262
168 112
126 220
290 212
288 219
40 171
31 176
28 174
103 109
188 203
160 114
72 204
287 214
19 190
176 110
277 218
258 98
102 34
189 297
66 202
180 97
100 29
161 101
259 102
27 172
202 271
179 288
197 269
123 213
264 171
62 219
268 71
214 45
125 225
207 40
262 90
8 192
136 102
14 187
261 88
191 211
209 34
190 100
163 224
30 171
147 283
258 164
185 113
167 102
101 31
198 207
75 207
119 218
163 218
181 103
146 217
160 220
24 171
93 29
150 215
16 186
259 98
202 206
286 216
187 208
143 289
251 88
212 50
121 110
196 210
260 87
23 192
64 218
113 220
51 224
261 78
99 22
117 211
278 225
201 207
155 218
99 25
195 194
270 76
195 271
33 166
124 210
88 29
130 221
212 44
120 108
58 224
252 89
254 90
106 114
163 116
181 292
204 271
181 97
204 199
144 297
141 294
162 118
120 210
264 162
156 218
204 38
9 190
183 110
149 296
55 225
131 216
158 292
119 209
152 294
150 282
148 294
171 114
65 199
105 32
124 213
200 273
163 111
158 291
269 82
269 75
194 202
200 272
186 106
284 220
258 73
71 205
202 275
262 169
151 213
36 173
17 199
290 214
261 97
261 67
186 105
35 159
260 78
94 22
187 276
144 106
204 45
202 43
64 194
91 25
162 117
128 210
157 217
39 163
282 224
149 218
203 266
93 36
256 102
201 205
65 210
77 202
27 169
98 23
207 35
266 156
185 97
264 100
202 202
143 98
6 193
167 110
208 49
103 23
163 219
148 297
137 101
159 226
273 167
131 96
279 221
129 220
22 187
195 200
263 76
170 103
189 273
192 290
190 291
58 221
160 229
100 23
99 33
257 159
150 228
218 42
187 200
267 64
255 100
149 294
261 92
104 111
203 199
129 212
266 64
187 96
34 162
178 98
266 161
158 229
198 196
139 110
64 226
148 214
166 106
140 291
258 72
12 200
256 101
146 288
187 295
286 222
106 104
41 161
31 167
269 64
144 286
201 203
194 299
262 165
169 113
203 41
197 268
190 110
105 104
282 211
121 223
14 190
274 219
158 225
279 207
214 36
124 216
197 206
20 193
262 164
272 157
147 215
266 72
255 92
146 290
59 217
142 294
278 210
159 216
74 202
149 281
258 165
128 96
276 216
189 104
139 105
189 289
187 287
254 103
197 279
17 187
179 110
28 168
284 209
69 193
281 208
162 102
145 224
57 218
251 97
261 65
101 26
134 94
132 105
167 106
71 209
251 101
115 107
153 219
47 224
168 110
125 210
9 189
271 69
50 218
262 93
106 108
154 285
148 289
155 215
138 101
214 34
183 103
163 104
73 192
78 204
15 185
193 101
111 102
193 264
249 98
256 162
48 216
148 292
192 288
179 299
203 201
280 215
193 104
157 116
271 160
157 220
251 98
144 284
155 225
267 167
209 50
151 218
196 202
31 172
163 225
267 95
273 214
264 78
176 106
197 265
184 94
52 213
165 108
258 157
154 227
121 209
32 165
288 218
196 211
57 220
143 108
258 103
260 155
196 270
255 96
121 218
137 98
263 89
137 108
194 290
12 184
194 210
101 23
59 219
185 287
191 274
204 49
76 197
201 278
271 70
78 203
50 229
190 210
61 198
120 112
171 103
73 210
180 295
129 96
190 293
178 107
31 163
275 211
102 33
259 68
118 227
263 170
125 226
218 40
14 184
203 202
267 170
268 158
108 115
59 216
271 76
11 193
157 287
197 199
90 23
51 222
69 208
99 21
17 188
104 114
111 109
258 86
55 219
154 224
259 91
183 101
259 72
209 36
197 197
185 286
103 108
182 106
176 102
93 31
22 191
277 211
33 177
196 209
189 97
127 98
200 201
186 207
166 109
139 94
56 212
121 222
93 33
134 98
57 219
120 227
189 105
119 220
254 100
54 222
194 203
188 111
58 220
218 37
208 46
197 211
258 100
194 267
105 115
208 44
93 32
127 108
107 114
13 200
63 216
196 201
168 104
287 212
189 295
260 90
203 48
269 159
108 116
33 170
88 35
142 289
109 118
264 163
28 164
211 43
266 158
189 296
118 115
179 108
178 103
262 166
266 65
64 195
115 109
280 210
53 223
170 114
215 49
157 295
213 36
199 268
211 50
201 277
186 290
196 296
172 111
137 106
120 117
152 281
157 221
204 267
16 190
192 262
90 24
142 100
263 77
163 217
178 296
180 110
198 209
200 196
35 163
12 197
283 217
187 205
116 113
268 164
216 40
194 287
262 162
181 110
32 169
156 222
126 102
199 267
259 99
189 203
177 100
88 31
121 109
257 90
132 218
13 196
202 197
176 99
103 29
200 277
147 286
264 72
287 209
256 74
270 170
160 102
164 104
91 22
267 156
211 39
37 163
184 285
261 87
120 213
178 292
163 220
214 39
118 224
195 201
201 265
202 205
204 201
8 196
263 90
269 168
266 93
47 220
114 222
250 100
62 202
186 202
278 217
28 167
91 37
154 231
133 101
268 75
65 209
122 215
33 163
143 286
220 44
266 73
116 223
182 290
210 40
208 47
158 228
216 42
266 76
147 288
284 222
152 227
71 207
269 65
135 112
101 27
290 211
258 80
173 107
119 115
263 73
130 106
71 202
275 158
136 105
281 207
188 95
36 175
52 217
161 116
14 197
218 45
265 68
172 113
199 266
69 191
67 199
72 197
139 101
189 195
213 47
151 230
250 90
281 224
195 272
250 93
27 164
187 273
152 218
17 189
16 188
88 26
181 286
189 263
58 218
270 158
159 225
22 189
269 74
253 92
194 297
289 213
141 95
126 227
156 216
275 210
255 99
263 97
70 194
289 223
99 26
180 98
61 206
66 195
117 112
186 205
164 120
183 112
192 266
138 106
135 104
272 170
172 112
255 89
150 219
192 201
184 100
153 299
133 107
197 194
277 217
65 219
164 116
134 105
69 209
183 294
67 200
200 262
155 219
149 223
262 101
133 99
180 109
101 22
141 99
263 96
146 286
178 111
265 166
141 295
209 43
146 287
194 269
181 289
122 209
143 99
99 37
15 196
13 198
56 217
37 176
197 202
153 284
261 86
102 31
195 297
47 225
62 224
192 277
179 103
270 68
93 24
127 210
282 210
262 91
194 272
158 116
55 230
51 229
28 161
33 165
268 157
253 95
190 276
155 284
107 110
194 265
177 111
157 288
51 228
214 46
260 96
259 78
260 72
147 281
269 157
161 106
131 109
120 223
287 221
275 213
63 215
288 223
130 99
203 38
260 92
114 106
187 202
186 102
251 94
260 85
113 218
186 101
155 228
117 214
19 195
262 156
20 185
147 284
275 162
196 293
286 215
259 67
89 28
157 112
166 101
215 47
105 118
213 49
161 216
65 220
117 220
281 209
144 102
201 267
94 30
151 216
90 34
126 213
57 214
206 48
106 105
143 102
251 93
16 193
287 218
286 225
110 120
126 224
257 99
208 36
68 203
148 293
129 100
123 214
154 226
129 221
130 96
111 108
132 107
263 171
13 197
115 214
257 103
262 76
263 153
259 66
195 265
149 284
60 229
159 105
182 102
170 109
263 163
11 185
283 219
101 37
186 292
267 159
117 226
55 218
124 212
110 105
194 273
151 228
68 205
253 93
28 165
50 221
157 117
207 34
267 166
264 90
279 213
286 211
154 214
139 111
176 101
219 46
57 222
77 197
185 110
188 108
11 194
187 274
264 165
170 116
96 36
37 167
114 117
259 101
260 94
119 105
106 118
21 194
212 36
35 172
271 80
119 111
38 161
189 196
183 97
214 48
260 101
261 100
50 216
199 210
178 298
213 44
135 108
260 100
197 201
115 116
259 79
8 191
161 226
18 186
98 24
265 67
132 102
283 213
130 98
118 214
194 278
156 296
149 214
13 201
151 295
180 297
201 206
192 204
138 110
91 38
31 173
142 101
59 226
116 106
66 210
206 46
252 96
122 227
119 226
277 208
146 219
213 50
281 218
144 105
149 286
213 35
253 86
128 102
20 199
282 212
57 223
264 64
192 271
198 270
195 260
124 214
119 117
13 199
202 208
121 113
264 155
129 95
255 87
277 223
168 114
120 224
191 270
146 295
153 283
207 37
219 40
253 97
267 158
26 171
192 273
270 155
264 170
163 114
8 189
150 281
20 200
193 100
165 111
191 266
87 26
140 109
58 216
54 220
275 215
71 198
203 198
149 215
180 296
208 37
68 204
115 103
193 290
131 103
185 111
192 294
198 276
101 29
289 216
62 197
166 115
282 213
251 95
212 42
207 50
151 297
142 107
129 99
199 273
158 215
60 226
198 275
155 289
176 104
32 174
151 229
51 214
159 104
39 174
65 197
261 99
100 31
116 218
111 113
193 287
60 228
160 214
183 107
144 289
96 26
38 172
75 206
188 270
283 221
282 219
281 223
158 108
149 295
194 295
16 194
122 225
279 214
145 288
61 227
191 286
156 112
31 165
117 108
106 117
41 172
14 183
144 287
122 220
94 21
197 272
18 185
260 75
188 205
271 77
191 203
157 296
198 205
181 105
59 220
202 264
19 189
115 104
181 101
186 267
119 112
187 268
268 166
205 34
131 111
289 220
192 261
59 225
40 163
270 163
16 195
129 222
145 281
33 160
189 101
184 103
210 48
190 96
125 213
59 215
41 171
67 194
213 46
190 278
256 100
215 46
193 198
173 111
20 186
143 103
119 215
157 213
191 265
263 72
110 104
189 298
176 105
192 208
25 170
267 79
195 268
153 224
61 204
127 225
77 199
191 201
39 162
261 71
148 281
218 46
177 98
52 214
156 113
76 195
260 89
6 189
286 214
90 32
33 175
138 95
37 161
156 217
192 212
61 224
160 104
269 70
60 220
276 217
266 157
14 194
63 196
198 200
158 226
188 290
131 105
254 98
155 292
67 202
267 80
203 267
267 68
198 199
287 216
160 113
23 194
212 46
205 44
182 288
141 106
20 189
61 229
256 89
252 94
177 105
209 37
184 287
170 113
115 213
162 101
193 267
24 170
145 293
38 160
203 42
119 114
256 98
273 165
264 99
153 296
129 101
98 22
254 85
114 102
60 223
193 288
127 220
24 168
263 87
271 74
275 73
33 173
133 104
12 198
129 104
167 101
190 211
198 271
102 35
99 27
25 166
104 108
181 107
111 106
268 78
215 33
148 226
118 210
135 97
22 197
70 210
118 104
219 45
264 153
118 113
252 91
91 27
149 297
197 210
187 98
211 41
49 224
158 287
187 112
142 296
143 106
54 223
278 220
157 228
152 285
266 165
276 212
61 226
21 190
260 67
87 34
267 82
195 298
155 222
104 29
204 40
266 172
157 230
145 217
56 211
32 158
116 213
101 38
271 154
98 34
210 37
141 98
183 99
55 224
264 96
34 159
187 290
60 205
194 199
160 117
265 64
51 223
166 108
159 114
101 35
119 225
187 271
23 193
186 113
30 174
259 165
274 73
181 291
254 91
141 111
11 197
197 204
152 288
185 103
22 194
61 202
33 161
5 194
105 29
129 98
117 225
123 221
284 214
53 217
37 173
200 275
194 277
66 200
111 112
70 209
129 105
154 283
170 111
152 226
27 167
283 211
207 42
40 162
165 101
9 191
282 223
187 110
75 196
127 219
190 292
192 267
15 189
194 205
276 223
194 275
119 224
48 220
18 191
180 101
7 193
264 67
283 218
155 295
5 189
190 109
267 70
69 207
267 76
144 103
7 191
188 201
262 78
149 222
261 79
181 287
258 71
185 296
67 208
145 223
189 268
184 299
15 201
52 219
158 118
102 30
196 278
114 220
109 110
201 196
205 41
204 206
144 291
113 215
71 200
258 167
116 105
213 38
111 110
27 159
55 221
68 210
274 156
140 290
258 162
218 48
280 213
156 213
58 217
146 282
55 228
126 103
190 285
142 297
268 94
252 101
214 49
199 196
183 296
64 196
129 217
12 195
64 217
8 186
131 99
265 82
69 200
260 170
130 214
53 222
283 210
77 207
190 102
90 29
273 159
196 206
195 204
170 117
195 295
12 196
254 94
150 292
51 227
147 297
96 20
26 164
186 269
265 156
262 73
50 228
269 161
42 167
198 204
268 168
286 217
263 70
195 273
160 218
161 115
66 193
180 99
66 205
271 158
274 167
131 104
17 197
191 198
129 219
181 295
95 22
96 28
219 47
130 218
204 200
289 219
289 209
201 272
269 164
96 31
118 222
197 266
64 208
103 25
210 49
206 47
171 104
105 30
185 288
20 197
96 32
48 215
158 106
74 198
18 201
103 31
18 194
194 206
71 196
288 214
212 47
270 156
108 106
194 104
190 294
183 285
249 96
183 105
161 104
266 163
100 33
274 164
257 76
272 159
64 215
94 31
193 291
270 168
68 198
220 41
212 43
161 107
101 28
126 210
38 166
112 109
116 119
193 271
199 211
196 197
160 217
288 210
19 187
195 289
251 91
52 227
103 34
179 106
215 41
137 99
7 195
141 296
276 209
213 48
145 221
260 95
190 263
26 173
161 110
116 220
163 223
109 104
158 288
158 214
199 277
74 194
33 162
162 223
125 215
131 218
98 33
260 156
269 154
214 38
70 208
170 110
148 288
88 27
7 188
42 166
263 95
269 66
202 44
148 229
161 112
26 166
209 33
150 217
74 205
144 296
106 107
202 277
115 108
157 286
62 225
73 207
147 223
276 220
172 104
120 217
202 201
74 203
95 35
11 200
274 159
34 161
34 168
197 208
191 208
256 76
194 197
89 33
105 110
23 190
105 34
194 209
189 270
142 98
259 89
194 294
96 27
197 262
208 39
95 26
75 193
39 160
34 167
104 27
167 109
10 190
265 101
257 98
188 293
258 163
19 191
13 192
27 173
104 35
272 74
35 161
267 162
26 167
254 87
186 299
141 110
137 102
177 99
118 116
166 102
179 104
54 229
37 166
254 102
138 104
202 207
107 118
168 115
210 35
167 113
139 103
122 222
193 263
176 103
154 223
200 274
120 115
291 213
88 32
36 165
195 288
260 69
199 204
112 114
110 106
190 266
212 35
199 198
270 165
273 157
194 270
48 219
131 112
168 118
149 280
274 162
204 273
186 274
157 114
161 215
35 162
178 110
201 274
43 167
152 286
172 105
73 196
157 107
273 71
185 101
69 203
260 164
140 292
147 225
188 199
134 107
278 212
203 40
55 227
192 276
199 194
116 222
137 107
16 200
153 297
179 295
138 111
18 195
161 222
30 158
32 159
193 278
127 104
41 167
152 217
212 51
122 221
263 80
264 157
163 119
153 295
161 214
185 299
110 118
166 114
38 163
197 200
161 119
266 66
200 268
160 228
266 89
123 224
35 176
192 269
260 73
195 293
186 200
145 295
275 159
143 101
56 223
150 213
118 209
118 219
284 221
139 98
64 225
284 216
212 45
186 296
152 230
119 106
136 101
268 68
112 118
271 66
260 161
152 213
193 270
163 115
116 212
37 159
217 43
19 193
200 197
187 105
203 205
31 166
190 209
262 155
188 274
131 221
132 111
193 206
261 91
257 101
203 268
96 21
191 275
54 230
273 161
190 298
174 104
77 195
280 207
128 213
154 290
148 298
135 110
150 283
103 107
143 294
258 91
160 110
150 226
120 105
259 169
136 107
207 39
255 85
140 104
110 108
185 106
157 215
188 97
146 292
29 162
262 98
162 106
103 112
57 225
22 192
133 105
111 116
18 187
200 200
284 212
31 175
32 161
263 164
180 111
135 113
143 105
259 93
27 175
69 199
284 225
202 196
91 28
205 48
274 210
114 224
63 218
281 213
64 221
277 220
257 74
142 290
120 116
198 201
264 154
102 26
202 39
101 34
64 223
112 116
206 37
193 293
157 216
9 185
260 168
115 111
156 214
188 295
187 285
184 112
120 110
188 105
166 104
195 274
219 44
149 224
190 269
192 274
28 159
162 113
120 106
263 154
278 214
169 102
215 45
133 94
279 211
12 192
127 222
204 202
102 28
158 111
41 173
159 217
135 96
204 37
95 25
68 208
157 219
154 296
264 159
187 113
63 206
164 118
90 37
65 200
196 261
152 220
151 224
5 193
273 162
8 197
180 298
204 39
57 213
270 162
266 80
118 226
178 101
62 223
211 45
107 119
282 222
180 112
191 285
15 184
39 166
25 163
275 165
144 294
135 93
275 219
194 211
27 165
216 47
122 219
178 297
124 218
129 106
167 114
199 202
192 198
184 113
199 205
38 173
283 208
61 223
188 208
261 102
185 293
261 158
160 222
271 79
152 222
189 277
158 212
280 212
18 192
194 261
108 119
291 218
255 88
56 224
159 113
288 208
270 164
264 91
267 67
202 273
74 196
285 210
216 43
203 207
187 111
99 39
113 222
182 294
181 294
29 161
168 109
24 164
187 109
265 79
290 218
203 45
17 194
114 215
158 230
24 163
257 69
150 222
271 167
121 219
276 215
204 47
186 112
150 230
212 49
161 102
188 198
202 199
77 198
169 118
270 74
92 36
9 193
153 291
154 218
215 34
177 107
188 264
192 211
135 109
186 286
143 293
34 174
155 224
188 269
163 107
158 227
253 87
68 193
166 118
267 65
98 29
68 194
150 221
194 271
139 104
121 211
180 293
258 74
118 211
202 263
7 192
259 81
281 216
188 210
273 79
153 214
191 209
74 201
26 170
86 30
125 216
148 296
151 290
104 113
13 186
109 114
57 212
57 229
199 264
217 45
128 224
155 287
276 213
199 207
155 221
16 202
147 298
100 22
113 119
252 99
250 91
189 269
210 51
200 207
194 204
275 218
158 293
34 172
133 111
63 194
193 261
120 215
254 101
128 211
261 68
197 209
27 168
261 162
151 288
150 229
272 66
260 65
21 198
158 213
63 203
141 293
264 167
277 216
187 206
220 43
272 156
93 23
178 112
187 209
146 293
258 92
12 202
179 293
38 167
100 34
261 81
204 207
75 201
137 95
208 42
201 273
188 291
66 209
151 296
191 288
117 219
184 114
192 278
93 34
32 166
189 199
149 282
188 207
195 291
144 221
138 103
92 35
153 221
154 228
265 171
140 98
6 196
188 292
68 196
151 294
103 36
193 108
119 214
14 199
257 162
260 97
204 43
187 275
9 201
100 21
170 115
66 194
211 32
37 164
164 100
191 297
63 205
92 28
130 212
55 215
263 75
200 203
108 113
269 80
5 192
161 225
32 176
286 207
191 277
147 290
198 208
158 289
184 97
142 291
124 226
201 195
262 168
169 115
141 292
196 295
166 116
154 298
121 213
264 92
16 196
12 191
91 35
163 222
17 193
209 48
196 268
70 198
265 163
260 169
196 290
155 291
166 111
11 196
289 212
114 212
195 263
76 207
88 30
102 29
112 104
58 215
152 216
131 217
258 66
69 202
191 273
96 33
256 93
35 165
151 287
126 211
149 226
64 203
199 206
73 197
91 30
120 209
178 104
259 74
104 110
271 164
141 288
155 114
123 211
189 209
65 192
68 207
6 198
190 202
127 99
192 194
199 199
261 64
284 213
36 169
36 167
97 37
87 33
268 153
214 41
269 160
130 104
114 113
192 106
66 201
15 186
115 118
152 225
140 108
213 45
11 198
255 95
129 218
195 277
142 284
127 221
19 198
279 218
173 113
11 184
169 107
194 196
197 203
61 215
150 285
258 161
62 214
12 186
217 48
94 26
257 79
259 167
73 209
175 101
134 102
262 79
35 174
211 47
211 35
31 174
90 33
119 222
154 215
270 66
176 107
273 74
195 206
148 228
60 214
65 196
187 298
37 175
193 195
49 217
89 29
117 107
157 226
261 73
191 111
63 223
163 110
218 43
8 185
188 287
201 198
142 104
284 210
75 209
104 25
203 43
57 216
40 164
215 39
210 38
170 107
140 102
184 95
162 221
210 50
186 100
95 30
172 110
148 224
193 107
266 77
268 64
186 110
204 272
148 223
150 291
94 23
213 33
281 225
166 117
14 185
109 108
158 294
39 175
267 94
33 157
62 195
153 294
263 158
191 271
158 104
189 271
263 88
147 285
162 226
193 211
217 49
201 197
78 205
72 205
128 105
127 226
187 203
56 216
138 99
6 191
195 205
273 220
161 220
154 216
192 298
284 224
159 118
194 266
109 120
60 222
149 293
4 193
156 212
54 221
89 31
265 92
21 188
189 112
285 215
268 70
118 215
207 51
191 269
190 267
114 217
132 110
157 294
36 158
14 188
186 107
10 192
167 105
137 96
128 220
253 102
156 115
281 210
14 191
17 201
286 210
261 80
130 102
186 109
116 226
114 114
268 154
262 170
160 216
190 268
260 68
50 214
56 219
112 117
128 217
73 193
192 299
181 100
192 264
127 105
211 38
49 223
178 109
265 94
129 108
206 41
275 221
164 105
165 105
209 51
101 24
97 21
263 101
257 166
144 101
261 95
286 220
126 215
200 208
275 166
137 103
261 96
217 36
147 214
53 213
113 217
179 112
183 290
257 86
169 109
115 117
266 169
204 42
187 292
284 207
29 160
265 91
190 198
68 197
138 98
110 109
137 105
62 222
128 225
112 102
145 289
169 108
76 202
74 209
130 95
147 287
196 292
103 26
51 213
217 50
195 290
271 165
199 270
202 265
186 96
104 33
25 167
107 109
189 262
62 200
188 209
188 206
159 115
172 106
272 70
180 100
104 116
63 220
180 95
104 107
263 71
161 218
65 194
271 159
10 193
163 103
209 35
154 222
193 210
131 215
137 104
257 67
152 290
283 209
33 174
273 164
107 111
272 164
57 227
188 299
153 225
70 201
39 173
286 213
23 196
186 298
38 159
121 111
7 199
191 109
96 22
267 72
134 100
200 278
54 227
195 208
179 109
147 299
138 105
112 113
189 201
16 198
178 108
130 216
265 170
17 191
159 290
93 38
151 227
116 214
193 102
185 289
108 111
156 221
58 222
60 215
104 28
273 169
113 116
192 272
118 118
184 293
266 68
140 96
58 213
175 102
60 203
263 166
290 220
193 266
33 168
187 101
147 226
190 273
52 228
65 203
163 108
184 286
20 187
144 292
188 289
189 211
65 222
13 191
9 198
261 157
14 200
107 117
213 39
255 97
185 112
173 114
129 216
133 110
220 42
210 33
266 90
188 266
188 196
206 34
67 203
262 86
191 110
200 199
118 223
111 119
91 36
158 286
94 39
76 205
134 101
42 165
153 217
194 198
90 25
36 166
10 197
210 46
202 38
13 184
262 85
144 104
285 214
253 91
105 31
128 216
103 33
206 50
127 102
18 197
180 103
117 223
165 103
115 217
160 103
289 222
100 39
258 168
56 222
102 27
102 23
209 45
140 101
186 111
183 104
197 275
267 93
147 228
157 109
252 97
130 101
186 201
133 112
253 101
98 37
273 67
184 101
277 224
118 220
191 279
132 101
98 38
143 297
64 227
65 217
75 195
179 296
283 212
120 211
67 206
155 290
150 290
281 222
102 25
41 166
273 77
131 101
284 217
251 87
111 111
61 201
90 28
70 200
201 209
108 112
272 165
157 284
69 196
48 224
259 100
274 76
256 86
148 290
89 35
60 213
124 211
193 297
259 88
198 273
290 215
96 24
192 279
260 86
117 216
157 212
158 224
115 222
128 214
272 163
35 170
264 87
191 298
157 113
207 33
49 215
260 99
142 109
189 99
62 205
207 38
157 106
118 112
253 99
169 112
116 110
204 36
74 193
140 287
23 197
29 170
187 286
198 203
56 225
183 299
163 113
163 118
118 108
184 288
133 102
91 29
152 287
265 98
143 291
116 109
215 38
187 103
268 167
171 108
262 82
216 34
197 264
40 168
61 197
47 219
182 291
153 215
191 99
203 273
196 294
196 208
99 29
88 25
272 154
201 199
265 153
89 37
36 164
182 100
16 199
49 222
260 158
110 103
183 287
113 112
9 188
29 173
148 283
197 196
265 87
209 38
29 163
264 82
30 164
273 76
148 217
260 93
90 31
143 288
13 189
25 173
155 220
127 213
99 32
114 111
94 35
217 38
248 94
63 198
142 287
262 71
34 173
140 107
190 290
89 27
179 289
150 212
195 211
187 264
163 112
150 220
142 286
63 200
279 224
100 28
185 99
206 40
189 100
265 76
145 220
140 105
130 108
138 109
36 170
65 195
120 114
66 203
165 113
54 219
142 103
192 270
70 206
97 25
257 97
117 114
37 170
259 161
156 104
209 47
121 225
71 201
49 218
185 108
192 109
184 294
127 217
142 106
145 218
132 100
263 169
173 112
118 117
148 282
156 106
208 48
136 108
77 204
193 208
140 286
250 92
64 220
116 107
147 224
64 207
276 222
101 30
148 285
58 219
63 208
256 92
189 208
76 196
264 156
53 228
153 288
71 197
15 195
29 165
8 195
201 201
52 215
102 111
63 221
260 166
116 104
153 229
139 112
147 291
174 110
284 215
54 212
199 279
177 108
143 284
103 35
159 107
92 30
133 100
191 196
153 226
175 108
262 87
156 230
157 290
148 284
63 199
123 212
153 212
130 97
132 112
262 163
125 227
165 115
72 198
191 197
168 111
186 271
192 99
34 169
64 204
262 70
164 221
266 152
124 219
264 80
209 49
170 106
218 38
106 112
275 223
95 27
184 292
166 119
272 76
17 198
62 217
263 93
62 215
95 37
250 98
19 186
129 214
25 168
72 208
77 206
49 214
270 160
52 218
265 100
14 195
150 223
109 113
291 216
269 67
152 214
29 171
70 197
269 72
187 107
254 86
265 162
110 113
67 210
197 195
200 210
159 213
271 168
24 193
159 214
202 45
192 268
120 218
159 103
219 41
96 40
14 186
95 24
54 214
155 282
288 224
138 100
166 107
12 199
254 97
195 292
291 219
195 213
196 269
156 116
62 208
198 206
258 69
11 188
89 30
264 70
35 171
150 216
215 40
198 269
40 170
154 230
265 77
136 99
158 216
110 117
123 216
158 114
96 39
268 159
125 223
192 200
50 213
12 193
114 218
258 77
99 36
191 101
263 82
163 101
147 221
144 99
110 111
65 201
285 213
58 214
120 214
9 194
204 44
189 291
49 226
134 112
119 212
182 101
32 160
141 285
54 224
17 202
95 31
200 270
191 293
127 211
78 199
134 103
184 105
122 214
258 97
11 195
71 203
214 40
156 107
114 103
271 161
275 160
196 194
199 274
279 217
153 293
185 102
218 49
158 117
160 115
11 187
47 222
158 221
150 224
64 202
151 286
269 166
262 94
196 200
30 170
164 108
54 215
49 219
162 115
151 212
192 296
154 288
140 100
123 209
17 192
16 189
110 107
196 265
203 270
157 214
257 163
258 156
188 98
116 118
12 194
145 283
196 203
181 297
155 113
126 106
97 27
146 216
147 294
262 153
162 105
31 158
36 161
184 107
278 219
254 88
99 23
125 214
210 44
264 169
257 93
41 170
277 209
117 221
153 286
114 116
256 91
189 285
66 198
89 23
269 78
258 160
164 109
156 220
252 90
73 201
120 109
268 169
109 117
264 102
193 277
277 222
54 218
188 113
109 107
105 108
61 220
160 106
108 118
112 115
61 199
195 212
93 22
126 216
55 212
135 107
104 32
188 107
52 226
265 74
117 113
207 47
155 112
258 96
88 34
112 103
156 114
274 220
187 288
165 102
211 40
151 222
63 195
189 275
144 298
191 107
48 218
202 203
56 213
255 94
255 101
277 221
272 75
200 209
202 266
115 102
260 80
59 229
65 206
273 213
144 288
10 186
111 115
121 216
153 227
281 221
185 98
50 220
128 106
122 212
216 48
179 96
269 81
128 215
257 77
270 171
192 292
193 295
195 280
111 107
219 39
73 198
270 159
53 212
57 221
194 288
259 92
101 25
148 216
268 65
77 203
188 276
31 171
68 209
94 29
188 112
162 216
272 167
62 206
265 161
204 46
13 193
122 216
155 226
139 95
50 223
60 201
119 118
274 70
35 175
259 65
27 171
183 98
164 114
268 81
190 99
47 218
7 200
126 217
211 48
278 224
261 163
196 271
263 161
203 47
53 216
177 104
136 110
121 115
78 198
158 110
205 35
35 164
129 213
95 38
263 74
270 167
140 293
188 265
37 172
132 104
265 88
152 296
35 173
128 100
95 28
113 108
150 299
184 295
259 86
182 289
167 117
135 106
10 196
211 44
34 165
7 194
25 172
268 79
267 165
118 225
74 195
268 171
99 35
147 293
114 216
7 198
141 287
189 210
162 225
273 69
261 156
75 203
107 112
104 24
141 101
257 164
208 43
78 201
131 97
190 272
150 297
274 72
121 221
11 202
11 190
183 95
261 93
260 71
94 28
90 30
57 215
192 295
10 202
153 290
119 110
199 203
130 217
49 216
146 296
204 268
215 44
147 222
189 202
146 299
109 115
20 194
267 163
188 286
285 209
183 292
64 206
198 277
185 297
60 217
24 165
260 70
170 102
91 32
176 108
260 165
287 208
189 204
21 186
72 195
192 101
30 169
129 223
255 73
38 170
32 163
57 226
182 111
189 274
149 298
58 227
267 153
156 287
216 41
32 173
127 97
282 220
147 227
142 293
28 172
259 94
276 218
36 159
92 26
121 226
177 109
193 298
68 202
67 196
109 111
113 120
105 106
142 295
175 107
270 166
88 36
89 34
216 44
189 286
198 197
264 77
274 168
136 109
155 227
287 211
259 73
187 99
67 193
276 221
141 100
280 217
126 101
262 95
116 215
169 105
163 102
130 219
201 275
260 160
60 227
187 95
273 168
39 164
108 110
118 212
12 189
263 68
152 298
262 160
72 210
286 223
203 37
61 225
54 228
162 114
12 185
75 200
61 207
162 119
151 215
151 221
279 208
273 75
32 164
160 105
271 68
8 198
203 209
61 196
272 160
100 35
258 78
121 112
180 105
160 223
263 98
212 33
283 222
26 169
115 110
265 95
74 204
198 211
157 229
286 212
140 288
161 227
190 274
191 194
267 154
272 155
60 219
71 210
263 69
179 111
122 213
260 88
199 261
72 194
252 98
186 289
205 38
262 88
278 207
19 188
150 287
32 162
117 105
194 268
134 96
265 75
266 100
198 202
128 222
149 288
77 200
188 202
11 189
163 109
142 97
271 162
67 197
107 108
189 265
63 207
183 293
171 107
115 216
280 224
215 50
179 297
123 227
48 226
131 107
141 286
22 198
264 66
190 107
162 110
129 102
158 112
105 26
158 290
291 215
119 213
113 105
204 41
8 193
164 112
42 171
257 87
39 165
191 97
131 95
42 169
146 218
60 212
115 105
55 220
61 205
103 114
155 293
170 108
261 155
134 99
186 108
193 289
96 34
185 292
114 221
194 195
192 206
104 112
167 115
190 289
109 102
198 272
264 75
179 97
152 297
40 161
27 166
157 292
171 105
184 109
182 96
196 198
180 289
53 214
131 219
61 228
69 205
190 206
268 76
207 36
257 88
208 50
158 109
117 118
190 265
258 102
125 219
265 96
132 99
204 35
112 121
29 168
52 223
285 208
273 73
151 220
190 106
18 189
162 218
202 272
20 192
191 108
172 116
187 106
132 98
149 221
156 219
60 216
154 291
158 222
89 32
115 115
267 69
116 115
273 216
189 206
250 97
97 36
149 291
11 201
159 106
160 116
190 98
261 159
268 77
26 163
191 206
202 198
33 159
257 85
58 223
178 295
175 105
187 299
216 45
110 119
202 42
256 97
115 215
19 196
282 221
261 89
137 110
69 206
267 73
21 189
185 295
113 114
274 221
188 297
212 48
194 296
71 206
150 218
151 299
73 202
281 217
266 91
87 31
263 78
29 174
201 208
266 96
259 158
267 161
12 187
87 28
19 199
7 186
153 285
264 81
202 46
76 203
153 216
115 106
127 218
206 42
27 161
189 98
152 284
10 189
183 96
188 104
164 117
143 292
279 220
191 291
61 218
185 291
57 228
96 23
276 162
261 70
154 284
149 285
138 102
214 47
149 283
156 110
190 104
201 204
154 286
271 72
256 71
70 203
96 35
106 30
179 292
148 225
65 221
76 199
143 107
93 35
131 220
271 65
184 290
36 171
290 221
216 46
267 97
288 221
273 156
158 113
118 106
158 220
8 200
189 108
144 290
258 101
28 173
279 222
137 97
66 204
266 155
143 97
171 110
285 224
120 113
260 98
281 215
29 172
131 98
68 206
252 100
279 225
192 195
30 162
175 103
191 299
118 216
186 295
193 207
149 219
182 99
185 105
134 111
193 294
200 266
108 104
151 298
53 226
194 212
63 197
68 199
250 88
191 287
62 194
191 272
266 171
190 295
280 222
196 204
197 277
52 224
160 213
155 294
200 264
154 297
56 214
142 110
69 192
150 214
123 220
159 227
193 276
208 41
139 99
130 224
164 103
169 110
99 38
250 89
156 226
165 119
264 101
286 224
156 227
164 101
185 96
181 290
74 208
73 195
268 163
149 299
265 97
128 226
138 94
183 106
267 77
264 98
26 160
202 210
73 206
40 165
59 218
130 213
40 173
257 72
132 109
161 224
146 284
186 273
93 39
274 211
140 110
257 92
156 105
122 111
255 102
154 225
127 101
31 159
62 199
22 188
63 222
115 113
154 282
156 294
135 94
109 109
124 225
61 217
286 221
160 219
266 79
113 117
65 218
155 288
72 199
156 283
260 79
190 197
190 97
215 37
13 194
130 215
279 212
157 110
279 215
196 207
204 266
154 289
76 204
128 99
55 214
69 197
181 102
127 103
277 219
261 165
130 222
262 96
57 224
261 94
21 200
192 289
166 103
117 117
186 297
261 76
196 199
274 157
271 170
206 45
262 74
124 221
274 218
129 97
141 103
264 68
111 114
191 263
267 96
214 44
168 119
255 90
92 22
68 201
90 22
285 222
184 99
30 165
187 199
94 25
159 223
281 220
263 64
203 276
151 214
150 294
52 212
139 290
146 291
149 217
199 275
134 110
141 97
162 107
34 166
105 107
93 25
209 41
135 100
195 299
272 168
195 207
98 31
249 95
112 107
265 69
59 230
110 115
10 198
213 51
210 43
145 287
109 106
195 209
73 203
146 224
143 104
218 35
192 199
128 107
190 200
180 113
92 27
107 105
66 196
117 106
10
