20
4500
15
200 240
55 22
235 259
128 365
216 379
106 240
334 71
49 374
147 310
212 84
138 280
29 112
69 215
165 23
385 277
232 199
278 155
292 84
355 47
119 333
27 126
187 243
117 233
394 282
219 82
278 147
230 248
107 332
241 272
144 284
398 281
194 249
215 392
323 77
101 226
219 194
221 90
222 210
154 16
287 87
326 63
200 252
236 207
63 18
121 326
301 95
126 357
211 372
235 267
62 34
68 207
224 86
61 207
359 45
203 238
364 37
153 310
150 304
41 116
57 385
379 282
129 288
161 314
353 57
277 154
232 214
333 72
391 289
171 17
398 278
80 213
331 67
52 388
154 317
65 224
137 309
296 80
331 84
208 83
210 232
164 17
398 270
384 283
228 188
367 41
128 276
142 303
227 194
379 269
286 150
177 20
57 14
326 78
59 11
118 371
243 195
394 273
237 212
125 365
273 169
139 374
117 230
238 210
69 228
226 205
38 115
192 250
141 285
268 166
264 152
285 93
344 75
221 76
234 252
224 267
216 365
114 366
266 163
32 110
244 198
37 110
122 362
57 368
287 83
62 375
283 158
60 8
206 232
344 61
279 147
202 232
170 31
268 144
20 100
387 274
112 245
96 243
393 274
80 221
142 287
227 247
34 121
54 28
237 266
225 258
97 248
188 244
96 246
69 217
345 77
76 208
212 97
228 256
290 156
371 282
202 79
365 49
143 270
44 386
59 30
158 304
167 11
280 154
118 329
109 335
217 384
289 148
123 336
220 373
288 156
294 98
189 239
374 277
124 334
326 73
230 210
301 92
41 113
196 237
156 13
297 87
337 84
334 67
36 368
378 272
241 196
150 315
129 330
281 162
381 267
176 16
138 367
380 285
187 237
170 33
229 205
30 121
223 193
282 157
112 239
207 82
171 28
42 384
51 380
398 279
205 95
132 275
284 90
212 85
176 13
239 192
114 234
127 354
209 243
66 210
202 384
396 267
179 24
196 239
264 156
306 86
287 150
286 153
285 75
40 379
59 213
225 367
237 195
129 371
347 76
158 318
390 277
273 165
396 278
294 92
283 75
350 44
39 115
19 118
110 342
40 365
140 362
281 150
130 279
275 157
221 96
50 387
373 274
145 302
173 33
132 272
358 60
223 250
224 205
368 48
353 41
324 67
65 209
138 274
354 46
19 123
58 18
71 210
66 215
60 383
132 281
150 273
231 272
50 384
25 98
144 271
298 89
19 104
124 321
226 259
112 230
105 240
304 84
342 68
36 102
61 23
28 100
234 262
218 88
224 384
292 94
142 276
378 287
245 197
208 82
24 119
236 253
53 16
359 41
22 105
334 84
239 193
132 370
357 56
329 84
123 375
209 242
286 154
196 232
107 241
222 260
51 17
225 207
153 311
117 319
123 368
227 195
39 372
100 240
200 254
49 375
205 375
282 164
124 370
356 50
58 386
385 279
58 385
131 278
211 373
291 156
71 208
289 161
229 380
81 209
18 122
149 321
219 370
357 60
150 298
280 157
345 78
342 81
44 28
209 390
241 258
298 84
119 328
156 22
147 302
140 293
205 229
139 286
209 381
374 269
51 361
344 46
335 71
266 149
46 386
107 335
216 383
131 333
299 92
273 166
343 74
150 283
284 153
220 203
333 62
142 369
242 252
105 238
108 240
287 148
25 105
268 163
209 367
135 293
154 304
110 231
135 311
153 26
26 107
140 281
380 271
174 26
132 286
52 365
373 277
47 386
49 387
362 54
38 111
331 57
158 28
264 153
111 323
35 370
176 22
245 259
209 386
134 375
125 326
151 22
189 230
29 106
146 312
62 21
333 84
344 60
290 158
204 376
56 24
368 43
224 88
106 336
42 111
336 71
145 291
367 40
225 82
25 106
113 236
223 386
66 222
208 250
238 192
198 254
195 231
346 65
228 213
151 25
38 109
138 267
67 219
200 238
225 377
224 199
203 248
214 87
112 336
62 214
158 24
385 280
334 77
288 144
303 75
366 52
213 382
344 55
279 86
242 246
277 161
154 297
203 73
25 100
124 280
303 93
224 391
335 60
346 78
282 76
290 92
240 249
133 360
206 94
354 40
190 238
187 238
58 212
131 376
356 60
62 33
62 31
36 380
61 368
214 365
281 77
206 231
244 200
284 79
34 113
331 66
174 19
232 251
60 366
153 303
224 268
67 213
123 338
206 238
157 300
281 163
279 168
124 283
209 375
154 32
58 11
334 76
124 320
40 378
141 288
126 371
59 222
127 343
27 102
339 69
43 114
344 49
131 357
139 375
160 34
162 13
204 236
68 227
151 20
225 206
68 224
345 69
283 157
235 260
114 249
117 234
48 35
339 83
67 228
208 78
66 30
123 371
131 275
104 242
346 54
356 46
145 315
217 92
127 375
359 57
40 108
26 126
123 362
212 81
237 191
28 116
44 375
195 230
203 242
47 372
47 384
58 363
133 355
269 153
64 216
124 276
28 101
164 24
116 344
330 77
121 375
117 247
276 164
293 88
268 152
18 117
128 372
219 88
141 305
102 227
130 374
238 266
136 269
133 336
69 213
70 225
29 110
111 336
77 226
196 251
272 148
35 379
202 228
174 29
145 278
94 236
222 256
43 366
62 378
99 252
222 253
208 387
131 371
54 378
237 197
243 203
209 233
203 236
25 112
223 81
136 359
354 60
385 276
237 188
106 328
293 81
208 75
37 365
392 274
344 44
125 342
43 113
292 89
30 120
37 369
128 371
394 268
324 65
289 90
264 151
332 60
143 316
326 81
206 377
248 262
211 89
279 152
227 196
83 218
233 201
42 20
208 232
211 94
132 340
49 361
341 74
122 358
124 340
138 268
385 262
220 372
107 240
221 371
336 83
324 74
213 71
24 123
381 288
135 362
53 34
244 257
342 63
180 23
206 78
49 17
234 189
144 277
157 29
171 22
336 66
234 267
207 72
130 286
115 243
358 35
287 95
117 331
60 35
208 95
74 216
325 66
340 64
389 273
209 392
141 371
209 241
38 379
210 388
237 258
246 195
171 31
35 377
280 165
270 147
333 67
390 272
240 260
95 230
47 16
159 303
210 247
241 254
246 199
120 369
358 40
147 276
205 230
68 229
96 237
288 77
199 84
287 164
118 231
216 76
138 309
145 275
338 81
242 206
155 34
225 194
139 303
120 335
283 153
365 48
40 105
230 195
111 243
134 291
203 76
175 13
116 341
209 78
224 385
103 244
99 230
193 230
216 95
231 208
139 274
118 337
276 154
99 231
226 248
140 366
383 269
304 75
278 159
142 294
116 336
277 84
102 228
206 248
209 97
131 293
208 376
117 242
153 15
116 370
106 248
225 212
374 286
44 387
236 212
105 331
62 227
56 22
68 206
153 29
211 245
224 195
332 83
97 251
186 242
266 154
295 92
323 80
276 155
117 337
58 368
58 30
179 23
221 209
66 18
210 386
135 294
207 376
194 245
271 160
141 270
221 208
16 115
242 249
241 246
131 267
206 242
360 44
244 199
102 230
142 292
52 362
233 269
157 26
127 289
337 66
133 307
211 235
19 103
144 319
106 337
101 231
290 93
48 21
101 246
343 52
244 262
208 233
296 97
228 185
389 275
41 108
120 327
155 16
380 264
62 19
278 148
392 265
302 95
71 220
55 14
141 273
280 86
270 143
384 269
116 325
132 268
272 152
391 282
209 232
58 31
47 26
354 54
15 107
114 338
288 73
228 269
302 94
243 191
219 75
212 366
150 322
277 150
140 271
142 270
123 351
136 301
338 73
382 286
273 160
42 108
353 54
236 190
284 156
201 242
129 273
200 245
50 372
220 72
114 251
46 380
128 358
189 236
45 371
287 147
63 205
61 11
104 248
73 202
215 88
147 306
221 194
222 202
58 373
133 266
28 109
200 76
210 92
232 212
300 88
25 118
27 107
22 104
220 380
220 367
108 332
44 364
371 277
356 49
342 62
342 46
136 276
64 28
379 274
364 38
211 70
362 34
133 374
365 55
226 249
375 266
270 156
240 247
70 214
203 376
46 377
281 165
138 362
67 30
176 28
56 10
59 14
228 271
327 79
147 304
61 9
232 248
379 281
357 46
97 242
159 35
44 361
214 77
60 212
156 316
269 154
154 311
383 291
284 145
211 240
333 77
143 310
107 242
49 359
343 49
115 346
399 276
230 255
73 212
208 84
113 345
53 20
112 323
205 80
115 245
377 271
297 94
272 160
148 288
118 357
222 370
57 32
54 380
123 343
237 189
141 303
129 279
289 71
380 277
115 337
270 152
80 219
137 353
330 58
396 275
349 46
122 371
72 210
197 250
41 112
120 355
26 100
110 330
111 239
146 300
98 229
363 39
160 307
301 91
118 336
277 169
382 285
366 44
220 80
113 325
17 108
69 18
32 101
54 25
397 272
56 379
222 263
245 194
50 365
334 58
283 142
157 304
377 269
219 393
234 257
133 286
115 327
346 71
65 214
60 369
246 204
355 60
133 371
342 65
380 282
71 215
65 216
228 388
124 362
139 315
204 83
107 325
366 39
345 61
290 163
118 372
223 76
145 306
230 251
39 107
189 241
340 70
22 121
353 38
215 370
120 328
140 291
231 254
222 252
203 77
31 110
20 118
330 85
363 36
287 161
272 168
294 87
65 31
154 30
271 165
21 108
147 312
59 32
202 88
46 32
63 218
143 287
174 25
177 17
221 365
206 384
246 268
208 374
210 82
21 110
46 373
241 269
124 347
350 50
139 300
45 372
79 214
20 109
322 63
79 206
347 75
154 20
286 79
284 77
219 372
224 259
137 369
56 385
372 282
129 281
198 81
154 303
124 375
222 88
71 216
56 373
276 143
230 188
54 373
148 324
145 289
279 90
283 86
25 109
51 34
220 75
43 382
129 276
111 334
60 364
136 369
284 94
154 302
203 380
115 244
21 109
231 271
220 206
208 385
15 111
221 85
328 83
285 144
280 78
65 210
202 227
128 287
205 249
271 155
206 73
288 98
231 213
292 92
137 364
204 371
301 81
218 388
142 281
219 389
130 377
42 381
128 341
140 282
137 279
193 244
102 244
291 79
391 266
283 84
95 232
194 240
346 43
73 209
211 97
212 76
292 153
269 162
55 364
97 244
337 57
48 384
105 243
57 28
59 17
133 337
127 352
38 380
139 364
136 353
240 265
142 317
192 231
67 17
139 294
65 220
149 276
373 284
148 298
359 53
119 320
286 161
366 37
170 26
199 244
123 332
210 382
128 282
240 267
66 202
133 334
22 107
217 388
135 356
61 32
346 57
109 336
158 20
213 385
28 106
385 273
341 64
67 216
95 249
23 119
139 292
202 87
60 14
192 249
48 22
130 275
60 32
166 35
113 338
364 39
398 276
59 16
225 259
37 379
140 322
397 268
144 267
214 242
379 275
343 46
270 153
63 217
244 248
232 260
96 239
33 109
43 29
390 288
218 367
54 364
147 315
117 368
75 210
138 374
151 301
228 258
31 99
152 283
122 361
41 377
128 352
73 221
223 378
161 31
295 86
138 366
134 378
284 165
109 247
127 379
210 90
192 235
45 381
341 69
372 272
214 79
122 336
238 202
134 285
208 247
222 192
349 40
342 53
32 113
159 319
119 327
143 274
300 80
39 112
362 47
364 54
397 282
76 206
151 298
43 107
193 228
344 71
69 226
129 270
51 21
210 391
123 334
143 296
235 199
345 68
299 80
42 376
59 218
303 83
389 266
286 164
133 375
78 204
121 319
149 323
108 333
38 378
157 23
34 119
155 304
120 344
119 321
79 211
128 376
135 363
122 346
52 14
218 72
292 158
107 324
342 59
395 267
327 59
294 73
65 212
217 71
206 386
37 375
343 70
169 24
207 391
295 78
218 79
148 309
54 15
47 385
291 88
228 370
157 11
35 120
279 167
216 83
163 10
265 159
353 45
223 75
92 242
207 386
209 252
62 217
270 160
204 231
341 71
159 312
98 249
175 22
231 192
100 249
18 109
356 55
226 255
186 243
164 9
79 210
105 330
221 259
345 48
74 220
353 55
302 86
126 275
158 21
361 36
22 122
94 242
188 237
215 390
150 288
117 235
222 81
211 247
144 275
208 378
220 81
152 304
79 212
149 275
151 306
374 274
229 193
41 27
275 164
75 212
147 320
39 363
73 215
27 116
238 267
203 95
213 246
36 122
127 376
128 380
343 66
344 43
50 35
148 275
132 379
63 371
391 283
129 344
198 87
138 358
61 204
141 301
299 91
128 342
235 254
361 57
207 374
209 244
223 74
17 112
149 316
125 276
125 282
387 283
64 215
119 246
125 379
56 209
228 195
67 224
343 76
199 239
38 381
290 72
212 372
350 57
74 229
213 97
161 313
283 82
131 281
353 52
49 27
55 377
35 106
240 197
243 247
215 389
157 28
202 240
393 287
151 315
23 103
143 289
362 60
67 210
297 78
114 229
40 372
125 287
173 17
128 334
338 72
237 199
127 370
359 56
105 329
60 203
120 326
133 280
302 88
103 245
216 78
202 84
295 72
290 148
234 265
38 375
347 35
198 226
82 213
298 83
124 366
108 334
354 41
186 239
53 370
233 212
21 115
143 285
303 84
56 361
241 266
155 307
346 37
114 236
140 292
210 85
342 45
157 310
115 366
383 265
52 28
215 371
72 205
222 188
223 267
225 91
207 243
397 284
235 245
134 273
365 47
149 297
141 268
168 28
128 290
23 111
388 282
65 217
33 123
234 258
33 121
237 192
270 159
134 281
35 114
289 163
115 235
55 10
352 43
114 365
134 364
134 370
248 258
163 27
301 76
149 298
78 210
231 248
133 372
245 195
245 268
42 374
356 58
224 190
387 286
297 82
356 51
68 221
120 339
112 342
126 325
64 19
21 113
386 281
127 280
320 71
74 223
57 15
105 251
233 246
60 16
104 246
129 341
278 151
271 147
127 270
186 237
83 215
59 35
32 103
115 345
222 261
77 206
231 206
397 281
344 81
55 387
295 85
290 90
110 233
57 8
31 122
141 289
237 250
344 48
352 45
113 232
302 74
358 51
339 57
213 78
140 304
56 375
134 376
372 281
219 383
108 324
21 117
337 72
215 91
218 85
236 206
153 18
324 77
222 207
281 89
210 248
202 246
272 150
230 266
234 266
233 197
60 209
204 81
172 16
399 274
81 210
147 314
148 289
218 87
329 76
229 272
50 367
136 286
120 240
160 18
135 303
135 352
122 352
279 144
331 70
196 250
225 81
18 114
168 33
197 234
269 156
200 228
357 48
214 243
64 213
106 239
268 159
242 203
57 365
187 236
135 314
127 362
115 339
225 250
395 273
219 80
16 118
224 375
290 161
292 71
389 283
280 75
159 24
27 104
290 160
391 274
352 46
329 75
226 375
355 56
388 271
369 49
129 336
230 252
43 380
242 262
218 365
109 236
381 286
126 340
298 88
126 355
64 17
21 106
240 269
292 83
124 328
227 209
294 95
357 36
118 332
287 82
239 212
157 317
212 240
113 250
137 355
212 382
46 22
342 60
368 47
221 256
120 236
347 77
30 124
348 45
376 287
226 384
351 56
296 77
278 86
388 268
56 220
354 53
78 223
224 378
217 377
39 109
227 253
212 384
77 217
271 145
361 35
294 86
29 113
31 105
398 273
217 74
67 28
295 81
393 282
47 12
142 370
234 249
132 289
267 154
55 12
52 35
234 196
82 219
133 288
381 285
39 380
287 162
221 205
236 247
54 377
61 219
123 372
381 279
73 203
136 357
118 365
155 310
125 375
199 78
164 11
209 74
284 92
108 325
381 291
107 244
228 207
47 34
233 204
163 19
201 228
113 227
137 273
227 191
208 94
284 88
238 212
210 71
385 289
119 244
303 76
383 271
146 298
290 94
203 382
37 372
120 345
61 212
31 111
77 221
137 315
155 33
291 75
156 23
201 244
49 381
239 207
219 374
201 253
353 60
208 234
219 377
119 336
301 94
119 322
45 373
223 392
122 365
103 232
77 209
219 365
231 264
265 148
137 300
128 366
48 378
303 89
336 69
222 381
149 300
195 250
125 279
220 208
356 37
65 23
228 204
136 319
224 367
350 37
248 254
76 210
110 343
111 249
330 84
151 18
235 270
287 156
359 46
152 309
235 204
301 80
273 156
167 25
380 263
119 238
138 283
108 228
188 240
295 94
119 364
205 89
333 60
31 104
238 247
141 290
244 253
45 22
390 269
204 78
50 378
327 60
235 274
362 36
156 17
54 379
58 210
129 280
142 363
335 72
146 283
61 372
149 296
51 24
52 360
331 78
241 262
123 346
42 385
202 245
128 328
200 253
391 264
125 359
132 331
132 338
289 87
323 71
346 39
105 227
333 74
113 240
243 258
303 80
117 357
234 186
222 372
372 271
285 145
273 151
49 378
143 279
228 371
358 36
132 357
224 84
326 72
50 360
77 224
40 369
359 39
165 8
136 294
100 237
284 155
327 72
264 150
68 20
224 202
138 361
278 170
219 387
291 83
117 334
153 31
194 230
214 81
145 268
44 23
156 29
297 73
133 290
276 146
345 76
296 82
203 372
80 224
113 243
220 199
382 284
297 86
350 45
134 271
131 358
29 100
387 279
124 331
108 247
362 44
213 72
226 268
302 85
228 272
105 245
125 366
215 377
135 275
54 387
126 324
339 62
284 151
36 105
391 284
139 355
347 78
108 244
144 306
356 38
106 334
221 77
294 81
47 362
106 238
232 195
144 273
139 288
326 68
102 229
265 149
271 150
356 42
387 265
235 250
195 237
274 165
235 198
59 18
60 208
110 237
217 371
289 84
233 203
341 48
391 269
127 364
241 268
321 65
216 81
151 313
105 247
353 36
64 12
55 210
141 323
301 84
47 33
51 27
22 124
268 150
238 260
130 364
133 328
140 303
235 211
117 358
227 372
151 310
206 95
58 362
69 17
52 8
275 156
284 143
209 374
207 383
171 34
329 70
202 254
72 218
175 34
151 296
29 97
60 10
213 91
338 82
337 63
39 111
335 77
27 121
51 8
174 14
58 381
133 359
152 302
273 149
285 74
139 317
195 247
129 338
64 30
156 20
213 79
231 190
192 252
218 80
43 375
347 65
283 169
122 337
333 64
43 385
193 231
34 107
246 264
390 266
116 332
227 378
367 45
100 248
230 213
220 371
51 32
140 374
196 242
226 198
291 95
138 319
223 366
290 77
226 265
231 193
121 357
120 354
217 70
224 91
59 384
324 80
280 147
227 258
149 305
355 39
157 312
107 334
399 272
30 126
66 21
321 66
241 211
47 21
55 373
154 312
94 238
216 384
233 253
280 146
60 213
118 355
97 239
119 236
115 249
267 152
348 50
69 205
269 146
48 363
148 280
57 24
158 23
54 363
136 267
55 368
126 281
202 92
189 237
73 224
341 42
274 156
140 297
60 220
64 227
362 59
221 191
230 196
75 220
125 274
346 76
39 120
14 112
39 118
70 228
246 197
145 293
217 390
34 110
47 379
134 371
224 258
245 261
236 265
352 60
140 320
347 55
139 304
227 381
173 26
333 68
304 82
290 88
279 81
225 255
131 270
278 81
66 209
238 206
47 378
282 95
51 28
154 319
121 358
210 376
39 367
366 50
209 387
43 369
202 73
130 338
225 86
199 253
70 220
155 319
377 280
220 87
131 337
281 75
115 334
173 16
343 72
133 361
227 197
67 201
107 247
73 226
396 273
168 27
285 86
213 238
281 91
34 105
219 388
156 308
246 201
198 249
130 341
292 69
198 235
57 13
201 236
324 78
212 367
49 383
104 247
153 318
123 360
105 338
236 203
211 88
225 389
281 169
160 14
336 78
385 265
328 80
348 71
234 246
236 269
128 325
200 229
41 386
278 89
61 225
396 272
56 221
50 373
36 99
42 377
335 85
289 83
222 384
198 88
126 329
119 361
359 36
127 360
236 189
123 344
239 250
223 80
270 158
72 208
301 90
45 19
270 155
285 147
93 243
282 91
342 67
362 42
132 375
142 271
36 372
302 78
72 215
208 230
219 73
382 290
392 278
108 337
46 372
21 101
70 202
197 233
200 86
194 233
241 193
221 377
94 237
132 326
331 75
131 340
160 27
78 225
123 356
342 71
389 267
152 22
271 161
133 356
223 198
211 376
99 245
71 203
211 84
222 262
37 124
139 373
69 216
222 388
282 84
386 274
132 372
37 106
217 387
212 238
54 8
217 391
130 366
204 370
145 287
230 192
68 204
35 108
195 254
79 215
293 78
50 30
194 243
196 243
68 223
342 79
164 19
297 76
118 346
134 282
147 319
229 263
124 279
153 308
201 227
137 277
145 276
199 91
24 107
344 64
127 323
57 213
203 243
98 251
79 205
124 368
240 258
286 160
386 283
299 76
327 84
43 16
238 186
112 240
274 154
150 23
25 103
227 84
338 78
106 339
206 72
397 280
21 107
156 311
129 274
142 289
379 285
113 241
36 104
231 202
204 94
159 25
385 270
63 11
236 198
209 250
301 87
37 119
269 155
294 91
100 228
204 241
205 94
224 380
208 228
225 382
139 321
219 366
104 230
38 104
125 280
116 241
127 281
125 343
115 242
275 143
230 189
157 308
323 67
43 378
203 91
399 275
45 379
66 13
216 72
380 290
330 62
294 80
136 362
194 237
124 282
130 342
119 353
389 276
43 371
208 238
117 338
156 298
37 123
347 70
301 85
63 215
216 388
209 249
47 18
153 306
143 319
73 206
64 32
52 383
132 359
295 97
70 222
279 161
380 267
109 330
94 232
217 373
46 28
137 313
140 359
230 376
305 83
150 296
173 31
146 290
208 380
342 50
102 243
50 370
219 81
300 77
208 245
239 197
225 265
101 251
283 87
132 368
227 259
136 287
119 346
118 374
62 208
122 344
215 381
48 19
207 231
233 195
355 50
285 166
295 90
172 34
340 61
124 281
109 240
113 343
157 34
147 317
172 26
116 367
391 270
273 162
160 33
40 114
62 16
128 373
135 307
347 36
396 280
235 253
221 78
121 338
109 338
31 108
213 373
113 249
220 95
227 192
161 10
141 302
238 270
169 32
146 307
226 386
231 256
338 63
194 234
246 269
235 212
73 229
30 102
231 255
135 359
391 286
125 340
240 194
277 142
132 271
293 90
333 71
346 48
292 97
49 366
98 250
213 236
24 102
157 318
204 84
218 199
138 293
98 239
279 145
51 377
132 269
108 327
108 232
276 147
123 333
235 261
213 235
116 366
236 260
240 205
214 83
284 152
75 226
285 149
54 9
223 371
224 256
118 322
63 15
142 293
113 340
221 91
241 207
242 210
347 42
340 59
202 230
295 80
274 151
161 32
136 315
101 250
102 250
66 217
209 87
221 74
26 118
160 19
198 83
278 145
135 364
290 71
61 218
201 249
231 252
97 234
137 292
343 55
124 354
137 306
136 288
165 29
139 282
387 280
50 377
112 232
39 102
217 365
62 211
237 254
168 26
102 238
221 255
218 368
350 46
31 121
281 168
22 101
155 18
199 241
122 367
271 157
56 214
239 251
373 275
158 314
175 20
221 195
353 33
206 81
288 160
207 389
384 290
321 78
68 210
223 389
48 379
396 268
140 358
112 327
141 361
118 245
43 24
209 96
334 74
53 8
135 318
385 287
60 377
115 364
100 253
272 157
361 48
267 146
140 364
286 149
205 370
290 155
168 15
225 390
57 382
212 388
215 96
344 52
56 366
66 22
344 67
126 286
26 98
144 288
285 83
152 320
210 235
143 282
214 91
399 273
40 375
241 187
121 240
245 251
123 377
92 237
203 87
119 239
143 315
135 312
131 338
131 284
201 75
176 26
42 25
331 72
127 278
288 88
38 100
33 114
107 228
125 329
34 122
212 386
128 329
146 289
366 41
81 208
58 379
356 34
210 95
46 381
102 240
146 296
323 65
355 61
343 77
221 196
206 87
169 14
209 369
16 113
49 376
203 231
275 145
243 248
122 377
158 25
57 364
233 202
159 307
132 277
144 303
226 261
40 383
163 35
147 268
147 300
188 242
208 76
138 312
207 381
58 376
130 339
222 208
76 223
286 86
19 120
193 250
137 270
36 377
158 35
127 327
343 40
133 365
27 111
233 198
220 369
58 27
381 272
52 16
247 265
329 59
207 230
142 305
145 311
81 211
203 233
115 251
284 83
145 303
55 381
152 319
16 106
146 315
344 53
106 244
159 28
336 61
66 26
236 196
129 342
113 235
121 361
227 382
37 101
216 376
217 379
41 376
242 247
70 221
128 275
355 43
129 277
230 250
394 288
135 266
127 325
149 273
222 206
300 73
201 252
340 74
99 229
33 122
283 73
169 19
239 205
60 378
160 26
211 386
355 42
367 50
205 384
222 378
197 254
100 246
287 151
123 352
77 222
358 45
114 339
21 103
116 363
351 53
30 109
286 95
230 209
208 98
126 376
169 35
266 158
106 234
243 271
364 43
238 201
126 360
54 361
364 40
137 362
389 290
330 79
52 17
354 33
137 319
243 254
223 257
389 284
286 167
205 243
137 280
381 271
121 334
115 252
398 283
53 388
381 289
281 79
212 231
151 324
394 285
273 161
132 283
229 378
138 322
282 158
340 66
305 88
31 114
210 389
164 34
364 44
138 318
207 81
43 23
266 155
102 251
341 44
328 73
142 308
346 53
220 375
130 335
124 338
290 87
108 339
290 80
224 207
216 86
240 193
134 311
295 96
140 371
214 376
342 82
160 303
344 51
116 235
306 83
363 54
22 112
103 226
105 235
157 19
139 314
218 92
169 33
139 291
394 283
207 89
231 204
282 156
205 87
101 241
304 76
223 268
209 379
60 30
239 208
69 200
109 331
224 192
37 118
166 13
393 285
44 381
47 364
26 123
132 330
138 305
207 85
379 270
158 29
221 260
329 83
159 34
337 77
387 263
276 166
209 388
123 331
287 154
38 371
208 79
152 323
154 21
377 276
42 29
70 205
66 213
339 71
235 273
286 89
331 73
200 236
283 141
145 281
115 238
367 51
200 226
26 117
224 83
224 249
244 268
69 208
132 373
58 380
98 241
202 378
389 286
127 359
282 169
56 34
139 307
280 76
33 108
132 336
165 25
345 58
325 63
77 218
246 266
209 383
205 76
54 36
70 210
141 293
148 290
380 289
218 76
143 312
205 231
398 284
64 220
158 303
365 38
306 88
265 150
116 358
230 264
62 207
26 102
125 355
135 288
209 75
60 33
43 115
110 252
292 152
162 23
221 391
61 18
218 374
171 15
27 112
121 345
43 21
120 353
36 101
141 275
233 261
99 236
97 230
166 26
42 386
110 244
225 201
131 287
127 355
48 28
66 31
128 337
151 305
352 42
228 248
348 70
47 15
115 321
123 321
271 148
198 238
29 127
55 15
229 210
69 19
59 23
35 372
20 123
229 187
167 31
149 283
73 210
99 244
147 279
46 388
343 61
99 233
20 102
230 203
118 320
393 279
222 197
57 370
27 123
195 240
220 381
393 278
167 14
133 278
211 378
281 144
136 354
41 117
137 376
130 359
140 311
133 287
360 54
189 240
140 299
212 235
277 144
42 364
147 292
231 261
279 143
212 75
338 76
285 71
132 378
100 238
163 29
226 376
56 25
280 79
148 310
59 27
217 86
197 249
58 29
159 20
280 85
60 218
172 35
236 208
139 309
208 381
186 241
283 143
221 261
378 289
118 326
173 34
135 360
134 366
99 227
120 319
50 382
120 346
113 327
40 115
237 205
340 60
120 365
135 304
320 66
294 82
282 93
210 234
237 273
58 217
329 71
35 121
67 31
381 274
147 316
347 58
63 28
209 89
93 241
208 390
163 12
151 27
284 85
248 257
54 22
106 242
140 367
223 205
220 196
351 43
159 309
28 107
278 82
63 223
324 79
235 265
278 157
223 380
117 243
151 278
365 56
388 272
154 318
137 357
149 290
244 203
126 280
250 259
118 367
94 240
206 387
166 32
62 216
75 222
289 164
215 73
66 24
64 203
61 35
349 51
199 232
348 60
380 274
45 369
291 78
347 52
59 28
345 64
295 84
375 274
133 378
139 267
394 266
56 219
191 250
324 76
178 29
107 328
105 231
158 18
58 216
123 353
223 262
59 8
165 34
348 69
343 82
130 352
394 272
214 71
142 291
133 352
164 30
379 267
151 299
156 315
341 79
36 100
209 377
207 96
131 359
134 306
115 237
282 75
223 375
47 25
343 48
326 64
223 199
124 278
154 314
46 34
127 272
168 22
231 250
130 329
228 270
114 232
115 326
140 321
135 315
45 387
198 80
137 321
226 264
78 209
153 32
59 29
205 369
200 235
208 383
109 241
103 239
288 83
229 261
227 260
344 47
281 142
154 321
219 85
130 332
74 217
116 359
68 15
116 249
285 152
79 219
56 367
190 247
143 314
275 151
123 339
141 280
375 286
59 210
169 29
149 309
152 296
351 60
223 191
191 245
274 169
190 237
222 191
38 108
51 382
284 81
126 289
340 77
119 366
267 145
368 51
207 228
121 336
131 269
278 84
334 70
57 16
134 272
93 235
223 87
237 249
64 27
199 82
68 24
109 242
113 339
93 244
109 344
145 304
46 365
141 321
55 374
233 265
57 18
135 319
272 158
212 71
142 321
327 66
233 193
138 372
212 389
192 232
127 353
65 25
71 212
305 78
61 17
352 58
207 76
206 80
59 378
63 221
216 87
326 76
301 74
335 61
109 324
38 384
287 89
128 327
323 70
47 10
337 67
55 28
189 246
120 239
214 244
42 115
126 345
106 236
226 370
303 92
222 266
41 365
138 363
38 377
272 161
234 251
206 382
106 335
139 367
38 106
211 246
239 271
117 360
352 35
210 374
217 88
43 112
148 315
58 25
204 253
292 90
356 33
55 33
220 93
322 71
204 74
225 209
55 32
365 51
53 371
297 85
78 208
200 82
128 323
331 81
384 267
162 27
63 29
48 12
210 70
270 164
26 99
241 263
19 109
156 21
69 206
153 315
340 71
40 364
362 39
35 104
272 159
203 81
61 24
142 266
34 104
75 227
209 238
246 251
276 167
110 329
37 100
141 300
209 248
131 286
118 342
134 315
106 227
151 24
107 250
41 115
387 271
140 268
199 242
234 188
206 385
201 243
238 253
140 363
213 391
117 240
284 72
99 241
388 277
130 361
298 81
205 234
209 234
44 362
227 266
97 232
221 202
352 50
384 264
112 345
202 250
360 40
72 228
155 12
206 251
30 113
234 204
146 284
132 293
102 241
44 382
222 94
279 169
193 232
197 230
63 377
143 302
211 367
111 337
129 322
37 370
108 335
192 229
225 387
125 346
229 199
148 270
97 241
129 343
109 339
107 333
52 370
136 280
168 23
143 306
137 311
145 269
285 96
189 234
75 202
63 203
159 11
210 392
396 279
216 372
20 107
37 113
147 313
245 204
42 15
218 74
128 330
244 191
139 359
217 381
323 72
163 30
211 92
230 187
19 119
340 82
218 392
397 278
219 202
207 390
204 88
108 336
97 233
118 327
388 263
238 272
287 91
269 160
208 375
208 391
130 273
233 271
130 289
192 228
386 270
75 216
129 340
239 190
204 233
222 85
199 229
38 369
55 378
79 222
338 65
168 30
128 359
331 61
116 247
50 24
268 151
236 185
145 280
82 209
336 81
152 23
286 77
26 124
242 209
227 264
137 358
58 34
347 39
143 278
53 15
134 278
242 255
41 120
242 266
230 265
205 253
239 257
156 28
155 25
336 67
392 266
268 157
125 372
288 70
138 311
213 378
205 88
111 343
111 228
67 217
156 301
160 15
234 208
392 271
386 267
103 251
93 246
119 337
124 346
205 71
133 376
243 259
350 52
320 67
159 14
355 62
297 97
54 32
278 166
233 211
132 351
55 382
69 203
202 76
291 150
197 247
293 80
377 268
382 276
136 268
377 266
222 387
108 234
285 155
390 284
220 77
355 45
291 70
32 99
351 41
102 242
54 383
115 370
280 145
375 278
114 362
37 121
165 19
126 364
69 23
218 96
287 152
278 164
337 68
46 374
23 118
147 323
125 331
242 260
104 236
206 76
286 148
102 245
55 31
227 212
291 152
134 316
55 18
120 358
159 301
50 16
381 277
224 79
35 122
126 341
236 259
375 275
139 371
32 120
158 311
188 241
395 270
131 365
139 284
63 21
145 312
221 385
205 81
156 310
60 379
63 14
226 212
151 316
134 312
201 84
354 57
62 14
279 82
328 59
287 85
31 112
220 73
175 27
271 162
117 356
299 86
96 236
116 243
122 353
226 382
347 72
281 74
240 189
130 373
224 387
222 383
225 90
144 311
381 269
290 152
213 92
135 285
43 367
55 20
44 25
51 18
131 291
37 376
119 371
232 273
59 9
304 93
190 233
227 265
280 83
169 37
45 384
371 276
219 71
214 373
329 57
61 20
190 230
220 393
135 366
217 89
137 301
290 96
65 228
54 29
212 98
105 239
353 40
242 264
348 52
146 280
190 239
245 265
356 61
51 35
189 235
137 354
204 92
134 372
120 336
288 96
49 388
220 202
164 15
207 384
113 334
225 188
121 333
213 95
36 118
41 24
145 300
200 243
327 58
57 215
354 49
346 75
287 166
48 9
172 31
92 244
207 70
30 103
280 169
299 81
198 241
282 77
357 33
362 49
219 92
104 239
349 58
345 74
278 142
31 106
364 48
115 229
139 370
292 80
128 340
281 82
239 249
240 253
126 337
202 85
302 76
168 35
56 31
215 74
240 262
116 356
295 75
20 121
124 359
265 152
281 94
59 381
367 38
49 386
57 21
237 268
136 284
64 22
280 158
127 326
45 378
129 292
139 316
178 23
126 287
204 386
68 17
189 250
166 19
238 250
269 144
248 253
289 98
205 73
103 252
211 98
286 155
347 66
100 233
285 94
362 40
76 220
226 188
108 248
105 233
143 293
354 38
348 41
161 33
245 258
52 374
162 16
214 371
348 58
44 368
358 54
241 247
100 252
157 309
159 305
222 204
231 268
363 49
245 206
205 90
358 57
29 119
62 228
325 69
103 249
46 16
19 108
235 191
348 49
57 222
267 149
232 271
123 359
383 270
126 358
53 17
216 70
214 392
203 72
241 248
120 332
219 83
397 286
347 40
44 32
138 321
44 112
137 286
295 76
111 340
237 201
115 363
165 33
34 101
208 231
129 334
26 110
209 371
104 228
54 376
229 186
127 273
304 83
343 60
156 319
349 37
69 212
207 238
345 46
234 195
162 26
235 213
152 275
114 345
128 286
304 91
56 217
189 231
242 189
64 211
322 73
306 87
67 215
138 287
190 249
179 28
44 376
230 261
143 320
390 264
158 14
36 103
225 193
202 77
173 27
305 87
340 80
52 12
53 21
378 279
215 368
233 255
148 312
61 222
226 204
206 370
48 382
325 82
232 198
137 307
18 110
64 18
211 389
119 369
111 248
131 341
191 246
284 150
376 283
113 332
137 368
113 252
243 205
116 231
135 305
133 279
387 264
239 189
147 278
125 377
242 198
206 252
44 18
238 187
198 245
152 25
131 268
330 73
226 270
209 235
329 60
176 23
38 117
195 229
104 245
378 269
298 77
171 29
232 192
342 76
153 314
222 75
131 277
203 251
208 86
26 119
81 206
199 228
117 321
63 213
274 152
348 34
215 366
59 220
388 269
230 207
69 25
40 384
42 110
394 281
244 251
145 279
68 23
213 77
383 286
44 31
116 244
152 303
207 388
26 120
175 23
379 290
107 233
207 90
215 92
155 315
327 74
129 377
225 388
228 263
239 200
239 188
150 287
131 377
291 94
284 73
78 216
120 243
157 16
99 253
71 202
287 90
25 108
60 371
15 116
116 347
15 115
204 388
42 105
127 363
378 275
332 64
120 322
332 62
351 46
102 246
159 315
59 26
77 208
384 286
187 240
229 376
351 48
299 71
369 50
140 310
229 256
144 322
44 360
172 12
116 251
399 278
141 287
229 373
77 212
110 345
299 93
140 276
284 74
293 85
29 125
151 309
130 281
159 12
276 149
330 69
225 195
179 22
272 167
97 246
65 24
32 111
301 93
43 111
21 111
295 88
126 365
296 70
382 289
287 165
62 212
160 314
57 36
291 153
21 124
195 244
363 53
165 28
363 40
34 112
38 120
236 246
381 283
128 291
343 67
164 14
155 301
102 234
215 86
206 96
152 315
41 118
112 247
44 373
299 88
109 249
142 311
155 17
138 368
217 95
212 80
218 385
212 88
237 253
159 31
345 54
65 26
74 210
288 165
376 289
152 281
207 78
124 324
303 79
342 80
133 332
124 345
143 283
92 235
239 261
130 276
287 84
73 207
105 250
134 374
60 36
124 332
244 264
304 77
220 85
230 186
241 251
226 86
70 212
140 361
324 60
359 59
45 12
61 382
383 266
64 20
137 374
123 354
117 231
156 312
56 222
25 104
123 280
228 251
159 33
225 266
65 19
393 265
104 252
217 90
41 364
297 89
238 197
173 13
244 254
203 239
203 90
57 212
398 271
339 77
228 381
226 253
148 271
141 359
68 222
105 226
292 77
350 49
114 333
69 204
68 214
55 214
144 286
130 271
24 116
225 378
226 377
125 344
237 269
375 277
36 120
341 63
325 78
48 33
285 81
288 151
328 63
213 388
166 10
222 385
68 219
108 229
379 280
215 90
23 113
187 241
134 356
32 104
109 235
219 199
244 258
327 61
383 283
98 245
41 104
45 11
43 20
23 108
209 77
286 75
39 122
151 23
151 311
241 194
103 229
247 261
357 41
237 210
206 77
45 16
225 380
126 379
226 385
285 142
229 211
353 37
329 85
287 72
56 212
61 27
344 57
110 254
60 34
127 321
136 281
339 65
203 92
278 163
128 344
112 333
149 319
43 373
283 93
193 240
15 110
214 96
212 74
210 239
287 160
163 16
149 286
80 215
132 355
225 385
57 363
379 286
172 11
211 239
99 239
292 91
200 233
227 370
153 298
40 362
111 344
19 107
292 150
236 197
119 330
191 229
140 279
240 188
55 213
232 203
217 94
338 79
286 71
374 282
207 252
235 255
278 141
218 383
224 370
236 202
348 46
141 272
214 70
223 201
300 81
340 83
357 42
67 212
214 80
115 372
140 312
51 23
41 111
23 99
107 234
233 250
209 95
386 276
118 359
203 84
202 253
173 22
205 235
223 192
149 270
34 124
207 229
213 243
115 333
43 15
105 336
44 380
157 307
138 376
125 371
169 9
123 330
209 83
110 322
160 16
118 333
226 211
295 98
148 281
245 200
50 388
215 75
229 386
62 203
380 268
146 269
23 125
142 312
46 379
344 38
363 38
114 244
45 23
320 69
68 228
227 250
390 276
384 272
325 81
189 249
129 366
279 158
204 96
279 91
328 82
59 205
38 364
294 74
133 291
64 212
138 295
133 377
167 32
125 320
119 334
35 110
395 272
133 289
30 106
240 210
39 376
65 227
221 72
287 157
22 108
66 229
57 27
212 87
61 25
55 372
46 369
130 291
205 244
75 223
125 376
144 285
111 325
210 375
380 273
127 287
286 84
229 185
325 74
204 252
365 43
16 117
286 162
274 158
76 225
141 286
214 97
135 280
209 72
278 161
75 215
170 16
92 245
211 73
121 335
128 375
358 52
161 19
207 239
349 39
348 39
154 15
211 81
224 197
348 73
101 249
285 154
209 239
24 106
278 143
205 376
117 343
358 39
128 368
123 379
133 369
302 90
396 271
222 209
39 364
119 367
359 55
110 336
224 262
157 316
129 359
159 304
99 243
228 186
139 312
212 232
168 16
70 209
343 65
160 35
151 319
131 372
208 373
334 78
153 316
367 39
66 28
225 251
74 211
128 284
359 61
128 351
377 285
210 74
138 265
125 369
225 200
277 168
388 280
116 369
227 204
62 381
217 382
215 380
60 214
199 85
112 329
339 85
151 322
150 305
133 276
284 89
239 267
343 53
70 223
273 143
297 91
352 47
242 256
24 109
235 244
223 263
385 278
115 250
101 235
58 17
128 364
245 257
215 379
157 321
118 338
148 320
239 210
40 22
203 252
201 78
60 31
214 239
395 268
350 35
128 362
152 278
123 341
228 247
56 9
213 86
341 62
212 383
68 216
54 369
117 238
386 277
298 78
205 377
196 247
132 339
108 323
69 211
131 274
15
