25
4500
15
73 224
213 154
22 283
154 170
19 353
72 123
289 393
217 317
229 216
269 148
304 319
212 394
90 250
329 102
365 323
339 35
259 198
182 248
339 177
144 321
109 143
22 248
266 230
290 23
6 112
136 332
89 264
144 165
144 179
66 136
63 125
137 310
352 184
235 223
351 181
16 343
346 34
20 362
331 115
210 141
204 384
150 311
247 189
105 250
76 232
210 389
11 360
2 117
203 397
274 237
122 138
294 399
294 32
98 261
81 114
145 324
78 210
300 13
17 360
214 327
243 220
19 355
168 169
15 350
151 333
283 10
13 243
220 315
152 173
31 241
158 178
23 357
284 19
212 381
140 175
285 36
338 184
80 239
282 24
285 394
200 161
68 210
31 281
117 135
327 103
213 155
73 130
260 208
235 225
243 218
113 156
268 210
146 330
97 139
373 321
20 292
111 129
281 382
337 169
320 93
72 210
266 231
30 363
71 127
95 241
104 129
17 355
261 189
14 120
327 42
263 228
336 49
249 200
300 310
295 25
16 102
369 326
278 146
213 384
212 142
226 398
101 243
301 323
28 349
277 160
22 343
217 143
191 238
213 315
3 119
26 295
141 330
284 18
12 250
228 214
339 110
30 349
330 46
184 246
207 308
297 324
143 164
198 397
296 24
325 95
275 388
21 258
302 318
87 223
269 161
311 322
232 211
76 250
332 40
20 356
268 209
276 19
179 238
237 209
257 198
116 138
359 331
216 156
335 181
364 313
155 168
267 193
161 169
260 149
233 209
345 40
15 286
82 132
370 310
327 38
207 160
80 255
368 309
22 291
214 325
217 144
338 28
216 306
334 100
20 291
232 221
4 116
83 239
227 323
279 228
70 116
17 111
195 242
337 173
294 392
77 116
363 334
315 106
216 391
99 139
282 34
149 310
68 222
182 242
151 158
207 309
359 334
255 207
217 305
303 310
337 104
231 227
72 119
96 255
29 277
220 220
288 391
264 205
351 178
206 167
261 207
362 328
17 242
306 328
334 101
201 394
256 241
267 235
350 173
320 102
80 249
229 215
212 157
18 340
32 251
332 103
65 234
375 325
118 145
79 113
313 309
336 23
179 235
271 235
75 233
285 392
11 114
200 158
6 119
282 35
148 334
173 238
331 43
229 321
11 101
27 356
136 319
145 162
221 221
255 229
16 254
332 101
215 388
69 116
65 112
227 215
67 120
347 180
13 350
64 134
371 313
27 238
350 172
189 235
19 110
282 382
295 380
235 204
6 117
20 357
362 317
18 113
235 217
88 259
139 316
204 319
363 331
151 168
346 181
117 141
135 321
265 228
15 109
109 158
309 305
268 159
342 24
275 140
17 287
82 229
269 192
265 211
133 325
86 124
267 207
204 165
140 321
173 252
199 398
148 178
280 23
370 318
181 246
272 227
315 101
283 387
27 262
68 118
177 258
247 203
66 116
313 321
273 195
347 177
67 131
278 154
77 231
24 339
234 223
211 399
96 244
155 326
17 121
29 356
231 212
73 110
262 135
98 150
9 252
339 184
30 348
292 30
151 170
212 152
189 240
293 385
79 256
304 309
290 314
333 190
271 189
208 161
369 311
221 209
66 221
290 25
32 256
305 318
285 397
59 129
94 244
156 160
325 33
206 319
31 256
103 250
32 284
273 198
376 329
21 245
32 259
145 167
34 253
303 398
255 202
33 253
18 259
98 141
274 156
9 353
162 181
98 262
219 313
61 216
66 224
211 150
26 250
102 248
224 161
233 218
296 310
322 108
262 237
350 181
18 273
166 172
332 34
5 98
239 222
227 230
61 225
22 280
299 18
75 217
268 155
147 179
167 174
243 215
220 396
300 22
143 177
144 180
155 172
61 126
261 204
220 389
279 152
78 256
325 93
14 240
138 328
278 389
22 355
270 149
357 330
206 162
282 27
282 390
203 316
300 34
297 397
291 26
240 224
65 230
82 231
96 148
16 340
144 315
260 225
180 255
216 392
200 390
211 143
149 175
277 221
11 124
93 263
119 147
81 234
221 215
233 224
214 151
10 112
34 255
8 362
271 151
374 316
274 235
283 383
273 217
295 10
65 121
271 137
340 29
229 224
230 315
337 23
289 389
318 95
96 254
271 195
275 227
276 26
148 158
134 330
1 98
357 320
272 218
70 223
80 245
24 276
223 326
75 224
108 132
218 321
305 307
132 326
205 316
9 248
70 117
189 245
293 326
96 144
224 389
143 167
266 245
282 144
23 287
87 263
106 149
278 392
297 27
217 395
278 239
142 334
219 222
276 24
269 242
337 110
315 327
265 238
367 334
343 173
7 123
254 191
238 210
226 391
215 150
14 115
11 126
28 252
368 315
205 314
273 146
180 260
257 232
339 192
336 90
209 313
330 35
336 39
293 30
230 312
264 212
76 219
27 345
375 333
166 179
297 22
258 149
159 180
227 218
28 273
111 146
192 239
298 13
283 24
322 111
74 218
349 179
268 149
29 272
61 221
74 117
28 282
267 241
15 341
303 20
108 138
155 167
326 174
216 221
225 149
298 25
298 311
34 281
217 214
265 161
300 318
147 318
27 241
62 224
333 186
267 242
64 116
322 99
257 231
92 259
333 89
204 320
201 145
273 224
337 24
20 345
9 253
267 194
261 157
16 273
309 324
287 28
258 148
151 178
19 252
185 234
79 221
214 142
353 35
205 156
227 314
112 134
107 133
120 148
58 118
152 310
296 313
346 28
35 283
188 242
209 328
350 171
230 323
198 393
25 289
250 190
280 395
134 322
270 243
66 220
88 255
22 340
27 284
162 158
261 151
60 231
250 186
33 356
79 253
222 215
335 188
276 141
292 24
79 212
302 317
1 122
99 250
289 29
25 257
222 313
188 256
138 308
305 323
18 115
257 156
85 241
0 120
278 149
70 123
16 115
138 327
214 394
287 18
264 141
30 239
20 259
274 241
74 109
23 353
228 212
310 325
241 225
201 390
310 327
261 203
83 217
99 138
289 381
343 26
269 136
183 252
378 317
149 172
170 240
95 253
373 331
93 264
179 260
206 164
256 146
367 330
12 362
219 399
153 323
138 317
276 226
222 217
98 256
68 238
338 186
210 388
12 108
332 167
101 150
286 390
147 162
10 114
69 221
295 325
364 320
290 22
134 319
292 31
88 224
116 132
230 225
21 341
333 47
106 138
8 102
216 209
294 320
151 156
215 326
212 391
64 235
267 187
331 177
209 325
200 391
344 174
278 396
280 232
326 90
202 148
76 130
147 311
267 202
30 259
216 162
290 316
374 333
36 287
27 252
20 250
226 328
322 115
139 314
217 208
28 357
221 318
299 391
96 137
109 154
107 130
215 160
105 133
24 282
183 254
269 133
301 391
110 133
336 164
314 321
340 102
274 242
151 174
113 154
266 237
318 100
79 217
144 307
13 108
262 138
13 125
11 346
270 226
219 318
224 158
151 171
274 134
222 151
6 121
193 247
65 225
155 169
20 296
354 328
339 25
292 21
252 198
277 159
85 232
267 192
12 284
77 222
224 394
22 257
11 99
211 396
302 32
9 105
266 234
311 332
78 122
262 229
13 113
142 168
259 188
209 155
342 173
16 365
132 322
32 349
253 192
149 173
9 116
272 199
232 207
344 34
165 174
157 162
313 328
133 314
221 326
207 142
258 228
29 256
100 239
360 309
226 152
233 225
273 157
305 330
150 171
192 258
11 358
25 288
204 312
167 167
67 130
217 380
25 357
299 331
260 223
368 312
305 312
19 111
256 189
134 316
25 239
254 202
285 390
199 149
165 160
74 111
307 318
152 170
146 177
336 177
81 259
228 323
83 131
299 24
205 155
290 33
22 238
113 140
13 287
342 188
118 146
131 320
268 139
181 256
30 284
210 142
219 330
137 325
361 309
79 260
74 229
296 399
30 289
30 248
250 207
7 351
281 21
93 253
82 118
214 387
343 101
373 327
80 135
224 388
278 159
77 229
174 237
350 169
367 333
24 260
156 170
309 312
348 29
214 143
298 307
138 326
296 327
260 235
210 322
220 144
203 153
341 42
336 37
32 249
295 390
17 272
139 309
264 161
325 88
361 311
17 339
70 219
188 259
258 190
209 323
268 193
335 25
379 324
292 389
78 116
18 270
215 161
168 247
24 243
20 269
213 397
6 350
19 254
192 257
253 198
340 32
14 246
132 317
345 36
74 135
342 42
237 216
253 186
225 217
326 182
21 293
201 388
98 254
209 164
227 327
188 240
153 311
91 243
28 344
60 120
221 149
255 143
8 347
239 225
76 132
206 160
28 277
262 149
236 210
335 99
303 305
330 165
147 310
207 148
10 254
311 316
60 217
258 145
210 383
354 331
107 129
220 325
369 312
62 132
225 389
288 33
116 135
66 133
141 316
261 206
21 295
224 309
26 247
63 234
26 294
79 240
303 324
248 207
87 239
3 103
188 235
217 162
161 159
285 395
208 315
102 257
356 322
214 311
289 28
302 389
228 223
297 385
84 224
18 241
258 201
31 350
262 242
241 217
29 237
95 146
120 152
296 322
204 144
230 209
278 230
340 186
69 232
270 240
117 142
199 392
6 102
151 334
66 228
327 89
341 48
87 249
147 316
258 241
335 37
268 195
302 21
281 33
2 107
82 121
277 20
328 89
148 332
212 399
330 101
257 202
4 125
74 210
328 183
295 311
143 172
27 279
179 252
82 255
149 159
218 163
74 133
76 230
263 152
329 41
6 108
86 256
250 192
74 228
283 149
329 29
239 220
149 166
67 115
160 174
269 150
14 339
330 29
254 236
314 309
252 191
288 35
13 117
208 380
365 320
13 359
298 306
140 335
352 173
118 154
297 384
86 263
17 117
275 237
185 251
190 236
337 166
289 390
191 242
185 253
222 315
272 226
292 325
325 97
25 272
3 125
281 141
22 341
17 294
321 90
288 398
273 230
261 155
112 143
265 187
76 124
215 399
344 46
206 311
216 151
16 355
74 220
12 240
330 94
182 261
319 92
350 30
32 242
164 160
13 101
29 250
7 353
67 128
57 123
207 316
292 328
1 102
156 175
18 354
210 326
100 153
277 22
24 250
75 215
155 181
320 114
370 309
11 289
150 326
198 399
277 16
229 212
194 248
188 247
140 312
351 323
299 323
140 167
223 162
173 253
75 225
80 230
336 46
18 361
34 290
188 253
34 279
349 183
238 215
7 352
241 216
221 142
63 123
264 204
227 204
332 94
231 216
30 253
31 246
86 241
279 156
213 160
226 320
221 331
209 151
84 127
25 358
209 156
154 161
17 345
59 128
275 393
114 135
218 327
66 112
1 99
5 122
8 110
15 261
305 314
34 240
295 388
78 113
363 327
157 316
104 252
100 136
21 345
333 93
361 314
168 248
156 180
137 312
369 324
11 105
214 391
238 204
75 214
220 314
11 123
13 275
301 325
223 328
332 25
327 90
247 196
321 91
287 380
304 313
34 291
63 223
206 388
27 253
248 191
328 91
287 21
254 189
297 14
91 262
219 144
7 116
214 382
352 175
208 312
74 219
261 229
220 306
73 128
85 245
256 201
175 256
296 11
349 30
213 326
8 118
345 24
300 14
291 313
367 321
178 258
218 391
364 312
339 164
202 154
329 176
21 270
246 205
222 397
189 250
290 20
219 325
334 46
2 114
292 26
286 31
272 231
16 361
210 157
23 253
18 250
219 321
263 216
287 12
231 315
300 325
224 317
225 321
143 318
147 174
205 143
230 319
304 393
203 313
20 351
32 353
267 201
207 389
295 319
378 327
227 156
322 105
63 128
349 166
334 111
33 251
20 343
217 391
235 224
9 283
248 192
27 347
76 213
147 325
11 121
189 238
29 285
147 324
100 257
32 278
332 187
207 384
25 291
21 365
1 109
71 225
336 187
156 312
175 235
18 349
166 169
224 219
211 305
288 390
119 136
202 393
5 103
263 241
149 165
342 169
83 259
212 321
106 141
16 341
222 396
277 394
365 329
93 258
252 229
143 161
105 141
180 247
308 326
17 251
13 342
224 307
308 332
188 244
337 41
345 38
255 208
269 135
9 112
224 319
278 150
258 211
221 158
14 349
276 222
61 220
219 384
146 309
337 187
157 173
280 397
206 398
271 240
303 330
284 391
78 119
366 313
215 309
212 306
256 240
301 394
317 98
79 132
285 33
27 278
257 150
177 234
344 169
144 167
347 32
14 290
24 353
225 161
19 368
211 388
146 171
267 141
269 162
216 386
271 228
251 196
218 158
291 21
138 330
137 326
187 240
289 23
160 157
216 382
207 326
332 184
155 158
206 142
289 9
78 114
214 216
215 163
1 107
145 174
223 387
340 189
347 167
29 245
16 288
234 218
63 230
62 225
108 141
118 136
298 320
236 208
32 272
303 17
335 35
89 246
10 346
17 295
111 133
336 47
26 257
143 169
184 253
300 307
374 314
27 254
271 236
274 240
237 212
254 205
22 286
328 179
322 107
171 257
335 180
158 162
345 46
227 216
280 392
351 26
261 228
225 155
209 392
293 11
215 394
309 313
226 306
253 228
259 236
24 257
232 210
292 319
221 211
220 307
333 108
4 107
341 184
182 233
288 385
78 235
89 249
152 183
3 104
210 321
147 161
359 319
70 134
221 161
254 196
353 322
146 316
339 47
369 309
358 317
271 237
207 399
111 141
15 351
224 311
349 182
9 342
22 259
28 283
155 320
18 295
367 316
277 239
294 30
35 276
90 243
74 211
223 327
139 318
20 114
28 241
122 146
256 229
237 214
292 381
27 272
275 146
253 195
192 238
22 270
153 182
316 310
356 314
73 116
277 28
280 19
265 200
191 245
157 177
329 184
267 205
106 139
81 120
104 146
65 115
30 344
256 208
146 318
219 395
25 258
280 154
20 284
278 30
342 33
336 33
260 136
12 248
282 384
377 332
220 319
201 398
281 16
278 388
185 235
208 391
374 318
267 203
214 384
16 260
139 325
94 261
256 236
99 243
340 38
336 108
170 257
374 327
26 240
27 289
358 318
33 349
110 157
11 361
348 46
63 231
123 143
16 279
263 190
220 331
332 189
17 262
224 313
263 138
90 253
274 221
36 243
12 342
82 220
199 156
208 321
154 311
285 22
21 284
349 39
246 194
273 201
11 280
16 110
221 398
86 244
291 323
66 132
327 186
345 171
3 113
277 397
356 324
171 252
291 312
265 223
277 141
318 111
360 312
63 122
261 144
86 251
304 27
145 308
195 254
62 133
23 355
240 219
221 153
246 199
269 194
268 202
256 147
291 28
301 386
300 320
172 256
236 218
9 289
341 173
32 250
4 98
112 152
342 100
335 168
277 386
294 319
195 241
301 310
89 238
14 364
227 150
15 247
357 323
90 245
65 124
339 100
15 293
266 239
329 108
191 255
328 29
290 399
214 150
60 219
245 200
282 22
282 149
213 382
245 193
109 133
272 162
26 277
76 249
161 168
20 287
252 206
18 276
349 43
363 314
91 236
2 100
18 257
65 233
225 312
221 399
296 381
21 273
223 224
212 304
342 184
29 348
13 112
99 153
146 180
10 341
95 244
317 319
258 223
254 197
0 101
140 173
103 244
157 157
336 171
343 99
185 240
155 176
185 258
278 21
6 360
25 341
213 396
27 296
15 104
65 217
278 227
209 148
249 203
299 319
17 292
73 111
292 10
294 312
17 341
275 154
225 222
132 323
360 328
28 247
255 201
81 235
92 262
267 154
11 242
87 245
227 320
141 171
279 18
71 223
250 203
5 123
294 22
69 124
226 326
165 168
253 203
340 180
265 209
140 310
335 48
9 243
80 115
343 177
209 327
80 246
214 393
344 178
20 274
335 111
342 45
141 173
87 264
157 156
61 133
15 357
285 10
347 175
83 240
245 194
71 221
325 99
287 29
266 238
295 322
1 119
34 285
151 310
15 362
376 328
27 285
315 319
250 205
0 125
220 394
212 323
3 116
209 162
351 38
329 185
336 34
334 32
339 112
279 142
76 211
24 256
7 104
217 316
279 396
204 396
76 254
157 318
305 324
325 37
98 242
225 215
89 250
338 91
327 105
4 110
240 221
143 314
13 252
12 242
72 137
221 214
71 134
318 105
217 387
219 306
158 170
221 328
60 220
82 259
222 224
103 256
123 144
8 283
107 154
301 20
314 328
283 13
171 245
119 133
290 34
69 223
283 147
11 115
220 212
71 117
73 134
326 97
300 331
217 223
13 285
202 390
26 253
376 322
14 108
97 248
74 213
62 234
349 28
59 224
372 334
26 244
374 313
60 131
222 148
94 258
141 164
132 314
275 138
345 28
349 24
326 31
12 119
237 206
267 153
102 154
229 209
116 146
265 201
103 149
263 208
64 127
336 170
204 158
144 176
86 221
293 309
331 114
345 27
73 123
190 240
154 310
3 112
373 314
143 311
264 199
325 34
35 248
28 351
215 153
220 156
222 390
346 41
206 156
24 275
99 238
109 147
270 150
277 398
350 185
289 15
275 218
76 231
21 255
152 322
302 25
21 292
353 321
206 399
24 249
219 309
255 192
28 358
278 235
99 251
69 219
273 156
80 125
155 171
15 100
317 321
284 23
191 237
327 114
345 25
278 24
174 243
142 318
208 387
229 313
326 109
6 124
199 154
349 177
111 140
27 364
218 320
263 236
113 145
267 234
255 193
229 213
216 220
209 387
184 240
225 391
67 225
221 391
219 311
318 323
206 153
205 312
82 254
264 238
212 143
361 310
141 308
243 217
17 285
15 239
79 228
140 314
146 158
214 168
69 121
25 253
217 312
199 158
207 145
147 173
232 216
301 31
158 316
253 191
17 246
133 331
249 190
237 205
273 144
221 312
131 314
221 387
185 243
172 250
35 255
32 347
351 179
62 121
157 179
334 185
147 323
230 213
149 167
284 16
70 131
114 137
220 398
303 319
146 322
18 248
279 386
83 133
121 146
93 254
76 129
97 250
266 204
157 322
371 318
215 322
148 308
11 254
228 322
220 165
152 333
179 234
296 312
211 159
16 286
71 217
260 239
298 31
255 195
368 314
1 114
302 331
219 153
371 319
189 239
5 348
204 150
317 105
187 242
261 139
237 207
150 164
204 151
83 253
213 313
73 222
320 95
261 216
216 394
205 157
144 324
85 221
228 202
24 356
333 184
224 208
28 236
335 91
148 311
298 18
35 281
305 23
18 111
378 319
331 40
302 332
343 164
226 399
297 10
236 214
299 308
353 38
317 97
60 218
67 223
277 138
229 312
279 145
155 162
325 111
272 140
65 214
157 181
331 189
296 384
82 257
298 392
110 141
283 144
323 114
273 139
207 314
312 307
61 231
333 189
210 397
259 194
297 391
269 159
141 325
99 258
89 252
339 28
277 388
297 330
163 171
13 236
120 138
27 274
21 235
85 262
85 247
283 15
185 245
81 262
296 324
352 37
221 321
265 239
30 280
74 130
22 342
255 147
265 208
369 318
267 158
270 141
337 90
24 364
211 146
275 219
92 254
270 151
217 149
336 185
279 159
28 359
85 217
226 218
20 240
211 381
21 271
202 162
296 389
297 329
342 165
95 261
224 223
71 218
287 22
319 91
301 16
338 107
241 212
81 232
213 381
358 316
282 142
280 139
356 323
238 208
210 316
334 178
206 141
13 250
222 320
131 324
119 137
156 182
306 333
147 183
13 107
264 225
234 219
80 211
223 397
14 277
187 238
80 244
364 335
206 381
102 131
152 167
94 251
371 322
35 254
106 140
26 341
213 307
92 252
142 315
261 195
13 124
81 222
337 188
373 326
315 103
276 20
273 158
345 175
36 247
293 311
268 153
134 328
145 320
10 107
140 325
224 393
9 254
17 353
81 214
101 138
297 26
299 324
268 219
269 234
78 211
113 153
236 206
164 180
339 38
298 391
28 286
271 238
95 262
24 355
111 149
268 200
248 199
9 249
28 361
266 217
228 228
82 215
327 97
159 160
225 397
203 164
273 149
205 313
212 382
255 194
102 252
352 35
72 127
219 396
8 100
19 286
278 151
334 175
60 128
72 130
70 210
371 329
294 380
68 117
211 304
20 110
281 20
270 142
203 317
145 327
330 179
143 320
144 171
252 208
82 223
268 229
20 341
205 315
226 157
223 219
335 190
258 239
255 190
183 259
348 47
279 384
289 380
146 172
342 172
22 357
219 304
115 140
300 23
266 200
282 396
113 148
196 245
282 153
282 31
323 110
289 30
179 241
100 254
301 30
71 121
16 287
218 323
220 164
333 173
15 124
221 382
237 213
209 143
140 320
225 227
230 220
307 331
340 185
279 226
77 118
219 145
217 331
183 245
334 31
365 312
28 291
357 311
271 149
262 143
33 289
217 142
336 105
275 153
336 112
166 171
22 359
66 236
142 316
182 255
261 148
302 19
315 309
14 352
5 109
27 234
84 256
300 21
148 167
153 176
5 118
313 320
329 25
16 357
276 388
297 309
22 358
295 22
295 382
251 189
66 128
215 221
217 161
220 222
149 309
281 14
121 142
145 161
342 36
349 172
275 144
190 244
225 320
369 319
358 334
301 387
206 392
283 151
283 22
294 393
295 386
192 248
100 245
176 243
166 168
22 241
326 39
228 203
19 296
340 22
92 247
34 277
19 271
94 246
218 214
256 195
180 254
317 102
277 385
97 145
143 316
1 123
121 151
131 321
79 254
147 328
349 46
222 206
210 154
272 137
292 14
19 249
28 253
326 102
354 316
207 394
103 142
206 383
135 328
332 96
286 14
237 211
253 194
63 215
330 44
87 219
190 257
167 172
70 222
136 325
357 334
329 26
73 112
72 222
195 247
87 238
18 251
20 272
225 150
264 187
339 24
340 167
219 303
212 313
347 173
343 175
318 106
115 151
262 139
224 225
253 208
113 138
292 380
273 134
92 245
80 248
30 260
75 230
206 326
69 118
35 279
244 216
183 244
135 316
141 177
34 292
163 159
258 187
190 255
340 174
298 331
20 256
74 225
220 149
12 340
276 223
210 323
305 333
344 41
328 104
348 184
268 244
0 122
290 14
341 168
151 315
59 116
220 309
261 225
151 173
348 31
101 250
201 393
106 142
259 226
210 158
285 12
27 292
26 366
30 359
24 345
268 226
280 227
329 28
75 231
219 310
121 145
93 256
213 157
22 244
375 321
365 318
83 247
76 238
32 288
296 20
9 246
357 326
28 292
107 148
222 325
142 173
150 310
25 273
319 94
25 243
275 23
106 130
335 164
274 198
222 219
271 193
372 311
157 180
9 102
145 321
18 285
325 90
78 131
229 223
203 146
146 174
147 175
275 225
228 314
222 330
262 153
31 353
75 116
106 131
330 43
10 244
347 45
142 324
24 248
296 10
283 386
275 156
354 317
25 234
136 316
228 310
139 333
238 205
328 177
297 321
331 180
171 258
334 93
17 112
334 91
213 317
137 329
302 328
101 137
264 235
261 136
209 385
216 393
216 312
74 121
303 318
104 144
337 38
269 205
322 110
336 102
321 109
345 35
278 398
216 326
158 322
95 238
101 144
0 108
368 332
155 313
11 351
346 46
214 319
282 19
32 351
256 233
279 157
209 157
332 111
86 123
181 247
248 202
176 250
339 97
157 159
217 307
369 313
11 365
68 216
22 285
30 360
266 218
268 237
100 140
303 327
68 227
232 209
337 107
33 247
302 31
16 243
264 142
176 249
12 123
235 219
293 317
285 32
366 324
290 10
28 287
291 319
293 327
201 150
356 325
204 398
293 316
314 313
368 329
259 144
216 381
102 251
119 135
21 357
75 135
163 164
85 260
76 222
268 137
210 163
225 220
3 124
7 105
9 343
181 259
317 111
223 209
8 282
335 39
324 95
345 48
94 236
84 247
132 316
154 313
18 255
372 316
292 327
369 327
151 161
252 204
254 226
238 218
210 311
373 329
293 386
270 205
63 118
205 308
11 277
359 321
227 322
287 381
239 206
18 287
254 222
259 213
287 36
331 171
270 231
328 180
204 153
27 248
274 229
106 154
27 342
223 225
277 222
72 215
225 163
85 224
325 116
296 395
66 115
21 250
296 326
372 326
267 231
220 317
80 133
276 144
198 392
202 152
318 320
112 145
11 120
348 175
81 247
1 116
267 208
223 321
18 294
247 198
333 176
32 285
334 107
334 167
241 213
281 12
81 228
284 11
19 275
223 385
286 36
266 138
326 35
331 32
62 119
261 199
92 258
299 33
329 97
337 185
158 180
72 108
341 29
22 279
35 244
299 309
258 144
88 251
275 150
279 148
313 324
209 384
335 92
71 233
58 123
338 167
202 157
356 335
363 332
0 110
154 171
156 173
156 174
102 140
87 220
123 142
211 145
200 154
81 130
82 261
76 235
293 395
63 225
273 159
139 326
145 330
184 235
347 165
12 364
203 385
273 225
229 203
286 34
26 276
316 95
5 102
72 235
360 336
158 325
205 317
183 236
266 190
218 311
294 9
257 233
12 249
331 185
331 106
222 384
102 250
283 25
4 102
17 354
11 291
265 149
161 177
312 327
111 148
152 311
243 214
24 295
144 328
14 286
228 321
213 142
178 260
15 238
177 259
13 242
283 14
172 243
32 245
214 164
31 236
116 137
338 99
361 334
83 245
262 150
375 330
148 182
268 197
23 342
67 215
146 311
117 140
104 148
19 339
177 236
336 114
328 113
175 241
66 230
286 30
106 153
146 165
155 170
84 129
145 331
340 28
372 336
250 188
218 303
253 199
306 324
31 357
21 296
136 328
211 390
101 247
6 113
225 206
256 143
85 229
64 221
342 41
336 89
335 113
84 257
265 216
322 91
86 252
132 319
168 243
324 177
263 222
216 330
100 134
262 192
331 91
19 284
335 38
291 396
296 328
210 320
215 324
301 384
13 349
283 19
224 222
263 203
226 217
235 211
282 393
263 234
344 27
221 210
199 159
2 116
83 129
305 327
278 399
12 356
278 155
7 350
17 102
8 245
13 363
20 249
2 126
270 188
31 290
171 254
343 98
316 109
328 181
17 351
328 172
83 117
153 169
78 246
206 384
219 207
86 253
202 384
325 104
15 115
15 101
285 379
373 330
8 284
269 144
279 28
80 234
15 235
302 16
224 310
163 173
304 310
340 43
182 247
5 356
217 320
334 30
145 172
211 330
295 28
348 186
230 324
22 272
9 250
15 348
294 387
344 42
334 34
109 142
227 151
279 30
330 176
33 274
23 363
203 383
160 182
87 257
103 154
74 238
215 143
17 250
12 281
151 325
274 154
208 394
218 326
238 223
204 164
325 109
363 315
153 314
213 314
175 243
287 10
347 40
222 305
262 220
241 221
210 145
222 306
22 353
345 169
351 173
267 198
8 249
263 240
23 271
63 115
7 348
253 200
260 218
271 203
211 163
105 142
157 183
21 257
267 137
303 18
342 104
194 254
77 121
92 257
9 350
337 35
83 118
325 100
297 326
161 174
293 37
76 118
92 240
329 183
217 313
228 154
265 147
218 212
318 102
75 124
262 142
26 291
156 325
80 217
27 245
333 45
319 106
4 100
16 248
3 118
263 218
260 226
334 115
99 149
282 141
63 218
73 223
295 395
25 347
213 324
249 198
73 118
297 36
176 259
328 187
364 334
158 161
13 366
343 187
206 314
82 241
227 209
19 277
308 329
177 253
144 181
302 24
278 145
31 344
16 274
85 123
29 246
237 215
214 159
85 223
14 100
152 318
115 130
204 393
165 180
304 28
16 277
29 360
315 321
23 289
206 318
95 254
212 153
109 135
154 173
223 148
98 139
67 226
202 158
276 395
258 233
321 97
149 183
273 234
368 322
260 155
79 249
94 260
219 164
220 308
372 318
94 248
167 175
296 31
121 143
142 167
226 220
337 165
143 180
68 226
26 297
115 141
117 155
233 217
100 142
111 143
17 269
67 116
79 211
302 392
309 307
278 29
206 312
315 329
334 35
73 215
7 361
216 398
217 148
63 114
13 288
204 324
274 158
144 336
90 259
189 254
30 276
141 170
97 251
306 309
274 143
333 164
22 261
347 172
219 387
4 120
269 200
72 138
345 45
14 111
13 360
272 238
232 230
283 143
224 214
288 37
310 315
329 95
342 163
344 183
377 326
221 152
280 225
311 317
289 387
343 34
204 395
162 163
87 260
22 278
30 292
372 325
117 149
224 386
335 89
270 241
331 37
304 312
28 259
217 224
298 312
148 181
84 239
315 322
344 185
280 145
91 248
33 246
254 187
72 214
227 205
341 169
273 227
226 154
121 138
8 116
10 103
296 35
283 394
242 209
328 37
334 172
219 328
265 195
268 243
295 33
19 117
236 212
322 98
120 142
339 42
67 221
340 172
99 145
356 320
10 123
173 245
89 240
72 128
211 392
4 114
24 349
215 155
76 234
367 313
317 108
35 289
208 323
105 138
272 193
290 386
271 225
135 320
20 286
215 383
230 318
347 47
15 283
109 137
262 160
18 360
217 325
272 236
347 23
313 331
256 228
94 264
7 110
224 155
225 326
333 34
217 309
214 330
17 289
23 278
36 285
217 164
331 93
72 225
15 342
276 149
19 280
209 318
23 250
118 137
317 315
264 210
34 276
226 225
178 242
162 167
293 319
22 252
71 210
346 47
371 331
365 310
214 385
154 332
59 220
298 29
137 318
264 232
267 147
31 283
221 165
72 114
93 242
362 316
370 321
25 355
21 340
314 310
104 156
306 313
375 313
223 215
217 319
12 287
260 219
64 120
15 359
273 138
368 326
224 217
352 30
260 233
78 226
282 23
349 31
98 149
84 243
371 317
286 22
116 133
80 127
219 386
234 221
283 390
377 322
172 247
193 255
74 215
97 150
82 119
263 209
156 176
286 20
144 169
209 319
150 181
14 294
222 318
100 252
279 144
101 240
363 309
262 228
356 312
187 257
346 167
119 148
59 122
343 182
35 277
299 329
223 160
269 207
339 111
289 20
337 98
300 398
14 242
159 163
154 325
230 316
241 218
232 206
264 228
147 168
333 183
13 358
206 166
288 387
215 380
261 202
300 394
200 150
224 392
340 110
347 179
298 385
227 202
259 233
157 327
107 138
258 219
330 96
91 237
70 114
257 212
109 148
370 312
119 145
357 316
234 227
207 392
270 244
23 285
17 239
82 224
271 161
282 152
259 228
153 161
256 186
253 205
67 112
70 214
330 113
23 290
332 41
161 180
256 230
239 207
11 293
66 114
61 226
65 136
24 296
96 260
72 216
133 329
131 318
220 167
236 217
343 170
144 314
348 34
73 216
281 392
96 257
30 353
76 221
358 321
211 320
235 227
210 313
333 168
110 143
372 315
22 289
97 138
85 218
235 209
339 190
374 334
276 155
13 351
6 100
74 236
264 193
266 152
115 146
178 255
294 23
260 237
266 159
83 115
25 292
268 188
295 381
288 30
202 153
81 215
27 351
304 24
25 348
292 19
264 154
188 245
222 391
21 253
18 355
265 222
278 143
378 330
356 316
220 387
63 129
291 15
69 130
80 113
157 319
360 331
214 392
13 245
288 11
241 215
216 210
208 143
278 16
174 241
276 225
335 185
368 327
228 204
149 157
93 255
353 175
187 247
274 160
99 239
345 47
68 116
277 154
274 393
74 136
221 157
185 238
28 288
281 147
184 243
359 324
1 105
181 250
147 312
112 137
134 320
260 189
195 251
365 332
78 135
337 46
344 44
217 328
376 331
327 91
90 258
20 354
331 30
265 194
340 111
67 231
64 220
12 112
183 261
277 224
96 143
31 244
271 136
68 233
139 324
178 249
268 205
184 252
216 154
66 130
277 387
149 161
338 32
256 144
151 175
261 242
224 320
71 112
334 37
351 28
205 383
341 94
86 239
223 394
320 91
217 311
63 130
260 187
154 183
196 243
104 154
300 395
89 244
75 111
358 328
79 120
185 261
74 126
210 382
108 135
172 258
191 243
188 261
263 139
281 397
30 286
219 142
207 321
340 33
29 254
356 317
261 137
276 147
29 363
78 254
184 239
270 236
311 314
178 257
338 113
24 271
110 154
94 241
5 352
147 158
214 162
263 145
150 327
323 109
7 346
163 181
362 337
295 330
266 160
69 222
174 252
316 102
179 255
223 203
79 237
278 232
208 146
296 391
307 313
12 360
17 113
78 218
11 352
227 155
154 328
232 215
18 105
302 323
13 278
116 149
265 160
85 261
335 95
342 171
202 164
261 197
360 334
21 363
153 179
63 235
179 259
5 116
22 339
298 24
250 187
114 145
221 155
268 232
84 242
28 362
234 204
276 386
212 389
119 140
30 240
68 114
218 307
120 136
290 315
17 244
330 90
201 156
334 38
279 32
298 324
20 251
339 37
351 41
146 178
216 146
317 96
350 31
135 329
183 243
266 235
64 128
267 209
21 279
369 329
136 317
285 26
200 394
347 31
79 220
71 126
210 147
335 40
260 138
341 165
24 352
267 162
265 218
99 248
59 117
188 243
261 230
11 240
268 157
20 281
320 108
214 157
16 104
13 279
259 156
80 112
25 340
341 41
90 252
21 248
212 148
248 203
156 162
149 181
120 137
339 106
17 114
214 154
81 116
209 389
182 238
270 220
342 27
7 120
80 228
374 332
82 235
338 177
22 294
281 34
24 359
27 282
86 127
181 248
22 243
227 321
239 219
11 288
162 177
358 322
219 390
274 148
295 391
11 290
186 249
326 115
146 314
225 213
242 216
82 216
25 364
178 250
201 153
80 128
306 329
343 45
373 334
215 312
219 393
71 116
337 186
12 365
229 202
63 134
13 246
140 316
306 323
17 293
188 248
211 325
19 290
31 295
226 307
219 209
22 233
300 313
95 144
111 137
79 123
346 178
216 160
287 391
59 225
80 219
156 328
83 114
9 346
332 190
325 175
334 188
8 353
332 32
21 346
285 384
86 229
12 347
105 152
294 27
343 190
83 246
329 31
190 248
219 324
13 277
67 212
336 189
338 100
257 224
99 240
94 247
309 311
136 326
294 324
349 175
279 225
15 102
180 234
230 223
272 197
241 214
257 226
270 218
271 143
286 387
293 389
189 251
190 250
135 315
276 235
252 205
279 224
146 164
223 389
377 331
308 312
340 39
348 172
272 203
76 224
111 151
217 141
80 123
267 204
278 386
327 109
87 224
33 292
222 165
87 253
304 315
271 219
7 112
359 317
281 17
173 249
269 222
336 32
330 32
130 321
134 314
246 193
343 48
23 356
343 30
9 241
169 255
253 207
132 328
220 388
88 256
286 394
29 241
213 145
332 180
16 113
289 386
150 177
187 241
152 156
294 382
282 155
86 220
81 225
75 117
300 312
298 390
340 101
12 351
246 200
216 218
14 249
260 207
61 115
78 126
263 158
26 256
80 233
303 307
8 360
25 261
218 216
8 356
259 185
258 158
308 323
231 217
303 328
145 334
350 44
307 324
70 120
347 29
226 389
89 248
148 309
336 94
68 126
15 288
11 357
346 174
230 205
65 220
158 181
377 316
287 385
9 247
336 176
28 276
221 304
277 236
346 179
140 169
152 309
64 226
228 313
209 382
254 195
340 41
99 244
327 104
211 158
307 310
182 253
279 140
73 213
196 251
192 259
299 305
332 172
218 385
273 137
104 135
146 323
82 113
148 173
199 399
242 213
12 272
224 148
161 179
266 226
217 163
144 164
72 122
257 204
268 201
65 218
1 111
141 328
267 138
249 209
79 246
69 236
279 29
204 155
19 261
238 216
21 367
294 388
18 234
246 191
281 140
59 223
67 118
279 139
254 234
285 396
216 396
329 186
150 178
63 112
343 185
291 19
209 309
147 169
16 252
154 321
21 297
281 142
77 210
61 129
98 144
376 330
59 119
205 163
207 158
275 240
295 26
12 358
258 192
343 168
16 106
146 335
275 136
300 28
208 393
348 189
216 140
154 181
307 322
298 399
342 168
118 131
232 229
212 392
246 201
16 359
173 244
320 98
203 319
216 214
91 238
261 218
94 242
13 260
261 191
160 170
143 334
278 237
191 248
366 322
324 110
297 16
207 393
343 102
316 321
340 31
361 336
20 243
303 317
354 322
302 327
344 175
265 159
208 160
303 322
262 224
258 204
64 225
320 90
369 330
250 194
373 319
78 229
280 155
338 97
87 250
182 263
280 16
299 382
82 222
101 241
74 131
15 105
208 317
82 233
353 327
31 247
132 313
143 171
13 102
223 391
21 236
141 324
17 366
152 178
253 188
378 320
251 195
212 316
264 224
219 388
346 26
119 144
27 357
109 140
16 367
183 256
28 364
268 235
246 196
24 289
208 319
276 233
9 244
215 159
218 167
203 398
289 18
107 156
10 352
98 147
11 125
314 314
224 321
370 335
219 212
357 321
256 155
354 324
32 294
133 321
135 311
15 356
153 174
233 204
82 240
207 151
63 216
226 208
29 361
151 331
78 241
225 219
122 144
226 158
321 107
356 331
22 237
179 242
20 254
220 326
286 37
263 159
347 39
214 305
338 98
70 236
30 278
120 153
170 243
173 257
149 184
224 145
353 324
33 277
10 354
177 251
123 147
341 188
294 34
356 330
65 125
223 222
141 334
10 363
99 256
311 312
19 247
181 235
18 237
223 324
101 260
200 160
272 136
17 261
326 114
190 249
203 395
323 115
257 147
324 97
227 319
257 230
209 397
10 355
346 40
323 92
219 316
230 219
201 151
218 144
28 355
361 325
9 363
120 141
203 147
226 327
253 226
180 258
250 209
222 308
169 243
190 258
264 157
99 142
83 241
347 171
101 132
377 325
339 31
8 287
29 358
16 239
10 347
13 355
259 206
10 116
155 315
279 385
366 317
200 152
299 312
17 356
330 45
2 122
233 202
209 393
146 315
299 321
264 159
300 25
4 121
22 245
30 352
260 147
295 385
329 45
304 305
72 120
364 310
194 250
339 29
221 162
13 295
274 146
215 396
261 221
18 364
26 296
232 219
266 233
30 283
144 313
117 143
367 325
199 387
280 17
221 384
281 146
62 123
4 124
348 28
140 166
148 320
274 139
274 223
265 202
134 326
212 315
226 224
330 26
378 321
90 246
151 308
222 329
274 149
215 311
96 256
176 258
15 346
258 242
8 361
291 387
346 44
156 166
319 111
287 393
335 178
28 235
344 176
366 335
277 18
338 27
11 107
341 187
102 148
103 254
80 116
12 116
66 234
162 169
145 160
220 392
60 226
22 292
290 36
10 282
83 243
353 32
256 232
97 238
12 276
276 153
169 249
220 143
156 184
142 165
139 310
260 224
270 139
81 240
379 327
294 323
133 313
147 157
198 398
139 328
21 237
278 391
362 319
343 21
309 317
15 244
26 275
9 126
278 23
78 127
215 392
293 328
220 399
226 219
378 324
28 255
358 319
273 197
278 152
7 357
22 363
302 393
24 234
352 180
177 246
294 385
351 27
134 332
186 240
32 257
256 197
232 223
269 229
338 33
76 223
279 232
64 132
340 184
240 225
79 127
268 144
142 162
296 16
248 190
361 316
285 15
223 154
78 212
168 166
208 168
12 255
375 334
78 214
240 207
6 107
337 91
170 239
261 227
147 172
172 253
239 213
274 150
89 237
264 140
267 157
112 133
153 177
220 397
19 360
20 244
276 234
274 136
167 176
20 109
137 316
206 147
260 230
263 231
33 280
268 220
281 148
330 30
231 316
171 243
192 256
146 307
151 327
116 142
308 330
260 228
26 255
330 37
234 208
304 334
279 143
19 240
65 231
85 242
86 257
251 206
204 386
153 332
223 204
94 238
362 329
299 12
372 313
213 303
221 150
77 136
174 249
342 185
207 387
97 146
363 320
95 259
216 380
22 367
77 216
271 199
62 228
311 309
76 246
68 131
100 151
219 154
264 190
339 26
215 140
358 314
299 315
151 328
209 312
18 278
227 325
12 243
152 184
328 116
365 322
239 208
285 385
99 242
333 22
90 261
30 281
374 322
145 326
344 187
16 292
89 254
238 225
14 284
291 315
364 326
314 312
210 327
83 251
212 329
276 237
238 206
22 287
258 139
217 327
84 245
11 111
67 235
177 255
190 259
9 111
207 141
258 197
278 147
25 277
334 114
340 163
84 228
15 290
34 243
235 205
72 111
210 319
271 242
75 136
295 13
68 124
363 312
263 149
185 259
10 101
205 399
97 246
110 132
216 211
239 212
79 136
15
