10
2500
16
182 295
179 0
280 261
256 80
222 154
170 235
55 277
115 31
273 159
139 201
287 165
253 66
230 149
114 26
121 32
117 19
174 235
271 270
167 227
63 278
107 37
160 241
187 284
164 4
110 24
109 25
287 158
67 281
287 159
53 292
189 287
67 275
132 194
47 289
253 68
215 165
170 5
123 34
271 260
122 17
130 27
158 245
275 147
116 24
234 159
289 268
269 84
266 149
284 158
121 27
264 87
62 274
191 296
163 236
53 288
189 282
228 156
175 223
135 190
208 148
265 149
171 228
64 270
265 81
259 162
54 280
282 260
281 150
49 263
286 163
248 72
259 161
179 240
257 65
192 290
224 141
266 70
237 152
64 273
193 287
281 153
264 78
261 69
172 290
265 90
165 222
255 69
186 10
275 264
180 292
188 283
172 287
272 273
104 35
256 78
103 24
261 76
117 37
189 0
288 274
188 9
46 285
224 148
112 17
284 258
64 283
68 276
158 239
276 248
179 12
182 296
163 0
271 147
128 208
260 151
182 10
59 287
231 165
292 263
135 197
126 203
192 286
147 213
175 14
142 208
265 88
163 222
244 72
134 208
111 17
141 197
179 5
189 9
268 154
119 38
166 295
62 289
170 292
134 204
61 280
125 41
130 189
277 247
282 165
234 160
281 274
266 89
120 23
171 290
267 73
270 155
190 290
294 260
138 192
116 45
148 192
108 37
275 165
263 155
50 275
280 154
125 198
223 149
167 236
263 92
41 271
154 200
287 258
274 173
166 244
61 291
188 12
67 279
62 279
56 266
172 286
105 33
180 226
62 287
65 286
260 65
187 10
224 150
267 152
106 19
176 245
232 142
244 76
157 229
268 89
141 187
236 159
261 168
270 146
140 210
244 83
68 283
174 13
261 169
174 224
217 155
192 8
279 276
278 258
128 209
60 286
130 208
194 291
215 168
173 240
131 195
288 159
223 168
103 21
261 66
233 157
249 91
278 253
191 293
283 160
141 186
197 299
263 170
159 231
247 79
219 143
280 171
274 255
124 22
233 146
58 278
65 284
266 75
64 285
163 244
169 5
69 272
209 161
169 247
111 42
271 250
288 156
224 160
212 163
209 150
61 287
165 224
284 257
166 243
213 151
256 71
41 279
273 158
185 10
120 44
212 151
268 149
162 237
267 155
176 298
223 145
180 240
221 169
140 208
118 44
179 229
189 289
108 41
236 150
222 160
214 155
278 275
270 249
45 266
287 254
143 198
282 155
121 20
259 74
181 2
246 76
180 246
65 266
230 146
272 268
54 292
39 277
125 20
172 246
212 155
270 273
262 163
284 266
160 244
191 286
251 75
274 257
255 93
108 44
67 272
117 46
195 296
173 229
105 32
129 209
55 262
284 153
270 159
166 1
216 157
289 250
255 81
138 197
165 5
176 9
127 28
219 158
263 82
177 295
269 75
145 192
173 5
170 3
272 159
224 145
114 21
129 202
108 19
275 166
285 256
155 230
266 154
145 188
232 154
166 220
254 87
128 40
279 249
279 147
232 161
190 11
181 299
273 155
275 174
43 284
247 88
183 5
41 273
191 1
172 229
42 275
54 275
158 233
233 149
50 267
230 167
151 203
229 156
144 191
227 154
222 147
41 277
62 281
102 23
257 72
180 12
46 269
144 188
165 4
113 39
287 249
267 90
275 253
287 261
268 84
234 149
105 30
188 284
169 298
220 168
160 227
53 265
176 13
264 153
57 265
113 27
127 208
269 81
137 213
185 282
295 260
225 144
257 83
174 227
192 289
261 150
191 283
102 31
273 165
107 30
182 280
246 82
166 235
166 232
219 157
109 23
176 242
141 201
138 210
220 153
116 21
267 72
177 246
260 70
149 204
169 244
276 270
171 222
271 78
176 221
259 88
174 221
151 211
42 282
54 291
217 140
131 191
129 210
220 146
258 65
276 251
60 289
68 277
126 42
131 202
214 145
145 187
120 46
55 267
129 27
278 152
261 73
67 284
174 12
276 259
167 9
268 90
235 155
245 85
127 206
102 32
256 75
175 15
178 13
163 240
271 269
194 286
234 152
160 238
114 39
195 286
182 287
113 21
216 147
287 154
286 161
106 41
224 152
259 71
285 246
282 171
286 255
105 43
68 278
171 11
250 80
170 229
152 205
63 273
278 257
269 148
152 194
282 250
182 294
283 150
283 246
283 254
245 86
49 266
284 148
55 284
167 221
170 226
283 170
143 215
168 229
129 207
283 159
133 206
120 27
133 211
166 249
188 296
276 147
52 278
146 214
166 231
193 285
262 83
138 195
174 246
268 171
126 205
143 197
250 81
185 290
162 227
267 167
261 71
281 266
278 165
281 276
63 264
167 8
123 31
278 154
182 289
275 144
155 240
285 264
174 237
185 4
268 72
271 77
110 44
130 200
119 27
183 233
53 290
251 67
149 207
125 24
150 203
212 143
167 6
176 222
183 6
265 74
285 168
271 81
125 201
48 279
173 220
186 281
138 187
258 94
126 193
262 170
40 280
176 239
227 152
132 197
64 286
292 259
153 194
247 72
171 225
216 156
181 286
131 209
120 32
51 263
54 271
114 35
266 88
164 240
166 224
68 273
191 10
185 13
142 195
281 162
178 240
182 245
236 160
58 266
140 199
251 89
222 149
168 8
163 237
113 20
290 259
207 153
243 83
160 235
284 272
137 192
259 69
135 212
108 18
120 17
143 196
157 239
230 154
57 288
266 169
161 223
195 289
101 30
109 32
122 23
130 214
158 244
101 35
120 39
284 250
155 239
248 92
141 192
264 148
64 282
267 148
254 72
285 163
178 248
127 34
285 157
258 75
277 160
137 214
255 67
171 236
106 37
108 28
67 268
168 222
266 159
279 173
255 68
218 148
124 202
277 162
168 237
67 286
170 222
278 157
267 145
182 242
164 249
193 299
178 298
226 162
215 146
140 198
119 42
276 274
133 192
190 9
140 197
126 29
145 205
134 189
180 293
183 295
185 297
262 72
287 265
285 257
264 170
267 76
277 156
210 159
283 261
144 199
274 146
253 92
265 160
104 36
169 248
110 35
192 283
168 11
153 196
47 271
274 256
185 233
281 250
270 168
179 245
264 83
224 151
138 205
174 228
179 287
184 9
185 9
282 264
192 288
282 259
188 8
149 201
133 201
50 279
133 195
270 74
271 256
259 152
167 0
54 273
276 146
221 158
267 163
105 42
278 264
225 161
61 265
220 164
62 283
145 196
219 147
49 271
143 195
269 174
176 229
180 15
267 166
262 89
165 235
268 252
145 207
177 230
188 286
173 286
285 249
280 248
287 266
167 233
188 290
177 248
139 192
159 242
261 93
49 275
224 139
44 266
176 6
118 20
116 46
266 163
268 81
142 191
273 173
125 38
248 77
129 192
264 93
48 263
161 225
277 272
162 234
110 40
294 268
63 282
229 146
142 216
282 158
105 39
225 146
177 243
119 45
197 291
193 298
278 159
138 206
268 80
215 145
278 274
253 85
132 214
249 88
129 190
170 248
275 163
266 82
168 230
176 291
266 81
177 294
111 36
258 70
284 261
168 226
170 286
150 196
60 269
116 38
146 191
221 141
50 292
46 283
189 8
185 281
179 224
58 280
260 153
244 75
278 161
66 282
181 289
107 32
120 35
121 40
275 260
119 43
106 24
267 257
40 277
266 78
178 293
44 278
276 269
278 170
139 200
185 292
55 275
58 283
268 153
47 287
62 269
276 145
279 170
263 160
143 209
257 80
136 212
277 153
177 229
166 226
122 34
284 159
61 275
127 29
255 85
211 144
193 291
106 40
162 228
192 2
107 40
112 39
126 195
160 243
257 76
172 293
265 265
192 298
272 257
258 95
167 297
180 281
165 239
280 168
214 143
235 149
173 11
147 190
58 288
181 281
193 296
259 90
171 246
274 260
185 7
287 263
169 240
260 161
231 141
145 201
113 28
217 156
282 266
289 253
271 255
175 286
147 214
167 293
160 224
128 202
287 251
213 147
269 73
265 158
117 40
185 0
129 205
168 246
258 80
140 188
43 273
230 148
152 204
178 245
161 229
255 91
280 269
173 0
127 27
45 267
292 264
269 145
233 159
209 149
180 6
142 203
64 266
269 257
283 248
61 267
236 158
157 241
194 296
292 268
167 234
278 150
186 295
70 275
151 192
209 153
287 256
243 77
289 261
176 286
161 241
62 284
49 284
131 213
168 239
155 231
250 79
110 23
290 272
174 4
224 156
231 157
268 148
247 73
130 194
179 298
286 261
144 200
260 90
145 195
282 146
173 223
177 15
216 159
137 193
270 153
287 152
271 85
139 190
173 244
268 155
127 205
238 154
168 242
132 215
268 86
150 193
212 156
246 80
280 259
269 269
273 172
182 238
56 285
130 203
129 34
163 239
271 258
51 292
131 214
219 165
57 271
104 30
58 262
118 41
171 224
228 162
276 252
144 209
224 169
67 273
282 148
54 268
110 32
130 31
217 159
218 151
280 164
165 250
281 268
56 281
219 149
164 224
267 252
162 247
272 172
173 288
261 95
265 172
256 74
265 84
262 162
187 282
250 85
176 8
175 296
54 267
267 88
256 66
124 33
143 192
270 152
270 266
276 174
144 192
179 231
263 147
54 272
142 186
263 77
187 6
227 155
291 255
148 212
260 71
191 6
280 150
173 224
128 194
181 225
48 288
268 262
165 221
276 162
129 28
114 25
57 279
177 245
273 143
211 148
139 213
245 79
55 278
66 285
256 73
51 268
260 154
170 290
282 150
242 79
250 87
161 227
123 25
176 240
115 27
271 261
286 167
188 294
160 236
280 275
281 152
103 32
177 2
146 204
269 150
219 164
270 252
285 255
107 28
264 74
57 287
168 228
124 29
137 189
174 0
174 11
219 166
182 3
225 160
121 21
151 200
129 208
172 222
223 161
226 154
276 273
258 86
151 209
68 270
218 158
171 291
210 148
260 80
64 275
244 81
169 249
218 163
214 159
289 249
287 264
173 248
180 284
252 90
282 258
267 154
172 241
262 164
255 75
266 85
160 240
108 24
243 76
264 90
117 22
112 18
107 34
60 263
59 269
173 296
147 196
150 209
159 229
262 90
166 223
110 39
241 82
58 285
277 147
169 232
170 289
287 164
56 273
176 244
249 73
106 25
267 267
51 274
142 205
214 158
130 202
159 227
178 283
171 9
283 275
139 196
109 21
232 159
186 14
113 35
180 225
114 42
160 229
160 230
209 145
225 152
53 285
50 265
226 150
274 169
262 75
129 196
110 18
136 204
175 297
257 75
135 209
141 208
175 250
121 36
279 155
231 158
51 278
121 28
152 195
274 144
120 41
122 24
122 32
174 284
212 157
215 155
129 199
291 262
252 87
195 299
172 226
120 34
262 157
223 144
258 82
286 270
195 298
274 152
160 223
288 259
285 160
264 67
162 224
251 93
163 249
150 207
146 203
62 277
164 225
268 163
124 41
274 171
143 190
210 145
45 277
179 10
270 254
181 4
216 145
252 69
184 0
40 273
192 7
293 261
124 23
165 245
257 91
263 156
129 195
219 162
66 269
56 276
190 8
164 221
104 27
55 269
286 162
261 159
152 200
130 36
287 153
178 10
108 30
272 168
281 166
276 153
168 3
59 268
223 165
113 19
140 211
225 155
283 276
231 142
249 94
275 167
170 245
185 299
261 84
221 146
288 261
70 282
168 295
262 153
181 230
279 254
140 196
53 277
54 265
162 233
123 26
127 26
260 88
262 66
173 10
278 166
270 255
176 11
149 197
163 224
162 246
123 33
117 23
223 139
284 170
250 91
44 284
252 70
280 262
265 167
195 291
283 264
175 8
269 253
176 7
231 152
46 277
120 31
120 40
55 283
275 146
265 151
44 286
248 80
165 242
170 294
215 154
127 23
281 275
64 277
175 244
279 164
178 230
171 292
171 239
170 224
292 260
219 146
113 33
282 262
47 277
185 288
254 74
176 237
138 193
207 158
112 38
45 268
184 285
228 151
227 148
265 91
68 281
279 169
126 41
243 84
46 289
102 28
163 229
134 213
276 173
161 237
49 279
151 206
275 172
175 232
253 79
270 166
222 159
211 158
287 155
229 147
285 149
210 158
290 251
183 243
266 168
59 281
126 21
260 76
150 197
193 294
226 143
61 277
110 29
190 0
244 78
105 41
57 268
219 159
118 31
277 271
188 7
171 285
132 209
225 154
253 88
178 3
288 268
247 82
45 274
141 198
48 270
275 250
49 265
153 197
224 161
109 17
171 10
266 259
61 282
272 149
153 198
125 43
290 270
156 241
246 85
217 146
190 3
284 268
254 92
259 76
131 31
276 164
176 231
184 294
255 92
135 189
148 208
275 273
47 290
169 220
214 164
267 75
183 15
185 3
285 272
56 270
68 284
268 254
154 199
176 226
277 267
176 284
163 234
214 144
251 85
171 248
171 7
140 214
182 225
285 156
137 203
218 166
220 151
273 152
67 269
220 163
157 240
252 88
225 149
286 168
273 263
193 297
157 242
47 267
178 292
119 30
129 191
174 250
264 147
179 230
125 202
40 274
232 144
48 271
289 265
173 9
227 156
261 156
113 25
152 199
255 79
181 298
252 76
113 42
52 279
172 244
290 263
262 159
272 274
172 1
67 267
168 243
170 296
131 194
58 270
249 83
192 292
176 281
262 91
124 201
282 246
222 145
181 227
149 210
278 172
229 159
279 263
275 148
131 210
172 4
115 21
145 214
111 37
134 188
221 160
174 231
271 265
216 167
209 155
161 244
130 33
257 159
242 73
285 259
226 140
280 155
276 264
251 95
225 168
226 146
284 168
235 158
166 225
223 150
63 274
223 147
273 252
147 194
274 156
291 267
290 264
214 161
292 256
269 271
281 167
280 273
127 38
166 222
168 247
216 154
173 12
165 7
101 38
146 196
267 156
279 266
173 247
182 293
254 86
280 251
104 23
182 9
145 198
264 169
256 92
55 271
221 157
173 232
255 66
42 279
261 149
133 204
55 268
42 285
179 2
215 149
246 83
206 154
288 267
169 224
139 202
65 283
60 281
51 269
232 157
134 205
289 264
124 200
265 161
100 35
135 193
159 235
111 27
273 151
125 34
253 94
160 246
281 168
295 258
53 284
129 32
250 72
277 259
130 193
277 248
192 6
251 66
148 204
181 233
284 246
263 83
109 27
178 15
266 72
56 284
235 151
112 22
65 285
130 206
268 70
146 208
289 256
261 94
266 170
41 280
271 263
281 158
250 93
241 83
270 78
278 265
117 24
68 275
160 237
284 162
51 276
190 294
111 26
126 34
275 258
253 90
271 148
273 249
69 283
135 196
250 71
58 273
126 198
289 251
211 154
55 292
270 174
121 34
261 80
231 167
254 91
110 30
291 251
69 279
186 9
262 161
180 231
272 150
184 290
260 157
269 147
50 288
184 11
178 11
259 87
176 241
272 254
277 164
130 211
141 190
280 265
168 235
269 158
102 25
153 199
116 19
175 11
43 271
55 266
260 156
122 33
145 191
182 290
286 159
129 31
52 264
220 154
257 94
278 255
62 268
249 89
176 282
279 255
128 37
254 66
282 272
137 200
274 252
257 82
282 167
67 270
234 162
231 166
147 192
181 284
172 3
278 246
58 292
176 294
283 156
106 29
265 260
230 159
171 297
58 265
167 223
180 2
178 242
273 275
119 33
175 242
196 292
133 209
123 30
223 160
106 27
260 152
220 160
283 262
114 28
172 297
121 33
47 284
106 43
265 262
175 4
195 292
257 92
176 299
234 155
128 197
172 11
177 221
270 149
133 198
287 275
226 160
268 151
101 24
68 274
252 93
232 146
119 16
261 88
165 2
45 271
215 157
293 264
144 214
230 152
124 31
127 201
290 260
270 77
248 74
180 224
110 22
167 238
50 289
258 67
279 265
181 288
227 142
167 224
127 203
144 208
270 264
230 144
289 159
179 285
241 75
50 285
143 206
42 278
249 75
257 95
265 82
271 80
142 193
253 95
147 188
277 163
275 145
114 45
230 161
126 38
281 251
55 285
223 153
176 290
130 29
260 82
138 199
149 209
49 272
100 30
264 167
288 252
161 239
280 274
48 287
45 273
176 289
271 259
53 262
222 157
286 157
268 158
45 269
51 271
285 161
139 203
143 214
129 193
105 34
163 242
218 169
161 247
292 271
268 266
136 187
268 83
111 25
288 262
105 19
256 81
60 283
106 31
282 170
147 210
259 65
243 72
262 78
120 18
181 234
44 279
286 250
62 282
197 290
142 201
114 23
284 150
46 276
220 156
46 282
159 230
243 75
171 243
191 298
221 153
229 149
179 4
46 275
171 235
290 249
170 241
168 233
176 297
255 90
133 199
64 276
231 143
105 40
269 170
173 239
128 23
58 284
211 145
279 258
263 73
122 19
196 299
150 206
57 277
208 149
245 82
186 7
285 158
268 169
180 230
295 265
215 159
265 92
281 271
166 237
122 22
172 10
42 268
261 91
183 283
124 37
177 287
276 154
150 201
116 27
287 271
135 186
288 160
178 299
294 258
241 84
134 200
126 23
266 87
208 161
66 288
247 93
263 152
177 297
111 20
62 276
230 165
129 33
41 276
128 27
185 283
268 78
53 282
179 294
138 209
267 264
178 9
271 152
181 295
111 21
163 225
56 265
221 149
46 272
60 267
125 199
141 213
259 153
210 152
47 265
271 150
126 208
140 189
291 254
54 287
183 229
274 265
167 290
68 280
286 274
145 190
156 238
161 226
169 0
182 281
143 187
254 85
182 236
182 226
122 36
163 248
168 236
236 153
250 77
257 70
165 249
56 274
164 237
273 258
137 202
279 172
269 156
277 254
119 26
280 255
172 289
278 276
263 163
174 242
262 149
59 278
232 143
165 237
110 21
221 139
180 286
57 274
118 19
148 193
185 289
175 234
284 275
214 148
277 154
259 94
256 69
128 195
146 215
129 204
167 298
215 144
113 29
175 237
184 237
135 215
262 93
222 153
48 291
287 252
57 283
213 165
164 244
253 67
45 283
177 3
271 167
122 31
136 193
267 146
176 12
186 290
41 278
271 162
185 231
159 228
58 264
66 287
181 7
110 43
279 167
62 286
174 2
178 7
181 226
115 28
175 7
164 0
171 240
51 288
117 41
275 156
168 1
264 149
132 193
273 248
66 276
270 144
271 252
131 196
260 94
183 13
146 207
64 287
124 18
216 160
276 149
60 264
121 35
41 281
265 168
171 229
283 271
231 160
106 35
264 159
266 76
263 169
294 254
227 141
217 142
175 249
278 249
276 261
275 151
274 150
283 171
169 225
108 40
267 84
265 171
176 247
178 282
274 247
160 226
178 285
185 230
269 146
145 211
207 157
129 194
113 41
219 161
115 45
263 153
264 261
274 148
161 242
252 84
189 288
253 81
143 208
281 148
209 154
265 257
179 7
267 173
180 298
242 86
137 207
165 0
258 76
181 291
193 290
172 235
272 163
193 3
193 286
261 89
274 162
159 237
283 260
63 285
263 81
114 31
223 169
183 1
283 148
227 161
263 88
294 265
168 221
228 140
110 37
150 192
215 167
295 262
224 166
116 43
165 6
136 197
244 79
278 268
48 265
277 146
281 260
280 169
291 261
129 35
213 157
170 12
276 161
245 87
113 44
54 288
122 27
222 169
139 189
44 282
269 254
153 207
167 10
276 163
176 224
271 76
167 232
264 73
224 154
102 29
242 75
109 26
128 199
252 80
150 194
54 286
283 272
129 29
56 292
275 171
149 189
256 82
257 73
233 148
187 4
130 30
275 162
145 206
55 289
182 243
249 79
106 39
247 83
284 276
268 159
175 221
170 246
222 139
255 87
227 160
272 153
269 82
178 232
188 0
231 153
127 36
50 264
223 152
275 257
222 144
138 194
46 274
149 191
122 41
189 294
260 158
176 243
279 166
291 252
101 27
115 19
167 230
176 0
259 72
248 75
222 152
193 1
185 239
291 250
251 81
131 190
254 67
268 166
156 229
269 173
169 229
252 74
57 291
282 255
49 280
278 155
52 262
260 77
293 257
212 146
285 254
280 153
232 151
267 150
119 36
56 280
264 69
282 267
115 20
247 68
147 203
233 150
235 162
261 83
235 148
281 255
287 270
186 292
132 202
182 235
159 244
159 239
260 166
229 162
263 165
116 39
218 160
215 163
131 200
146 194
266 71
176 225
263 87
218 167
168 288
175 3
174 298
58 263
268 174
50 283
261 161
118 36
45 286
235 163
124 203
286 264
188 1
128 29
177 286
174 3
168 0
124 20
277 165
48 283
186 1
213 143
258 158
45 272
185 238
119 39
261 81
279 275
172 242
268 268
51 275
118 25
161 243
101 37
287 248
254 70
258 84
264 72
172 9
267 153
259 82
265 163
50 276
220 167
197 295
274 248
195 288
278 174
127 211
221 161
119 40
228 160
128 200
174 1
207 159
114 32
128 30
267 268
174 243
287 268
276 272
163 226
270 150
163 246
274 164
265 77
181 6
160 233
270 256
214 154
184 231
246 78
250 84
158 234
186 5
166 2
237 154
158 230
180 285
266 157
220 162
280 256
266 73
222 161
54 289
100 27
265 83
53 273
125 207
274 153
173 236
180 294
273 273
175 224
229 157
208 155
118 26
185 232
275 157
279 152
54 269
245 84
259 160
272 170
274 155
126 196
175 290
64 290
259 157
178 236
266 150
280 257
269 149
151 196
144 207
227 143
222 168
113 43
136 209
272 152
265 148
129 26
214 160
175 238
180 227
267 87
103 23
286 153
128 203
140 212
57 270
171 237
272 252
130 205
165 223
273 162
223 166
181 242
176 296
169 245
227 153
67 280
219 156
69 282
253 74
232 165
136 186
278 271
175 241
264 157
269 83
47 286
273 256
282 153
271 169
295 266
184 286
295 259
177 234
270 81
265 86
48 286
125 194
277 157
222 162
178 289
234 154
51 262
110 25
281 273
233 162
234 150
175 293
133 210
228 161
105 28
112 25
270 253
137 209
170 238
278 167
152 196
262 156
192 0
182 227
265 156
262 150
178 226
182 8
111 32
174 297
173 235
293 267
99 31
271 158
52 275
262 87
209 151
228 168
282 147
136 200
123 35
180 8
61 290
177 238
155 236
166 240
61 281
252 81
279 264
65 288
279 256
281 156
182 14
146 202
272 173
43 274
168 223
276 249
267 86
174 289
181 239
143 201
16
