25
5000
18
262 219
240 381
82 181
169 10
252 283
47 361
104 9
309 291
123 322
0 356
33 154
269 90
248 338
62 319
357 157
3 186
350 115
376 396
174 192
273 40
41 241
307 72
59 7
319 382
8 261
305 374
46 366
3 276
177 185
245 215
252 222
344 103
94 178
36 365
310 74
248 212
314 58
90 197
4 346
18 149
329 383
351 131
129 306
269 233
234 378
237 366
28 229
248 272
310 370
157 21
48 145
320 382
1 251
167 1
31 237
293 62
257 87
279 51
52 13
0 182
42 353
265 288
367 115
238 390
126 320
273 25
170 186
275 106
5 181
252 271
58 241
281 97
102 16
278 87
42 232
27 156
267 77
180 13
297 301
59 16
269 222
105 22
128 331
348 119
72 315
305 78
39 141
248 219
272 222
66 188
184 10
238 333
108 15
53 360
362 115
260 39
129 331
362 141
70 9
48 360
23 265
51 360
303 281
167 191
333 379
340 114
51 353
52 328
10 244
24 161
258 298
172 198
47 248
261 230
119 9
261 336
85 185
363 127
36 347
286 85
346 161
278 211
44 242
288 34
51 308
166 201
316 383
22 146
16 348
294 290
6 367
39 241
368 115
326 389
94 10
347 111
350 165
256 229
371 151
187 180
177 207
29 152
119 317
241 295
98 10
277 89
81 170
53 313
308 76
299 278
15 274
356 115
359 125
156 7
11 355
67 172
351 112
267 204
314 66
30 159
341 120
39 363
273 90
69 318
305 277
2 275
344 149
259 220
182 183
109 324
345 117
257 218
57 347
366 171
255 233
248 278
14 186
260 280
44 226
250 212
323 387
320 78
35 139
12 349
302 81
275 91
82 175
228 393
51 330
180 194
366 107
58 331
129 324
359 397
234 373
302 302
91 7
73 192
65 332
307 297
115 310
247 321
178 0
361 156
353 149
15 180
232 378
318 367
316 373
84 173
72 6
280 51
4 262
2 184
170 180
368 392
311 307
109 13
160 193
65 9
19 187
159 194
23 268
326 382
34 230
308 288
307 56
333 381
164 204
43 362
316 393
302 65
113 18
268 232
319 302
353 141
129 334
305 387
245 280
259 204
163 202
310 278
73 305
349 110
237 343
391 392
31 143
295 286
75 10
190 186
38 350
336 104
177 12
186 181
162 191
355 171
36 248
114 13
244 390
9 357
49 5
113 335
348 114
130 320
59 360
47 371
97 23
4 254
163 205
10 251
353 164
347 166
35 244
267 211
58 2
76 191
4 274
277 48
350 157
252 231
136 321
49 322
167 206
95 12
273 54
314 276
179 6
330 375
262 287
278 98
252 376
287 44
53 238
235 387
68 330
244 331
260 273
260 32
232 367
328 375
60 307
242 398
359 392
39 252
112 15
330 369
245 334
305 88
316 75
42 378
107 322
18 269
270 79
307 374
47 161
53 364
10 257
252 392
294 70
309 298
387 384
99 177
344 100
75 181
278 52
55 2
253 96
2 265
21 254
270 82
242 285
286 30
246 218
35 245
383 385
89 7
266 26
255 206
14 264
102 3
57 7
236 329
300 80
393 397
36 350
258 291
226 376
6 364
245 321
59 371
53 322
352 126
44 167
25 238
255 345
257 326
85 197
42 365
6 253
180 191
65 318
61 306
248 375
315 77
22 262
130 318
344 126
276 226
247 291
331 391
383 386
255 389
38 238
244 326
131 313
281 80
247 293
255 374
252 89
254 280
267 75
36 242
76 165
76 3
92 179
94 183
358 126
288 49
12 192
262 281
297 65
340 116
257 83
321 382
262 75
28 159
15 196
325 382
49 149
347 103
178 194
383 389
310 298
172 3
31 365
118 332
224 380
58 335
44 250
73 17
323 71
267 27
7 244
352 122
21 264
0 178
59 334
48 158
248 223
10 351
69 0
40 352
41 370
1 339
371 387
40 235
291 66
13 365
234 385
249 388
43 256
270 93
255 214
305 55
285 97
16 259
248 226
391 395
305 372
48 311
36 141
362 173
350 129
24 151
8 275
353 122
24 140
45 17
309 284
328 367
243 365
257 77
351 123
6 261
251 205
166 187
251 342
354 165
105 20
263 78
133 332
162 6
341 163
308 305
242 369
3 195
160 195
169 11
174 195
249 291
10 350
225 386
294 64
29 243
360 171
97 15
43 377
2 340
251 229
81 190
89 187
131 337
272 209
23 152
246 278
269 77
303 389
55 304
173 15
35 226
94 171
364 153
20 154
348 172
28 139
283 32
265 340
46 378
113 9
67 3
257 332
35 251
272 48
61 361
118 1
364 116
70 2
320 375
285 28
240 395
10 248
179 23
250 297
3 272
67 0
77 185
262 269
314 293
263 236
35 234
110 311
63 311
68 176
164 12
45 322
354 140
304 305
320 302
114 312
346 107
289 47
262 77
367 393
274 23
250 382
248 392
312 297
12 184
307 392
295 67
127 337
5 351
116 21
125 334
42 370
301 75
249 280
21 154
20 148
261 285
163 188
7 182
33 163
316 287
41 148
351 109
10 175
83 183
308 274
69 9
8 202
17 357
332 372
322 283
36 148
10 252
73 4
34 153
258 87
311 83
188 189
134 332
49 152
285 47
87 189
252 333
308 87
74 314
353 119
42 145
94 23
305 85
275 80
367 114
367 150
312 64
128 308
364 165
294 298
356 106
47 13
27 158
179 191
177 1
248 334
332 378
19 178
301 287
112 2
322 370
319 396
134 334
240 295
129 335
48 325
351 100
118 318
235 376
51 7
370 385
74 13
167 26
242 325
241 332
40 170
174 21
347 167
46 345
243 331
175 189
341 110
166 204
246 355
353 151
102 17
272 233
326 381
258 215
260 287
12 176
33 151
16 271
263 84
383 380
349 120
45 242
119 333
269 209
68 318
172 0
296 81
259 290
39 169
61 307
247 339
313 283
62 362
279 81
298 295
268 85
34 352
51 305
98 173
312 63
52 370
312 374
175 17
29 141
225 382
101 10
325 398
23 145
259 90
50 228
28 157
368 146
44 372
44 359
49 235
90 168
94 172
311 397
321 394
364 145
304 277
266 235
15 264
7 173
3 354
123 324
237 375
260 36
305 392
358 122
44 344
353 159
333 375
273 91
359 165
363 392
24 166
61 372
295 73
376 394
22 151
79 181
20 254
280 219
263 45
314 378
312 88
327 369
158 186
329 393
93 183
54 316
257 330
261 296
51 242
13 176
160 194
304 373
189 188
310 81
261 331
321 294
258 49
306 61
261 343
162 14
37 368
274 210
339 120
264 209
360 172
250 326
260 277
126 308
61 10
257 277
20 250
40 163
68 183
60 20
248 330
64 308
41 259
365 113
79 193
182 207
34 349
48 10
185 191
42 164
71 318
177 181
307 383
253 324
49 150
69 11
173 198
111 314
44 3
275 40
321 284
235 370
271 42
85 183
83 173
358 169
168 15
254 381
54 333
50 149
60 312
53 228
173 1
276 98
373 399
67 184
175 187
364 170
52 329
23 144
303 376
45 16
178 12
173 205
261 295
256 332
52 365
49 257
259 267
179 209
103 21
340 124
164 186
323 299
33 157
166 208
108 7
39 247
294 291
246 214
66 306
76 168
65 180
263 284
271 212
259 285
302 87
251 281
161 5
77 7
158 15
37 230
313 60
302 304
109 26
358 113
261 229
361 113
271 223
67 181
45 166
269 281
249 352
259 298
352 100
359 117
187 194
31 245
164 191
238 343
47 255
272 86
254 208
358 167
274 75
341 105
52 316
14 195
11 258
24 256
268 222
284 94
267 230
48 316
263 86
359 104
325 295
42 257
1 202
56 368
241 371
245 348
31 357
158 17
326 390
275 105
261 330
269 31
300 62
52 7
56 311
56 317
37 258
370 159
28 158
313 82
0 274
375 387
17 274
36 246
321 279
257 85
317 85
275 85
378 383
190 199
268 282
352 110
43 167
237 338
48 243
44 145
4 263
34 251
55 242
172 5
257 276
54 318
55 365
272 38
264 81
56 309
339 108
246 284
0 181
91 174
165 14
102 11
62 323
175 205
82 163
12 361
361 118
260 103
10 362
337 120
362 146
260 90
311 306
263 333
2 255
322 297
254 204
126 337
34 166
40 228
335 109
241 389
264 33
306 377
60 368
244 219
65 181
269 41
20 166
139 323
301 290
262 272
73 306
110 333
245 342
107 26
250 267
7 361
34 164
92 186
11 186
37 372
70 168
162 0
51 236
281 30
360 168
69 179
281 95
72 8
56 12
35 241
320 67
276 49
369 393
53 376
69 333
1 274
4 339
139 317
161 183
58 321
171 176
259 85
346 144
77 170
88 179
295 81
66 180
39 354
52 252
341 124
25 259
79 173
45 236
114 20
110 3
2 177
344 145
307 68
85 191
172 181
175 15
252 369
258 299
88 6
50 368
41 228
172 199
174 205
311 85
293 75
317 78
302 276
321 391
67 185
9 359
234 341
67 18
283 86
70 317
304 382
10 363
265 76
12 259
365 118
15 195
177 26
22 253
230 375
246 340
235 372
3 247
50 346
257 266
241 344
227 380
47 239
85 186
14 189
259 334
66 16
321 396
341 126
322 399
3 265
384 388
259 280
14 345
330 386
126 325
177 194
73 333
73 308
246 354
71 326
105 26
231 376
29 157
343 130
232 395
34 169
343 154
0 272
307 87
40 164
383 381
308 371
35 371
175 6
165 186
364 169
358 157
323 78
260 227
154 9
267 234
39 349
38 367
388 392
349 111
231 338
247 281
268 106
352 106
356 108
341 156
317 306
177 184
92 185
260 42
311 300
299 65
278 82
48 147
256 351
244 386
241 365
39 367
72 180
65 336
178 195
356 146
71 308
384 391
172 187
173 193
273 26
87 172
158 194
70 184
119 313
53 334
85 177
365 114
275 43
37 248
265 343
319 284
240 354
161 189
367 392
110 328
44 1
249 351
62 360
135 324
275 212
250 213
385 394
120 7
185 180
312 304
46 238
107 18
46 313
15 353
317 384
76 189
312 377
186 13
274 105
66 183
54 250
2 174
258 230
313 80
370 386
37 253
274 43
239 332
250 334
32 158
340 128
32 368
74 315
362 149
56 322
10 174
336 126
69 178
260 293
110 1
318 81
312 71
60 24
11 357
282 96
1 176
68 14
299 291
350 124
265 33
244 336
68 315
38 163
55 357
255 342
66 178
39 153
262 41
302 78
253 275
283 41
365 151
44 237
36 150
355 101
248 388
51 250
40 364
336 382
355 132
256 294
125 336
239 351
112 3
10 176
11 268
55 303
182 202
311 368
318 78
269 285
99 21
180 4
279 102
90 174
19 273
273 78
125 327
259 346
65 176
306 298
245 327
10 278
44 229
123 325
265 215
110 18
268 278
249 267
34 245
250 216
308 287
386 386
90 7
250 294
255 327
268 44
98 177
363 151
52 239
366 384
46 233
53 0
43 257
162 201
343 159
110 314
306 376
299 84
355 100
131 311
73 325
352 170
26 237
254 341
251 367
3 359
70 188
304 308
266 82
271 207
115 13
239 338
283 52
242 385
291 68
39 164
49 370
58 13
49 318
254 378
255 215
157 20
47 153
266 33
35 247
261 98
170 200
257 269
300 276
275 224
52 255
125 315
110 323
182 176
327 368
260 216
261 91
254 291
339 123
363 108
265 27
119 311
260 220
170 184
371 149
262 214
171 5
266 49
328 384
254 387
30 235
95 178
169 23
240 341
86 181
173 22
306 299
171 7
162 194
3 170
130 312
269 278
251 284
85 187
178 10
100 8
167 18
158 9
307 81
373 159
60 330
387 389
158 21
256 345
161 184
41 374
222 381
163 21
262 215
180 188
266 105
357 152
115 333
48 227
6 271
280 100
261 287
265 102
13 262
29 252
256 89
49 315
169 195
112 314
158 7
93 8
357 141
53 246
237 340
1 197
87 173
378 386
328 373
246 290
357 155
311 278
59 314
15 261
31 145
80 186
236 328
266 288
35 356
358 159
53 318
172 2
162 25
115 332
35 351
308 296
21 157
350 106
241 384
340 129
314 366
354 123
233 383
314 83
303 377
98 17
372 381
17 256
107 11
284 44
274 106
321 388
254 232
361 127
36 227
63 6
128 316
10 247
113 334
365 148
16 350
41 351
116 306
12 185
35 229
129 333
236 289
167 9
274 28
263 31
117 336
133 318
372 158
51 227
257 270
365 149
250 270
365 162
255 221
129 319
259 235
93 190
1 174
41 367
72 186
264 25
113 326
13 252
90 178
317 300
267 285
372 151
51 247
318 383
3 277
345 121
318 378
333 385
232 340
293 291
362 174
39 248
320 70
11 346
164 23
56 315
237 289
262 80
265 230
272 26
321 69
348 104
238 396
307 382
301 300
17 257
233 329
243 352
22 152
342 115
224 389
10 265
5 176
260 275
164 195
307 384
117 15
59 357
256 214
115 318
7 350
277 26
35 364
307 64
365 387
9 174
75 170
30 358
135 319
317 369
316 57
358 128
324 74
177 24
262 231
268 227
273 100
256 209
119 323
158 19
8 368
64 17
320 388
251 344
44 378
49 329
276 81
1 258
254 375
311 302
288 36
53 237
262 333
75 182
373 381
254 379
0 246
34 247
276 40
92 6
344 162
254 92
10 258
265 222
77 182
47 355
254 209
313 373
101 17
349 107
12 348
0 257
347 118
29 151
261 205
259 211
360 144
87 174
108 320
70 177
60 305
361 158
376 390
249 283
322 380
14 250
276 54
13 274
296 281
335 384
37 359
321 292
40 249
246 369
7 177
234 347
99 4
57 333
50 152
311 382
47 154
243 329
90 193
285 96
296 287
48 323
321 67
235 285
308 299
93 192
270 29
181 198
299 277
332 389
323 394
255 372
47 235
302 294
307 284
312 282
289 42
327 375
315 292
189 192
58 20
61 335
180 7
71 12
285 34
337 117
345 110
15 184
121 6
35 350
354 150
27 238
264 332
231 380
261 89
281 102
243 275
3 342
69 315
383 398
305 86
331 387
65 331
297 84
264 52
258 86
185 181
184 190
372 384
35 156
45 317
365 392
24 143
46 317
334 118
75 319
70 12
18 177
229 393
313 299
72 17
267 283
288 48
158 189
63 328
11 345
360 163
58 347
68 303
0 359
306 385
356 151
248 370
268 104
315 299
299 78
7 195
260 296
4 367
50 319
342 113
63 1
45 374
264 223
58 311
262 42
266 233
292 79
20 147
320 383
176 8
298 76
304 84
91 13
127 331
256 277
241 348
5 350
60 356
371 398
259 36
346 127
179 206
40 158
321 303
12 368
41 347
98 179
320 286
121 319
367 155
354 162
33 234
48 15
158 193
54 331
58 327
345 161
28 148
295 282
32 154
3 191
260 100
265 236
11 277
6 197
244 287
28 237
86 169
353 128
1 359
48 329
37 362
238 375
302 86
368 381
302 75
47 15
263 287
10 365
336 385
255 384
92 19
349 118
123 336
22 272
32 365
345 109
357 145
299 74
12 266
227 383
364 155
67 335
254 390
323 294
341 165
136 327
348 144
152 15
122 319
265 216
87 180
166 180
96 20
265 295
35 164
245 366
256 215
336 124
271 34
43 144
14 248
47 238
76 188
248 287
343 103
297 85
241 328
271 81
27 251
312 284
83 193
105 13
274 99
54 315
3 278
68 12
7 255
35 373
303 68
335 377
265 53
20 248
317 280
106 319
225 377
313 371
3 348
251 223
45 318
272 88
264 83
29 236
190 193
256 83
0 256
77 194
270 87
246 274
267 46
17 254
35 246
377 387
16 245
255 222
102 25
374 381
308 279
79 187
75 8
32 356
42 238
351 111
349 117
342 166
249 376
5 272
107 5
26 235
337 126
64 332
302 291
41 373
312 81
50 17
313 295
256 95
51 255
48 344
37 374
244 377
304 86
273 216
53 10
345 124
277 216
262 53
73 329
87 181
58 352
310 373
23 254
30 237
238 369
253 207
267 107
68 308
257 379
39 376
254 86
0 339
75 321
173 20
383 396
35 358
133 331
271 98
249 277
19 148
301 66
79 191
278 23
347 149
385 398
252 332
5 202
44 225
284 95
255 338
53 247
49 357
22 167
6 358
356 159
180 198
45 148
332 394
107 319
51 378
99 19
315 69
323 68
342 152
41 231
357 123
283 43
308 307
80 183
364 390
167 181
160 202
261 289
61 308
69 187
131 308
178 193
177 186
277 90
73 1
28 251
74 326
94 169
252 268
262 284
62 321
286 87
40 356
248 296
2 169
74 194
21 142
323 75
56 375
6 185
271 225
3 252
355 143
393 399
93 188
28 169
327 377
78 175
42 166
41 240
352 118
277 221
259 343
273 58
242 383
353 126
361 398
310 276
94 173
58 324
363 164
0 362
240 382
275 216
107 7
57 328
29 233
184 193
348 98
6 193
0 264
12 174
300 83
355 106
256 276
24 147
249 371
28 241
58 310
7 171
263 285
302 290
257 329
39 246
58 305
50 324
369 157
160 20
139 327
23 257
75 5
169 13
334 121
268 285
49 353
375 383
314 62
364 111
55 22
251 218
246 391
253 351
62 306
310 379
344 147
275 220
246 368
162 179
252 389
40 230
179 176
115 22
268 290
162 20
43 140
321 75
92 181
273 231
261 28
356 149
50 159
270 105
42 349
246 367
236 348
109 311
70 303
365 384
237 352
42 256
179 8
163 183
41 354
119 14
322 282
92 16
91 186
29 230
335 387
191 197
2 253
175 208
179 12
228 370
308 57
76 167
312 393
79 178
43 141
269 35
354 110
258 329
57 235
25 234
65 2
8 269
189 186
38 256
232 376
30 170
297 285
43 252
282 29
133 328
62 366
101 5
43 3
91 6
48 237
313 392
261 46
326 292
307 77
180 207
325 387
252 226
89 193
268 50
258 80
354 120
255 207
124 337
234 391
51 239
292 72
283 42
284 97
324 378
4 258
49 7
60 351
258 213
345 148
62 315
169 8
167 10
55 11
252 205
33 233
63 362
53 305
90 173
320 380
274 208
40 150
164 198
268 280
123 315
241 350
250 341
134 308
57 353
1 358
64 317
314 388
59 366
241 378
43 239
307 290
34 359
7 188
262 204
18 153
34 143
328 396
167 204
274 25
273 92
245 287
171 199
268 276
324 374
263 343
115 327
284 89
326 394
71 309
77 327
48 348
318 300
35 140
60 311
40 377
279 48
254 220
353 110
349 123
299 71
173 183
227 375
87 4
48 356
255 277
27 159
236 326
113 12
36 368
329 395
308 372
250 274
73 181
70 179
264 97
85 192
315 66
88 165
354 115
104 7
43 365
49 310
346 124
4 246
2 197
253 293
44 140
15 351
162 204
381 388
239 272
269 212
4 369
292 71
237 344
363 161
351 172
370 397
321 386
57 24
170 206
19 255
260 48
43 353
265 75
255 377
18 158
66 311
310 69
246 397
21 271
226 373
53 355
113 322
23 142
71 192
174 178
109 19
70 18
381 386
0 262
167 19
262 335
9 260
261 209
247 287
349 101
335 388
7 185
274 95
255 324
71 191
260 76
33 252
48 357
96 172
66 186
362 170
34 368
346 154
52 227
247 277
270 43
311 59
248 386
318 302
38 165
372 393
373 149
381 382
46 151
81 177
67 311
378 391
259 44
27 167
390 385
280 50
118 15
317 58
370 145
90 187
56 312
155 8
175 194
371 155
113 10
363 384
46 154
170 27
173 177
55 16
324 376
126 338
165 202
117 10
232 338
258 84
173 182
97 183
178 199
60 304
163 180
391 391
381 383
329 376
231 370
50 6
370 164
240 350
260 96
381 392
88 189
341 153
107 4
115 338
243 380
353 131
264 274
261 106
15 258
255 219
382 398
347 158
266 216
5 169
325 283
234 394
117 325
188 200
384 383
250 321
15 190
187 183
185 18
275 48
83 174
308 67
25 233
247 391
293 80
186 198
87 179
317 376
275 211
19 158
243 395
119 17
317 366
78 171
259 209
320 303
304 73
266 291
43 153
53 321
244 366
43 2
248 385
324 368
120 2
371 158
48 18
50 363
249 279
313 87
250 271
50 322
10 370
251 228
187 10
232 330
64 20
61 3
91 166
253 87
223 380
5 345
19 249
158 0
352 171
56 23
27 232
133 336
108 322
130 337
311 367
96 8
52 229
103 23
301 297
26 166
250 288
251 378
41 243
128 310
63 305
9 355
367 171
18 270
45 323
93 17
123 317
172 205
367 110
45 228
32 353
369 394
251 232
31 137
80 175
305 80
168 25
249 299
69 303
27 170
249 270
253 373
278 218
44 153
325 289
263 28
341 129
9 344
337 111
366 120
279 46
256 222
47 12
87 178
53 236
308 276
57 241
163 19
350 125
261 49
33 369
223 383
246 380
93 189
277 29
265 99
253 327
3 203
244 273
257 323
341 130
253 345
249 333
14 361
351 164
331 380
313 382
56 324
313 394
246 293
111 0
125 314
94 0
34 235
54 245
313 281
50 157
257 381
309 389
334 374
263 101
243 297
232 374
67 302
292 74
99 176
309 374
87 169
297 61
290 77
354 104
9 270
242 392
264 86
365 119
48 14
31 141
248 225
40 146
245 223
113 14
360 154
8 273
277 33
258 218
47 232
366 389
264 217
243 381
22 256
57 314
60 350
365 106
355 164
259 39
170 190
3 270
318 301
243 397
259 341
352 143
172 196
123 329
269 280
256 92
251 288
373 164
240 364
27 231
348 129
10 264
57 313
18 256
121 321
37 256
250 215
359 146
249 223
275 81
74 310
245 323
314 61
261 298
32 227
50 310
247 288
91 190
134 331
236 386
112 330
374 160
254 98
8 203
66 2
249 281
132 336
286 41
174 188
159 20
238 398
45 252
354 143
252 284
341 125
76 184
58 363
70 6
251 211
67 305
357 127
251 380
10 173
68 335
258 268
253 372
277 91
54 306
95 190
53 233
34 160
239 343
262 337
97 172
80 194
243 340
84 180
328 397
157 6
171 9
183 188
374 383
245 222
354 101
68 187
7 341
349 154
4 249
316 306
91 17
245 353
5 269
389 397
111 3
22 161
45 375
353 99
90 191
32 248
245 274
310 383
51 328
250 266
28 170
257 235
41 141
119 322
317 293
8 251
18 259
319 303
246 222
284 92
305 293
276 84
11 344
311 78
38 159
312 308
262 207
52 16
110 17
38 250
76 324
378 388
3 251
261 78
245 340
326 395
62 368
162 198
187 203
317 67
2 259
270 215
345 122
17 271
43 258
322 286
164 0
315 56
96 9
59 18
177 192
380 387
281 49
1 275
46 165
159 5
34 140
79 188
118 306
377 399
154 12
169 191
50 306
40 345
0 352
1 181
165 180
276 46
243 354
236 392
301 69
114 335
35 144
389 389
259 102
183 21
27 169
84 170
260 88
160 10
287 36
42 242
18 261
168 7
64 365
127 339
10 347
134 326
296 85
264 230
305 303
348 146
109 25
70 335
124 339
99 180
84 169
41 162
23 269
96 176
140 319
23 157
110 14
317 285
59 361
42 350
56 318
23 259
106 318
72 171
261 332
32 355
307 74
93 181
358 161
323 79
272 229
91 14
90 3
237 372
238 389
306 70
308 74
309 86
237 345
17 272
346 99
250 367
71 189
312 293
250 344
343 148
245 219
16 263
357 126
166 206
370 393
176 7
33 368
42 347
245 365
68 307
18 182
322 375
50 364
11 255
307 286
123 332
163 20
352 141
354 107
247 388
349 132
83 170
374 390
286 49
236 364
133 313
52 332
260 276
3 194
325 386
356 163
367 145
278 220
138 321
281 98
94 13
7 197
359 109
315 285
294 296
19 154
375 394
305 300
263 44
267 98
324 369
258 280
272 98
124 338
347 122
80 169
34 144
261 79
351 156
36 169
366 157
63 335
267 228
320 60
64 24
239 352
243 335
237 280
315 394
74 15
269 219
50 244
260 81
235 388
181 179
248 214
386 397
30 137
307 300
377 391
358 173
73 18
270 234
63 366
304 88
275 221
44 354
117 321
50 1
265 334
259 336
54 374
252 276
47 229
372 149
5 251
100 11
176 202
247 354
50 156
325 380
282 101
115 16
128 323
45 344
4 253
257 216
265 203
171 13
6 260
325 377
243 324
240 294
95 1
232 339
321 398
77 312
313 398
362 120
342 107
54 363
272 101
339 129
369 169
341 151
370 161
336 109
252 368
45 319
25 168
55 352
155 15
180 196
24 139
166 4
229 386
49 2
24 266
356 114
261 206
2 185
68 316
304 387
375 395
232 389
263 87
258 282
303 287
74 331
297 282
58 10
157 1
137 316
329 386
321 378
132 319
178 190
15 185
12 253
320 386
59 318
129 322
228 386
25 264
313 367
244 342
252 345
8 200
127 338
173 16
357 113
238 348
74 3
46 370
111 318
14 363
58 375
54 231
56 373
254 231
354 147
273 219
245 371
347 101
286 32
44 14
291 40
364 163
110 322
11 269
336 112
57 310
271 41
235 341
4 190
176 2
256 223
108 4
348 154
277 51
76 8
303 386
243 296
269 218
247 267
50 239
313 370
162 12
249 274
276 53
382 393
118 315
246 348
362 127
36 225
44 355
172 182
58 362
181 200
305 87
0 255
309 62
168 202
303 302
166 177
77 322
349 129
1 345
271 76
17 246
156 192
255 99
40 160
67 190
32 251
60 318
172 24
16 359
371 393
12 190
42 237
64 312
267 232
259 46
361 101
310 397
21 158
314 303
248 333
360 102
343 165
11 189
246 375
88 3
119 315
257 37
39 151
303 387
48 236
63 16
356 109
183 203
247 297
163 185
114 315
48 367
33 226
74 9
105 17
108 16
104 10
62 11
5 372
270 203
45 224
351 144
31 249
13 177
37 251
10 190
298 284
82 165
358 158
313 390
75 325
325 299
113 15
334 376
73 3
317 84
317 394
250 370
61 363
342 150
268 105
314 285
44 349
356 147
42 225
331 384
265 98
178 185
69 185
182 208
319 290
92 173
113 325
70 21
320 305
49 350
51 370
280 41
57 233
32 138
168 24
313 84
40 250
41 157
261 97
8 186
75 329
12 197
278 213
82 166
310 71
7 278
160 201
248 267
32 232
355 149
57 12
251 339
112 318
74 189
371 163
98 188
184 19
61 357
58 306
269 279
384 382
277 23
133 335
223 384
363 162
264 85
244 275
9 190
11 247
58 7
166 195
40 152
260 348
49 147
51 358
167 21
86 177
278 78
63 12
69 334
161 203
67 327
268 34
252 375
315 286
11 246
51 346
165 189
269 213
272 76
281 89
240 380
286 28
4 371
70 180
305 386
26 236
51 0
108 14
47 14
85 168
256 204
273 46
297 76
122 321
310 308
315 377
6 252
45 355
256 79
306 64
308 289
135 332
48 242
4 277
0 355
361 148
131 333
73 310
52 356
99 9
267 290
179 197
31 142
12 195
368 390
14 252
31 157
14 192
114 326
26 151
269 37
8 178
32 366
268 224
314 288
246 366
354 149
253 282
130 323
258 267
237 277
273 45
260 349
67 13
170 208
301 292
260 219
258 93
57 323
13 350
277 35
320 283
101 6
320 285
369 167
364 159
262 31
247 389
60 306
49 349
252 383
66 305
231 336
163 203
240 274
309 74
233 389
267 45
246 345
278 33
267 99
264 73
19 192
168 178
71 185
138 322
242 395
168 12
282 100
129 312
126 331
65 325
316 388
90 177
95 9
298 296
47 3
252 339
257 90
240 372
320 284
107 10
29 253
85 189
61 334
244 332
308 388
352 147
115 307
334 119
10 253
256 233
14 185
46 347
49 363
179 208
168 17
70 13
393 395
29 231
266 94
103 22
169 175
309 58
251 267
73 317
368 387
267 97
10 364
321 370
7 251
25 170
130 325
330 393
275 98
362 395
113 8
60 313
341 107
20 269
242 388
43 350
64 329
257 293
318 63
14 199
364 151
316 83
46 7
9 199
11 198
26 162
248 284
309 82
315 275
126 309
265 101
313 374
57 302
258 85
320 64
265 31
350 120
241 393
4 343
271 224
120 307
89 179
17 193
128 332
310 79
173 206
72 176
82 177
278 95
55 345
305 274
172 185
364 167
309 293
70 172
354 129
240 340
34 167
79 321
255 329
156 4
84 197
182 205
44 160
61 312
128 339
362 114
82 186
158 14
310 80
369 166
168 9
39 251
270 44
266 224
261 217
320 379
280 38
53 365
39 168
111 10
247 223
158 3
265 204
51 20
351 105
168 21
191 193
11 252
361 163
52 363
56 363
138 326
343 123
234 345
251 338
246 333
241 342
245 384
25 155
14 172
259 232
33 225
49 17
85 178
356 105
294 297
326 383
240 353
158 23
39 166
335 118
55 0
245 367
264 286
272 52
298 75
297 284
370 154
187 191
5 244
27 150
338 109
168 195
324 77
11 367
363 112
244 286
304 284
268 24
49 153
271 54
323 281
248 299
174 193
230 367
54 23
238 276
137 312
138 331
300 277
54 239
29 158
4 344
278 93
7 366
63 317
181 193
237 339
243 367
3 371
243 332
92 194
51 350
4 360
36 158
282 40
79 166
55 319
127 312
4 366
116 309
159 24
179 22
319 304
107 12
10 260
13 351
231 371
294 284
84 193
60 335
162 200
63 3
243 364
349 106
168 188
239 347
188 184
126 316
293 71
49 256
366 117
9 278
307 281
234 335
33 162
38 245
250 218
115 322
47 242
3 169
108 20
52 325
243 353
171 205
101 4
308 275
350 167
382 397
263 26
38 161
338 118
244 338
262 105
385 383
124 312
183 16
328 394
8 356
313 62
346 126
352 152
49 6
257 345
125 319
20 252
30 243
137 326
244 327
269 92
320 294
365 172
363 395
244 393
168 180
135 325
32 239
17 160
114 327
280 84
230 380
287 38
182 198
50 20
343 124
62 327
36 356
166 17
89 18
261 90
28 149
50 308
155 3
37 227
239 329
159 16
255 322
55 346
311 390
311 87
318 71
46 242
243 369
73 321
267 224
55 247
275 31
176 209
41 226
10 369
261 219
302 285
18 253
253 206
259 45
253 98
257 208
259 76
99 25
51 231
343 125
261 349
45 1
349 155
13 199
104 0
164 18
8 262
249 271
74 178
316 276
37 349
254 224
89 170
179 196
280 90
114 0
298 301
3 193
82 176
48 314
49 345
315 68
0 172
268 35
319 377
298 283
284 93
112 312
354 167
308 277
265 207
336 118
352 146
268 214
9 347
58 358
15 349
122 328
268 213
41 238
255 289
347 124
272 223
30 357
167 185
248 266
316 66
1 343
378 393
132 315
234 382
4 189
117 309
264 346
97 189
56 303
120 325
40 245
330 372
66 315
47 328
167 7
254 323
300 76
81 174
6 264
48 365
270 35
81 179
300 300
306 300
276 76
33 253
343 115
41 233
64 302
68 313
302 55
110 24
56 364
24 239
305 65
64 11
246 294
166 7
226 387
247 211
173 27
366 162
253 328
80 165
300 296
316 386
237 390
262 277
280 96
9 254
43 11
40 366
120 15
324 288
36 352
50 248
243 372
67 317
247 350
269 104
38 253
318 284
264 35
103 4
23 161
375 393
241 278
50 362
307 298
17 154
137 331
178 4
53 330
167 177
272 42
239 376
33 361
153 13
269 231
298 290
348 143
55 246
52 2
305 380
302 62
120 5
243 276
7 359
274 94
230 371
249 286
38 147
30 233
242 282
244 280
100 24
245 283
87 175
315 373
174 24
35 149
117 328
253 330
256 347
317 390
315 57
185 203
104 3
302 89
0 197
31 244
57 330
18 151
53 232
123 327
60 329
244 350
260 221
364 126
391 390
34 232
276 222
12 369
304 388
62 13
246 383
3 368
277 37
50 19
315 380
50 376
36 254
273 52
316 284
263 232
119 1
67 318
12 268
253 321
346 104
373 155
299 77
58 373
43 232
123 321
239 394
238 367
54 10
76 170
244 365
350 102
52 378
80 187
341 160
97 18
320 83
329 377
354 153
7 370
262 81
248 295
180 21
262 273
17 180
270 104
64 10
245 290
265 229
79 184
343 161
167 208
117 3
388 394
260 52
166 22
283 36
252 292
121 331
49 328
115 21
41 364
260 82
53 310
284 34
55 23
361 168
130 321
59 319
4 188
260 281
351 128
55 237
367 153
68 325
44 238
127 320
264 221
276 213
303 70
76 186
114 11
171 180
54 365
140 320
85 180
302 381
259 83
157 191
175 8
60 357
260 50
267 105
8 255
322 301
305 377
38 232
48 256
224 376
27 242
382 382
121 327
135 323
153 4
318 66
335 110
346 132
264 333
109 10
293 293
345 125
300 79
39 163
189 198
261 272
0 170
62 304
32 362
339 112
304 385
342 162
108 5
56 354
4 192
266 28
303 62
248 297
47 354
315 282
268 225
253 384
159 193
45 151
262 297
122 333
178 191
299 304
239 327
256 39
57 238
5 357
118 10
25 236
177 182
234 384
377 393
307 393
261 350
259 224
249 231
48 228
99 18
276 88
305 381
320 301
32 352
64 306
50 329
369 162
254 87
261 235
181 185
231 394
35 150
26 147
304 379
296 80
250 209
168 8
100 4
6 356
43 155
246 365
39 374
136 313
121 313
263 279
255 325
177 188
298 74
268 75
305 58
324 72
325 381
229 379
41 144
240 394
118 327
313 384
1 195
170 192
279 80
84 165
266 46
268 217
358 149
269 75
178 9
53 356
113 24
46 10
224 385
25 262
36 162
68 5
45 163
319 294
255 291
250 279
38 237
266 214
125 309
292 77
16 277
41 256
171 197
171 175
8 264
357 118
336 116
308 381
356 107
19 256
174 201
26 261
176 175
120 3
378 382
77 177
370 395
55 359
280 52
323 64
228 372
343 110
365 143
347 105
60 332
310 380
312 368
29 254
347 117
130 314
273 224
263 269
93 18
108 329
53 347
372 398
256 295
85 181
262 212
273 35
318 395
127 315
257 41
374 152
359 144
182 22
246 377
302 284
41 246
254 88
230 388
245 331
359 122
314 299
183 200
73 322
9 189
158 20
12 354
250 290
34 241
18 192
305 79
69 314
0 185
259 222
321 375
288 38
246 381
252 296
178 192
72 305
74 313
256 281
309 73
248 353
244 369
164 182
258 221
260 272
108 25
37 156
320 82
321 369
255 227
256 228
386 389
136 332
26 239
78 167
182 5
306 374
256 268
317 392
43 356
359 154
268 218
169 183
58 313
47 252
181 7
22 144
254 270
241 346
315 67
7 346
94 17
274 85
266 99
318 76
257 384
303 77
45 351
115 314
63 357
7 246
232 373
286 40
6 262
258 278
374 153
159 14
248 326
8 359
119 329
265 291
304 70
357 105
248 323
173 197
83 172
21 273
172 184
330 377
54 312
57 3
49 360
45 14
72 170
72 14
278 49
37 147
254 85
104 4
46 248
269 232
31 140
269 56
291 72
112 5
334 108
352 163
274 207
71 11
268 28
311 396
172 208
188 187
179 205
70 192
2 249
19 159
347 129
265 40
110 2
20 156
224 384
57 5
12 256
357 143
24 268
315 369
259 48
233 367
160 192
165 10
314 371
46 158
91 176
300 67
114 15
230 383
13 257
273 80
249 368
247 341
30 165
368 165
11 361
56 19
238 364
3 346
243 385
109 1
251 286
18 179
101 14
302 85
301 74
246 331
270 41
26 142
48 146
241 349
15 249
29 247
259 296
275 210
333 384
70 315
235 395
260 105
11 250
93 21
256 342
325 385
315 385
39 364
42 165
119 15
76 315
51 253
296 58
333 374
1 249
313 75
39 156
56 367
253 334
14 197
263 217
295 293
173 195
184 205
272 104
57 357
17 269
106 24
63 318
46 350
297 69
300 279
246 326
38 168
13 356
251 272
252 92
270 51
286 42
297 72
247 330
371 394
18 254
311 295
305 283
244 292
369 145
243 379
164 194
27 143
74 330
130 313
38 236
176 13
257 284
253 276
112 336
229 367
115 329
175 4
312 89
71 190
86 167
57 320
15 198
358 104
75 13
20 149
167 0
273 101
366 115
72 183
293 286
171 204
40 367
72 175
4 255
252 279
319 84
247 290
67 188
61 327
348 123
263 218
362 140
335 115
262 35
267 236
186 179
126 321
162 192
125 311
304 391
314 375
110 10
322 63
175 185
75 314
362 154
226 382
80 182
298 293
76 197
73 323
55 363
239 379
51 321
265 276
43 374
313 391
170 12
362 159
252 334
176 15
304 79
19 265
265 226
271 206
183 202
271 97
165 184
84 184
46 321
260 217
59 303
253 90
267 87
78 189
261 234
54 305
108 319
244 267
41 161
91 177
229 395
46 377
60 358
238 370
275 34
274 87
271 92
367 395
303 301
277 101
288 44
44 254
390 386
113 3
259 327
275 75
171 19
311 372
67 1
170 10
309 386
332 374
306 297
266 204
353 166
250 339
73 7
254 283
380 399
182 192
14 349
56 15
118 322
47 225
73 169
121 333
279 97
4 365
285 98
6 347
3 344
310 305
240 332
64 19
19 264
255 91
241 336
179 17
86 164
306 57
363 119
258 43
53 241
336 125
49 317
274 81
37 373
309 83
43 156
121 312
259 43
356 101
327 367
307 386
130 335
333 117
81 198
308 379
71 329
61 364
247 269
39 147
253 323
56 325
324 289
240 333
367 151
116 326
316 305
376 389
2 178
335 385
174 20
60 361
384 390
114 3
231 341
259 229
30 164
185 198
258 39
88 181
255 281
57 354
46 156
344 111
255 224
321 71
124 320
127 332
262 104
153 16
41 142
360 141
16 193
276 47
307 295
125 317
393 393
285 48
253 215
326 291
261 224
262 237
372 152
108 12
31 152
246 376
42 224
357 149
118 331
364 388
97 177
96 10
120 308
10 171
352 142
41 230
170 183
36 370
298 292
49 241
273 55
187 186
11 256
342 155
38 142
366 161
338 112
243 388
181 1
29 150
67 9
67 330
65 178
4 251
286 90
312 61
165 12
48 326
78 317
309 395
277 97
269 96
51 322
102 6
345 159
319 368
163 189
247 331
285 95
244 299
159 15
382 380
29 160
186 202
116 9
278 37
82 173
174 3
186 15
262 74
248 291
153 15
129 332
240 270
5 260
321 61
126 314
366 165
183 9
89 192
111 315
185 13
5 183
351 161
59 3
168 5
246 220
181 18
37 137
358 106
37 152
59 321
77 171
305 67
297 297
99 181
15 356
318 64
48 318
41 237
171 190
19 271
96 185
70 331
97 5
44 144
45 348
53 16
172 183
268 37
3 350
169 203
270 92
166 11
308 56
136 331
11 192
348 116
101 12
86 193
160 0
181 2
32 364
178 20
15 254
74 316
12 269
249 226
67 21
4 264
250 375
5 363
33 247
52 333
293 292
186 189
178 182
243 272
273 42
23 255
22 143
238 366
50 13
86 190
88 186
281 55
154 1
256 101
96 13
55 321
325 395
81 180
161 186
364 158
87 186
16 265
20 262
121 329
104 8
129 317
237 365
40 238
11 343
388 390
317 367
16 257
72 10
257 350
318 86
176 11
254 297
11 265
15 364
283 51
366 142
236 385
136 319
5 196
135 335
253 329
38 358
309 387
251 347
376 393
5 255
156 17
75 309
310 299
11 190
129 323
248 332
250 323
249 289
154 17
137 319
350 108
358 102
114 334
139 320
5 358
108 11
344 127
259 100
110 4
297 298
38 360
2 182
101 15
129 330
95 24
263 334
50 245
77 317
321 79
7 263
346 125
246 268
390 393
336 106
323 292
232 337
376 381
318 83
28 235
18 157
72 309
349 165
174 196
346 101
183 0
115 20
247 283
30 231
365 167
282 86
262 226
248 397
260 327
224 387
360 393
283 38
23 165
118 5
121 11
243 278
283 91
53 251
165 13
316 295
253 296
29 149
52 20
283 81
306 56
267 209
9 194
97 10
9 201
340 156
261 227
385 396
50 316
75 188
21 141
279 49
169 21
25 159
38 364
257 230
238 349
241 325
375 399
15 275
242 281
20 272
20 267
322 280
252 393
367 399
103 14
44 150
80 188
361 106
185 6
290 72
334 117
24 243
322 382
14 187
3 260
49 352
254 332
287 42
261 231
47 236
106 25
268 41
319 81
240 326
259 38
127 316
321 77
43 147
56 332
256 340
174 185
72 2
119 336
252 385
56 306
175 3
28 249
38 365
249 276
139 324
256 349
68 192
31 250
231 396
41 234
266 89
127 336
91 192
98 15
48 149
56 353
65 320
9 249
179 195
310 389
307 65
37 226
281 81
90 19
37 357
244 367
183 189
58 11
28 242
235 367
70 1
303 290
82 169
60 365
3 172
92 187
271 57
111 320
321 64
316 78
159 17
6 176
373 390
46 241
108 13
5 366
349 149
55 368
4 256
349 124
1 170
267 28
312 80
358 108
267 81
370 381
263 83
371 380
268 291
267 218
62 317
72 15
268 97
60 22
60 319
56 313
367 120
65 13
43 368
11 261
24 241
260 210
263 53
276 105
282 32
82 168
31 231
93 20
350 156
282 79
259 297
81 175
250 206
45 369
240 287
251 346
121 308
319 279
14 355
70 15
244 330
272 219
179 194
80 168
229 383
53 325
33 351
58 329
0 179
128 320
17 359
358 129
14 268
313 279
311 277
25 160
120 329
276 87
24 155
354 117
326 287
251 279
20 258
299 67
272 212
277 39
325 389
256 334
114 325
156 13
243 392
329 394
4 170
52 17
52 22
253 376
259 217
185 202
24 154
173 201
275 207
280 44
238 328
69 329
116 315
254 353
321 385
39 373
297 290
47 353
5 368
321 289
247 213
117 6
174 200
7 203
349 99
330 370
312 70
90 182
62 320
304 274
345 144
342 160
271 102
43 149
90 169
69 20
278 40
179 14
314 301
254 282
110 25
162 9
4 257
272 230
103 2
163 24
361 155
105 6
292 81
7 372
279 85
116 17
74 8
254 216
121 336
252 281
383 390
69 328
256 288
255 382
2 195
245 351
237 395
252 269
30 365
273 73
311 84
5 180
94 180
71 306
364 149
382 399
366 146
188 182
163 14
264 279
260 206
26 167
35 238
180 190
6 171
278 76
46 254
0 191
282 91
316 76
66 321
306 281
348 169
30 138
51 306
231 381
64 324
111 23
358 152
96 174
50 255
253 299
321 376
85 170
308 378
26 165
316 397
57 316
239 288
51 375
302 88
264 47
44 7
165 207
244 294
325 367
71 316
247 346
300 303
19 269
45 320
57 351
280 102
317 388
314 71
305 281
78 190
176 26
362 104
30 255
256 335
70 8
52 244
76 180
54 360
237 290
326 385
165 18
249 393
302 79
270 49
274 53
373 380
334 383
159 18
265 294
16 153
186 5
102 2
314 73
352 161
234 375
242 374
70 189
244 283
17 181
327 393
267 43
258 202
253 331
250 351
38 242
3 200
238 284
79 192
49 253
267 106
302 383
115 320
379 388
179 186
365 157
5 367
240 324
113 328
241 288
243 344
77 169
176 182
72 190
49 238
7 342
119 339
364 146
298 78
357 106
261 99
265 219
171 177
363 120
343 152
119 327
87 164
311 288
110 7
128 321
312 380
283 49
246 353
349 109
63 314
31 236
365 164
48 320
71 9
1 265
182 6
235 375
316 282
18 273
278 77
52 232
243 325
350 104
269 207
261 288
46 355
0 258
330 371
38 374
317 382
264 338
321 68
263 209
315 280
241 380
235 377
343 126
369 396
105 4
264 334
312 303
342 154
314 399
376 386
299 73
312 290
47 321
2 350
277 212
358 101
45 365
180 18
72 188
270 50
89 180
239 396
279 50
43 253
307 71
360 118
249 207
321 285
88 17
255 88
297 62
275 28
254 229
15 176
63 23
259 291
325 391
316 380
9 342
276 208
255 82
320 295
45 167
295 74
8 347
251 226
26 248
351 149
254 292
17 151
13 173
354 109
263 337
17 253
237 291
247 220
36 355
169 194
294 62
64 9
60 362
360 150
5 173
310 295
46 244
386 387
359 166
267 278
370 148
249 285
303 304
36 253
283 98
66 320
368 399
170 13
360 101
314 67
291 69
231 395
381 385
45 225
314 274
304 60
35 157
63 365
249 374
268 288
167 14
65 333
257 88
228 382
181 178
311 379
93 7
57 366
355 153
115 1
14 245
304 291
73 190
268 53
58 17
126 329
154 19
251 372
27 154
309 65
95 7
381 390
354 119
318 299
13 246
280 24
246 351
53 11
268 101
42 161
27 165
186 195
55 5
384 396
245 386
33 158
274 26
365 124
320 370
311 308
9 244
273 43
19 152
117 323
52 313
249 326
258 79
171 200
257 327
270 230
305 388
264 231
111 14
363 391
60 359
64 359
376 395
181 21
153 5
261 327
21 267
240 346
261 291
101 2
260 329
246 370
357 128
87 167
34 354
120 317
348 155
124 318
176 184
38 251
2 358
258 81
15 268
324 291
269 211
78 172
163 6
5 246
251 291
229 394
273 226
18
