30
7500
18
58 379
121 14
12 180
282 392
393 399
307 191
141 237
202 135
214 397
204 308
31 308
385 357
353 287
295 156
249 129
305 316
164 16
42 260
130 70
101 242
195 202
396 143
264 34
383 95
381 6
15 351
85 141
345 172
238 325
248 244
296 173
211 296
203 139
14 362
282 160
18 183
195 123
391 88
81 132
352 283
41 275
371 103
6 351
202 126
288 170
259 231
370 98
398 153
244 228
270 18
237 118
241 322
253 121
226 322
383 93
139 239
18 180
97 133
68 392
241 114
97 144
356 185
312 306
298 163
291 188
130 69
258 129
125 237
392 90
297 389
353 284
243 229
214 308
105 246
23 172
386 352
344 276
344 181
205 143
138 70
363 285
364 283
103 141
304 144
391 80
295 393
196 214
355 165
259 48
257 27
66 373
130 246
387 351
380 387
59 264
246 333
82 138
383 85
250 239
281 158
149 246
385 139
380 146
14 187
275 35
253 27
73 151
337 282
341 188
133 242
389 342
207 393
368 88
340 287
132 7
384 137
189 309
15 169
390 83
250 337
67 383
238 248
307 156
243 129
228 321
383 348
174 28
248 314
383 3
45 272
45 266
204 390
373 102
343 155
127 25
23 185
165 27
226 392
46 273
116 78
395 398
21 181
251 246
290 385
272 32
260 39
376 359
87 136
149 25
189 208
203 292
38 296
250 146
124 23
370 96
262 125
251 146
118 19
354 289
91 249
43 298
264 126
347 187
106 242
386 393
277 36
55 254
202 298
339 282
193 197
282 162
304 162
299 196
207 293
230 392
189 123
151 235
315 197
232 126
315 308
124 233
203 125
199 211
94 154
149 243
396 7
66 377
75 147
99 143
89 146
111 25
349 181
298 322
129 77
249 138
187 212
317 186
203 152
51 382
262 21
233 247
85 139
259 247
23 181
114 10
12 182
276 378
125 18
242 331
93 132
372 13
334 167
301 184
22 177
258 114
348 167
204 393
280 395
395 131
129 5
264 43
352 160
52 270
206 141
303 199
248 138
252 44
38 243
192 148
68 367
206 121
41 243
199 205
296 319
103 245
355 287
46 381
153 246
261 254
277 392
372 81
103 247
210 149
279 33
106 21
99 150
207 189
388 353
277 386
388 152
230 311
383 394
35 269
387 82
369 288
116 23
84 244
353 178
239 312
27 261
256 230
372 87
305 193
50 393
137 8
321 195
151 234
198 297
347 156
385 398
50 271
285 397
205 208
241 232
383 20
239 115
237 124
250 116
27 171
224 317
397 137
376 364
60 368
383 399
341 285
189 146
298 148
90 138
293 399
159 18
312 158
98 241
246 337
236 335
116 9
281 163
375 92
255 37
372 9
93 239
264 243
40 296
220 398
99 145
41 252
381 92
255 249
247 334
212 133
144 75
22 175
296 203
106 8
252 113
317 310
368 103
385 150
87 231
31 307
386 143
395 84
99 152
209 130
292 184
372 91
213 318
199 136
289 324
339 166
201 204
292 321
247 117
12 341
31 320
383 142
162 21
199 120
133 9
109 27
194 308
348 160
373 91
351 164
371 368
375 363
342 173
90 140
340 187
170 20
357 283
310 192
85 137
21 294
256 43
370 97
215 394
102 138
171 26
96 138
163 13
76 128
189 135
392 148
205 119
345 291
236 255
70 145
10 189
106 9
208 391
224 319
47 248
389 369
17 305
371 87
115 232
348 157
125 12
311 153
117 79
351 166
271 379
153 229
269 392
304 323
341 186
88 157
220 309
96 236
42 320
113 20
104 225
228 311
157 233
271 35
232 320
9 366
207 130
135 4
385 14
32 252
55 375
375 356
348 170
22 190
375 100
48 378
95 146
316 322
116 24
396 97
26 305
129 236
399 365
293 387
395 100
250 143
196 138
148 234
241 122
193 216
249 32
200 299
13 358
149 233
388 80
386 383
148 239
209 144
387 393
340 181
194 143
265 30
25 316
178 11
19 175
206 127
386 369
375 361
368 292
201 314
185 137
204 205
201 152
19 338
187 206
47 373
292 390
19 348
109 24
20 184
71 142
133 67
283 147
292 157
337 291
221 329
205 312
206 293
93 155
376 16
37 267
46 299
187 133
190 140
305 179
381 87
134 63
306 316
292 314
395 11
142 74
310 306
170 27
55 389
391 101
157 238
294 163
120 27
151 238
43 376
296 393
301 307
232 250
189 200
134 21
345 178
98 245
380 97
101 248
354 271
373 94
49 364
24 349
153 226
48 374
141 60
205 299
190 191
251 321
299 139
303 165
389 157
378 21
201 321
127 232
134 238
309 146
394 98
69 373
29 292
300 177
294 322
378 97
213 143
92 141
237 116
141 68
290 170
379 369
331 176
46 377
309 303
343 167
138 61
379 144
210 129
174 24
12 366
119 70
69 371
147 240
195 295
94 238
249 327
292 151
254 32
155 231
27 364
74 387
265 391
358 287
243 257
22 169
25 339
73 154
235 250
77 132
162 14
201 148
48 377
55 255
210 150
29 260
132 82
372 100
314 307
8 343
37 302
225 329
252 320
369 89
384 0
329 173
304 309
265 395
266 389
79 139
249 114
141 71
44 268
199 209
116 71
128 76
28 300
6 189
179 19
348 270
208 196
210 139
283 146
65 386
286 164
302 330
297 324
280 147
370 18
82 128
231 326
295 309
340 182
382 2
189 188
116 241
318 205
394 350
231 335
87 139
245 142
284 391
353 156
255 246
123 1
154 17
278 394
212 385
27 179
380 358
292 305
266 399
296 313
118 81
130 80
353 170
195 320
249 233
22 345
54 391
291 312
257 256
195 212
6 172
389 390
175 14
25 298
264 127
337 294
383 362
157 235
379 346
317 178
382 358
370 87
301 331
261 245
218 313
301 310
387 16
118 64
255 46
110 0
20 307
237 121
217 141
61 396
198 308
306 204
390 154
3 183
102 252
99 225
16 341
287 380
388 135
347 300
214 134
393 96
274 44
349 288
288 147
0 348
46 266
140 226
305 327
293 320
101 224
386 87
282 152
307 145
84 141
49 371
243 227
25 308
117 75
20 183
13 368
264 27
50 371
252 141
284 398
145 226
359 279
255 236
255 252
250 121
26 170
26 175
80 130
352 284
144 61
254 229
175 13
143 232
89 242
14 337
297 330
9 179
383 385
16 180
314 176
11 184
268 37
367 290
38 300
250 316
381 78
354 164
241 134
238 254
293 156
397 7
398 390
206 198
48 244
238 240
6 357
130 232
386 153
239 116
292 190
333 173
38 274
154 2
130 242
338 175
304 161
367 13
288 172
376 107
193 308
243 309
384 91
206 147
236 257
95 137
252 243
143 74
118 27
96 243
46 275
26 347
383 349
202 121
14 359
186 191
4 356
313 176
68 385
302 320
318 325
241 228
397 1
260 42
155 238
270 387
392 106
309 152
256 140
215 294
291 311
348 182
255 250
389 399
207 120
333 165
245 341
382 398
294 173
144 228
142 83
363 172
240 245
43 316
33 319
213 388
315 195
211 124
39 303
240 121
168 14
206 294
132 74
379 343
34 309
384 22
1 184
3 187
357 274
169 31
244 309
11 336
192 123
311 148
392 353
254 130
246 339
395 146
371 366
126 14
356 304
364 294
295 199
304 176
31 248
181 19
53 257
13 342
395 97
83 148
388 383
308 144
258 22
266 40
288 168
254 240
126 64
276 389
367 100
273 26
92 247
192 127
303 182
78 141
309 319
32 268
337 157
204 200
317 182
361 300
237 323
82 149
286 150
250 323
96 137
386 358
157 10
287 166
352 156
311 324
245 242
33 250
342 180
387 342
237 317
241 140
238 343
280 375
26 299
353 271
353 177
339 296
145 237
70 140
45 264
97 136
19 172
5 196
119 7
388 356
191 126
115 233
47 376
191 307
15 313
380 360
161 0
226 323
366 299
242 323
124 84
47 256
245 132
189 141
174 6
397 160
126 75
61 379
377 80
374 92
115 78
199 313
122 60
383 149
47 374
51 254
278 383
173 28
134 245
169 27
368 104
97 149
394 107
369 294
116 246
316 327
14 304
189 305
178 20
135 81
387 0
11 187
23 311
3 193
140 230
308 183
251 328
374 349
312 176
319 326
269 384
98 132
41 250
274 26
249 255
389 136
115 19
32 254
255 326
251 242
340 289
235 245
27 188
19 188
173 14
127 234
356 182
65 382
205 190
115 18
278 398
398 146
368 353
246 340
239 233
131 17
393 152
80 139
211 132
27 269
337 184
6 192
127 85
257 118
19 302
239 135
383 86
26 172
168 7
211 148
373 366
57 266
187 132
396 355
143 58
394 156
178 205
130 57
126 240
307 310
260 122
48 380
105 230
208 197
391 383
354 297
391 155
208 198
391 95
15 176
146 239
190 144
9 186
188 142
271 19
244 145
374 4
264 249
200 387
245 235
19 299
364 11
31 271
272 26
302 307
269 383
377 396
259 121
278 33
291 155
366 97
55 368
346 181
16 335
173 23
344 291
240 257
239 323
250 30
124 17
117 10
210 384
162 7
239 125
210 315
115 15
22 166
264 392
396 353
267 30
119 72
5 355
203 214
269 18
381 394
5 338
46 386
318 324
43 306
195 211
101 241
135 244
366 3
128 232
92 146
114 240
245 321
227 391
166 23
114 233
69 366
202 136
395 343
353 273
352 181
384 89
293 316
321 189
13 345
309 202
373 83
29 353
197 292
251 44
76 143
248 124
260 38
51 366
179 12
310 205
213 380
71 150
28 253
133 24
115 8
399 96
254 237
43 303
155 15
243 322
232 314
13 363
204 198
398 89
158 4
336 168
225 320
257 122
141 245
356 295
176 28
297 183
135 72
208 143
188 187
302 317
364 10
164 2
117 19
9 190
126 238
247 335
385 111
128 9
399 384
295 323
165 2
319 193
33 315
248 253
395 15
363 293
122 15
388 88
251 25
149 245
107 245
30 273
56 385
384 370
316 321
238 123
383 1
253 47
46 245
211 306
100 237
69 392
16 166
249 236
125 63
265 47
298 199
47 276
391 147
286 377
207 121
46 385
388 341
367 281
338 293
7 175
56 261
302 150
130 17
112 15
264 245
324 193
26 356
268 32
251 130
16 184
243 326
365 11
397 349
288 142
266 393
395 352
17 344
167 2
358 277
134 229
81 145
383 368
32 251
135 249
396 389
296 154
318 316
112 242
342 182
388 370
9 185
195 314
312 320
349 302
92 242
141 228
291 308
268 26
95 154
166 2
303 201
78 136
203 296
42 382
282 154
132 5
6 169
227 325
300 197
218 387
296 198
337 295
364 292
52 367
281 161
41 316
340 291
212 140
129 228
7 177
112 239
24 356
15 358
82 137
54 265
221 308
49 381
276 30
234 128
77 138
367 276
229 328
302 163
312 302
367 287
378 355
389 102
380 351
13 193
293 168
366 281
345 277
299 144
393 103
127 17
258 35
29 302
381 144
5 183
344 301
148 225
53 384
367 12
248 311
206 144
100 142
259 132
14 183
278 159
102 242
148 222
397 384
396 95
344 182
22 318
3 363
244 322
148 251
144 77
298 190
37 275
126 18
388 107
274 28
29 350
49 308
81 147
301 186
343 177
244 332
54 254
247 324
139 61
262 137
47 249
125 23
189 127
332 163
40 261
144 68
132 77
48 376
195 316
250 250
216 126
394 92
131 19
103 226
259 244
312 160
50 384
26 342
234 336
30 251
231 249
392 383
233 135
128 70
29 344
54 258
38 260
346 293
233 336
358 280
379 358
358 163
199 198
201 150
376 363
53 389
1 344
43 308
139 14
297 187
43 380
247 37
134 222
293 396
295 394
113 9
183 189
282 157
141 236
55 249
296 140
144 74
167 27
383 147
316 199
395 383
292 308
385 82
253 138
278 386
380 140
212 199
18 302
193 125
14 360
354 293
214 142
321 194
368 280
194 188
305 175
397 92
293 140
230 391
244 260
34 305
258 254
271 18
144 227
347 290
371 351
28 251
90 125
292 313
306 150
298 318
122 28
207 383
35 324
262 131
102 136
137 247
397 11
382 3
143 73
251 239
284 380
205 138
276 28
197 189
360 171
247 135
67 367
279 40
394 103
362 274
245 249
370 355
126 27
286 375
378 1
238 252
157 19
259 27
390 362
375 18
393 81
178 21
398 356
265 132
289 312
382 18
72 369
103 240
70 390
216 138
47 306
76 156
73 128
125 30
295 326
234 340
153 14
170 21
319 188
298 192
178 207
295 173
235 247
190 123
134 74
150 238
25 310
85 147
375 352
135 235
229 339
246 139
318 307
221 395
313 327
37 250
44 307
202 208
308 327
20 169
17 353
200 313
342 169
52 370
117 12
169 16
383 397
234 322
217 128
154 11
136 21
252 242
256 123
106 247
180 23
389 135
192 205
212 131
37 277
95 228
25 306
7 195
132 247
95 249
123 30
233 326
304 300
295 201
297 142
146 245
133 247
304 306
118 28
137 60
135 85
372 16
45 260
368 355
363 298
358 275
119 16
11 176
286 381
26 361
305 198
106 23
218 127
370 3
38 245
299 388
173 10
243 117
313 180
236 125
6 183
373 7
310 330
365 95
204 208
276 36
202 317
152 228
300 198
392 392
390 98
310 181
315 201
298 197
261 45
266 398
380 8
389 98
19 345
344 295
82 155
210 142
30 264
229 388
381 24
349 292
297 168
208 204
389 5
147 238
393 0
307 302
282 166
73 136
144 241
367 96
120 67
240 134
301 204
223 318
197 124
18 320
252 145
109 6
367 282
126 72
142 68
378 341
191 191
26 304
267 23
252 259
338 285
4 187
33 311
124 235
162 13
236 320
187 209
243 323
380 364
126 67
392 364
195 297
284 387
42 322
192 213
171 17
36 291
296 317
157 22
389 393
389 127
376 12
380 86
379 88
262 23
384 156
1 169
341 163
361 165
349 279
126 22
383 8
387 146
74 383
39 265
384 103
363 292
393 160
144 242
202 140
288 398
187 129
358 161
254 137
295 189
303 327
93 142
382 147
28 343
204 392
184 197
140 76
213 125
189 190
224 330
349 300
293 388
168 29
119 58
66 387
239 249
2 346
135 64
147 236
26 185
136 10
11 171
12 164
258 231
208 308
216 145
25 358
110 250
263 245
243 132
241 240
240 115
201 218
243 244
289 161
271 398
130 86
290 142
211 394
298 201
262 41
239 230
152 245
53 376
381 134
114 25
378 346
370 362
77 142
358 171
188 133
93 232
41 300
27 339
99 233
215 395
49 366
248 129
241 247
380 138
117 7
186 214
133 27
384 360
252 323
188 303
254 112
391 151
289 309
306 175
261 20
344 164
302 171
156 245
137 54
307 189
84 247
36 244
271 43
390 127
258 232
116 67
107 22
71 391
355 302
249 127
284 153
91 239
212 130
203 314
371 88
208 294
137 74
17 366
62 394
243 240
55 263
395 388
130 66
200 316
184 190
198 121
112 22
305 188
250 329
381 139
372 3
352 294
360 299
15 345
168 4
265 249
279 152
391 355
272 47
204 118
378 9
85 234
357 271
346 276
307 300
392 359
4 363
22 358
200 386
394 104
39 267
149 251
243 336
256 260
96 141
208 313
361 170
130 18
190 314
297 326
316 181
242 251
144 71
150 235
322 189
85 235
25 297
194 300
263 132
22 181
196 127
269 397
70 375
396 5
207 325
305 149
17 299
216 132
44 250
383 140
247 254
120 16
248 30
347 282
292 387
131 61
389 152
315 203
217 320
133 1
128 16
208 296
296 384
254 39
397 136
8 188
27 181
204 125
141 62
115 70
306 324
259 19
206 125
256 132
133 20
385 136
86 125
108 231
386 106
306 164
279 27
213 315
71 148
265 18
164 12
333 172
27 305
378 362
371 14
377 87
183 208
298 191
381 152
275 24
353 270
302 151
390 89
109 21
207 301
119 63
287 162
50 392
78 145
338 283
17 349
128 28
322 319
201 309
228 329
84 126
208 381
175 2
311 192
93 243
204 127
398 96
260 241
93 154
369 87
220 381
23 360
256 23
267 32
256 38
65 394
218 397
254 245
300 322
344 297
347 182
193 215
15 311
202 388
128 7
395 141
246 117
304 190
186 212
339 297
305 160
24 319
177 28
228 386
107 230
188 316
8 170
243 145
242 132
324 195
26 324
21 366
21 311
227 389
253 119
240 248
201 388
99 231
111 17
382 105
301 159
133 249
6 364
388 5
52 246
247 118
399 387
377 345
211 126
67 376
134 226
239 331
3 165
311 188
387 157
152 9
343 293
233 125
126 70
312 308
212 292
304 165
163 20
293 184
399 364
358 301
59 380
352 159
42 250
257 32
194 317
84 147
253 127
295 398
51 248
6 193
259 45
21 353
385 92
290 312
83 134
205 316
399 383
126 20
264 44
144 73
153 25
341 187
352 292
2 182
351 272
385 152
374 352
35 246
209 143
184 195
390 129
357 177
97 247
30 252
350 159
129 239
279 379
316 206
302 205
81 148
337 159
202 197
52 390
300 204
80 153
390 141
50 246
168 9
288 399
314 181
395 358
106 18
302 141
295 304
214 128
93 236
123 29
94 253
217 300
397 91
103 14
246 133
192 146
314 314
296 396
256 48
196 193
175 25
286 166
249 257
273 45
31 261
195 122
8 348
399 148
371 359
214 294
137 10
78 133
5 171
201 190
206 213
81 135
187 126
43 277
17 173
124 238
8 351
182 199
257 236
99 243
341 176
11 365
250 145
12 363
255 47
271 39
255 34
351 181
335 161
397 85
247 133
12 357
135 79
21 179
269 33
47 315
376 347
217 129
300 205
256 34
59 382
97 243
285 157
114 12
153 22
196 150
66 367
351 178
133 226
156 229
57 264
182 213
362 170
148 17
355 275
348 166
10 181
203 199
200 390
250 38
15 360
74 148
260 235
193 128
81 141
74 138
8 168
82 139
294 191
86 155
204 187
240 131
176 10
125 26
257 29
84 152
128 13
379 108
331 180
0 184
29 249
299 316
47 258
273 31
194 137
31 302
233 248
157 7
193 194
342 181
159 237
293 382
331 161
30 260
391 360
389 397
123 26
347 168
139 250
61 365
120 71
36 272
47 370
43 309
81 157
20 361
102 258
193 126
234 138
232 338
366 294
315 304
313 304
348 280
217 318
131 55
143 233
56 383
73 371
141 80
353 276
170 6
97 227
17 194
16 345
85 250
217 305
137 58
374 83
275 395
295 193
194 214
295 380
134 80
207 382
137 7
385 5
391 137
345 176
165 17
288 391
382 137
24 359
288 166
152 248
383 137
210 126
296 193
248 231
294 197
207 145
176 21
195 201
146 230
351 289
391 83
311 309
170 24
235 136
18 318
157 31
92 150
219 138
102 250
113 29
5 191
85 157
54 376
322 321
276 39
343 290
352 185
93 144
397 370
205 134
295 192
31 263
396 107
41 247
346 166
66 384
199 129
14 303
380 13
32 356
253 243
196 320
211 389
381 137
289 399
17 196
196 210
375 3
296 165
156 15
298 183
383 356
398 3
291 191
304 149
12 169
247 32
122 10
360 300
304 158
213 319
350 188
347 181
223 332
310 163
237 131
206 397
385 358
291 166
37 319
82 142
109 257
181 204
125 230
295 178
381 108
131 223
256 143
389 340
24 296
179 203
102 241
109 3
18 365
45 298
241 333
51 392
145 63
99 253
59 265
148 232
371 355
136 67
388 386
337 181
386 100
184 216
5 178
388 95
29 180
384 363
390 348
27 262
241 229
293 328
391 99
295 187
34 249
175 15
383 113
380 96
230 338
338 157
245 260
194 139
390 386
298 196
156 7
389 142
143 67
397 3
32 350
231 241
369 97
13 340
212 309
34 256
170 22
335 175
259 23
112 4
292 188
13 355
383 150
67 366
59 377
199 314
32 257
189 311
43 263
197 212
79 157
242 144
310 307
237 331
245 250
101 140
138 71
377 97
198 210
141 244
56 265
37 248
8 184
169 22
349 167
200 126
374 90
152 28
394 153
233 316
185 134
101 243
22 170
187 143
29 325
190 127
191 131
20 358
13 168
277 37
370 100
22 338
244 250
306 329
132 69
49 273
41 264
290 140
202 195
378 20
238 331
179 199
304 178
349 179
290 189
384 150
108 15
206 207
300 194
145 67
387 364
117 0
299 308
309 304
55 380
374 101
12 338
76 146
340 164
128 77
31 352
284 379
45 389
63 391
215 307
162 2
373 360
21 297
250 23
269 38
242 122
293 173
376 102
204 119
373 87
393 98
224 336
143 70
176 12
207 302
295 198
98 243
312 307
359 288
322 311
83 156
144 245
215 317
295 190
91 131
254 24
123 22
116 234
134 56
380 393
40 244
35 310
173 3
338 284
7 355
295 146
357 170
311 302
121 75
240 326
208 200
1 349
232 248
320 192
124 70
268 384
131 68
146 73
90 246
70 381
292 382
212 200
247 247
384 394
147 15
355 285
48 312
305 331
174 9
235 320
7 192
194 146
236 338
336 185
315 179
367 2
248 250
292 197
78 150
209 393
276 386
285 392
356 163
19 335
210 388
384 391
127 56
18 192
231 338
238 129
93 244
199 132
191 313
199 214
246 314
202 389
65 364
330 179
362 177
7 360
117 11
28 313
129 76
218 143
127 239
126 242
233 129
253 320
196 133
50 372
205 147
22 191
311 311
43 378
74 382
77 134
258 245
277 25
4 170
60 391
348 181
351 172
308 195
167 30
67 378
109 237
128 234
304 316
234 312
375 355
200 147
70 139
253 114
140 241
280 393
37 253
223 321
383 77
206 393
188 126
337 285
82 126
141 63
245 339
226 389
248 38
398 134
261 118
287 163
313 190
62 364
247 246
307 303
379 92
241 326
72 150
113 8
314 185
296 179
308 202
46 367
193 205
208 148
389 129
279 41
339 174
264 33
356 177
337 183
108 247
35 323
279 156
130 225
201 209
191 316
147 234
143 245
300 312
315 207
201 310
383 139
310 206
394 109
202 309
21 309
311 156
367 99
289 153
78 156
138 240
150 234
26 268
346 283
302 196
188 137
140 77
80 142
391 382
387 80
134 234
391 19
394 134
290 190
150 223
395 397
84 124
334 164
197 396
381 151
217 143
4 365
232 243
130 60
93 157
207 151
1 189
275 36
202 191
28 318
84 135
299 167
255 38
44 390
8 347
147 235
65 390
352 179
256 28
252 236
210 133
213 383
390 84
223 384
377 7
212 395
122 81
391 126
82 143
33 245
348 165
391 93
78 152
276 381
393 349
67 384
156 29
255 248
23 176
257 234
128 60
22 306
53 251
116 15
29 354
136 236
296 155
370 107
58 263
38 246
381 4
388 362
239 313
202 398
393 108
396 140
165 11
206 196
108 14
21 320
333 182
89 241
83 140
177 20
203 302
294 386
199 393
42 384
21 173
203 386
98 135
302 167
308 167
22 188
309 180
349 296
377 102
202 125
158 238
354 274
348 155
388 352
207 299
74 149
249 241
51 387
153 27
88 145
202 139
71 151
154 6
239 129
352 280
147 252
216 128
105 233
106 227
344 281
22 320
397 12
2 188
17 197
294 203
44 373
53 248
214 306
92 256
127 244
303 184
29 257
284 158
65 391
119 27
299 151
16 173
161 4
261 237
203 389
394 84
269 20
398 345
23 305
383 106
206 385
307 155
84 148
233 330
394 135
150 24
207 140
204 396
207 129
304 321
28 363
289 146
253 126
284 150
101 258
251 30
307 173
117 71
272 31
119 59
252 245
265 38
211 304
74 152
15 180
219 390
388 350
23 187
314 312
191 308
342 287
189 132
364 1
38 244
246 317
335 287
93 252
37 254
323 199
271 33
211 131
40 253
392 372
285 151
236 134
280 30
388 148
385 100
219 130
314 178
380 145
188 305
363 278
97 226
371 0
144 223
127 63
209 138
345 275
290 144
367 11
37 264
9 356
393 354
252 135
15 168
260 141
196 136
44 318
13 366
50 364
251 33
16 299
298 398
160 26
212 320
121 68
202 385
114 241
155 27
394 132
202 186
220 310
225 323
206 303
385 81
398 353
13 192
162 6
214 125
190 135
247 120
275 378
53 266
240 124
398 126
124 82
34 314
398 139
356 273
276 33
203 291
193 143
187 211
384 109
178 16
244 327
91 243
359 280
133 65
34 318
136 231
353 187
321 183
137 224
96 143
53 265
193 130
396 354
390 103
25 360
392 130
93 126
278 31
239 338
235 311
340 188
253 23
32 303
210 208
203 384
154 27
138 18
300 180
340 275
398 360
378 344
338 292
213 320
232 249
396 363
308 164
207 298
116 63
250 252
227 327
86 132
117 248
378 93
10 186
170 13
198 204
26 260
1 182
122 85
355 282
245 138
17 313
94 148
207 125
53 371
94 251
201 143
395 1
338 158
107 16
50 261
100 240
387 398
359 277
321 198
315 200
357 277
308 156
242 232
15 188
71 383
321 196
196 309
93 233
36 322
245 258
294 139
47 314
282 144
240 310
355 297
307 207
33 254
310 189
3 179
205 394
89 131
202 134
113 18
166 6
395 86
187 215
126 5
118 20
102 237
42 245
341 283
95 227
132 20
214 126
164 15
309 322
357 180
26 296
195 121
245 131
148 13
201 194
240 323
394 348
122 11
102 235
241 130
254 134
128 15
261 139
16 183
378 372
90 238
318 189
379 388
383 373
255 256
395 366
351 176
382 84
375 351
393 106
72 141
208 211
196 209
341 156
381 17
294 200
386 86
381 373
387 153
375 88
235 131
388 103
386 17
127 54
251 247
317 177
357 290
297 391
261 34
124 80
183 192
302 143
143 250
294 398
274 377
138 84
376 81
197 188
270 36
121 83
242 252
159 0
151 4
224 318
164 1
236 240
9 363
256 253
390 384
370 17
15 336
255 23
45 313
266 390
283 390
85 129
252 36
32 305
368 0
204 297
370 105
160 19
5 182
260 27
30 268
45 386
208 303
196 316
251 324
301 306
395 91
246 329
357 172
56 390
218 312
395 387
163 15
124 240
24 301
348 188
127 235
11 180
68 141
18 311
112 28
206 130
64 383
295 188
137 252
380 361
190 215
134 246
352 186
206 212
202 301
165 16
394 137
260 134
261 122
139 76
201 305
279 389
354 299
382 22
284 169
49 270
122 31
124 73
35 245
247 136
285 387
80 156
194 306
160 16
328 171
396 146
239 320
254 46
324 188
6 352
239 138
304 180
90 247
214 129
46 272
159 17
337 178
192 206
315 175
313 318
314 321
136 229
64 388
201 144
22 298
146 68
29 304
247 251
369 364
262 241
380 108
209 148
51 253
23 341
241 319
300 178
199 118
310 152
218 132
347 280
249 113
296 322
286 168
227 334
73 386
303 198
256 241
24 336
229 330
21 340
92 140
273 382
389 144
352 278
374 93
341 179
206 308
243 134
197 315
294 168
365 14
9 175
204 212
89 145
32 313
22 341
241 314
392 15
185 138
304 311
150 226
366 10
98 232
25 172
17 364
315 322
91 128
88 253
283 380
251 261
370 284
311 327
360 275
196 317
292 147
175 21
208 384
265 36
227 320
18 303
204 145
396 83
238 233
104 16
207 198
340 295
292 165
302 301
42 314
394 397
85 130
380 79
185 136
345 155
117 14
354 177
4 359
354 157
390 9
212 392
2 177
34 304
144 66
345 280
76 144
142 236
194 185
163 1
287 377
265 17
367 10
393 364
330 174
252 29
389 14
190 130
50 244
90 127
247 132
361 301
370 7
266 394
101 135
378 367
127 30
198 391
111 241
115 71
235 234
36 249
3 347
254 317
132 17
226 390
297 159
209 207
279 162
399 144
37 309
179 10
113 237
111 235
388 9
10 187
195 293
193 206
196 206
392 342
52 262
303 142
284 399
16 342
205 396
198 133
196 130
83 136
235 129
395 144
378 110
234 328
106 6
121 26
124 10
305 319
262 130
110 13
101 147
47 274
150 230
209 317
118 9
210 309
20 322
254 38
371 90
244 319
26 174
92 151
137 11
218 135
301 141
134 242
19 340
398 104
309 153
111 252
297 205
116 245
18 196
140 240
124 56
277 42
245 316
41 312
257 39
384 95
46 371
379 94
392 132
237 236
358 282
54 370
44 298
133 26
202 291
86 158
206 391
386 92
396 383
317 325
14 366
190 147
75 139
208 322
27 352
26 359
137 227
247 134
388 97
70 386
260 138
184 204
23 180
93 230
221 392
252 127
266 38
203 393
25 349
155 20
42 319
219 301
55 383
225 337
239 141
163 23
261 46
82 140
210 204
358 164
179 197
399 351
363 281
214 386
220 300
384 131
377 368
289 378
200 191
192 144
116 244
171 9
36 255
178 199
47 302
194 151
109 246
257 113
398 1
384 355
212 397
178 23
351 158
254 260
45 385
292 182
50 387
58 386
376 110
311 317
390 152
385 12
39 263
209 386
238 251
252 326
242 229
221 384
396 399
396 367
280 158
92 245
136 60
383 360
108 24
234 126
245 248
7 356
398 11
255 142
119 20
201 293
302 187
19 306
307 325
304 310
382 370
79 137
255 22
359 284
11 358
253 139
206 382
131 227
248 120
157 9
31 253
282 150
371 107
298 331
306 193
387 152
360 271
125 83
237 313
352 173
261 232
107 256
23 189
155 8
37 296
361 290
290 162
32 314
255 320
249 333
11 356
1 171
123 84
276 387
251 241
84 131
380 95
317 180
27 178
346 159
379 365
380 344
291 157
305 301
293 163
18 356
323 184
373 105
71 132
88 248
394 86
89 152
392 385
60 385
269 387
49 247
191 312
388 0
204 291
16 368
339 291
378 90
127 248
36 247
363 300
12 198
314 188
293 186
205 322
341 175
253 140
244 128
208 386
184 210
219 303
135 21
110 8
396 4
6 164
123 20
149 11
295 147
378 393
321 186
246 116
72 145
16 309
54 364
188 203
306 143
263 21
130 9
193 302
2 180
214 297
317 205
393 356
218 317
137 64
347 271
259 25
346 184
250 44
378 394
1 173
31 319
357 304
258 44
139 237
53 369
86 127
355 164
245 144
205 145
8 183
79 126
287 152
398 158
132 228
204 136
263 242
154 15
386 82
157 244
218 380
101 246
36 311
49 262
269 382
42 246
372 99
32 299
253 26
242 337
86 147
285 154
383 143
311 313
92 251
306 326
22 307
181 205
390 394
214 136
339 298
71 388
235 322
345 187
223 396
21 169
18 173
310 314
155 28
204 144
392 354
42 387
256 247
199 141
179 204
45 390
397 344
252 138
25 348
242 248
338 171
255 251
302 174
33 274
47 308
265 41
126 7
370 13
113 25
106 237
296 329
252 35
87 129
123 237
257 44
97 138
369 103
200 189
359 295
45 269
266 384
98 140
15 183
383 342
34 295
388 21
286 156
383 145
58 372
137 78
20 363
148 9
139 85
86 136
293 162
317 187
208 306
174 18
251 260
229 311
52 369
267 397
187 210
293 327
391 390
38 318
25 182
198 140
195 142
392 139
380 102
198 122
4 191
240 254
235 127
39 321
92 156
251 120
138 63
373 99
82 152
391 159
288 380
392 349
311 161
14 354
263 26
191 209
129 233
20 311
236 251
367 14
22 351
221 389
366 12
302 199
8 174
16 197
25 255
112 237
294 319
129 80
204 151
3 364
242 245
156 241
17 297
116 11
253 331
378 12
93 228
32 304
351 285
371 358
69 376
209 292
189 126
383 393
309 164
150 18
73 374
52 385
294 155
293 319
367 17
125 16
371 17
2 175
187 192
376 345
203 312
54 394
201 192
235 256
366 278
120 14
208 141
95 239
166 5
371 352
275 383
89 137
238 341
231 313
244 261
67 369
59 384
368 10
392 151
335 166
247 139
263 29
357 301
40 265
288 315
128 78
205 142
289 395
246 332
392 2
138 67
9 178
75 381
387 112
377 91
302 308
62 362
21 176
306 331
187 187
300 201
329 180
383 398
40 322
292 316
201 311
124 59
157 24
305 152
322 197
387 345
79 134
24 355
89 254
152 8
139 57
245 133
28 355
96 227
384 94
203 132
174 23
181 191
301 315
383 90
26 188
342 297
369 356
87 151
93 227
199 145
191 186
133 6
317 311
192 199
42 272
12 189
324 196
308 314
309 176
278 39
5 346
294 152
10 363
393 342
378 101
243 338
200 131
293 386
155 10
258 248
22 360
254 254
248 235
290 382
41 299
66 374
177 5
189 191
311 207
71 145
136 71
242 236
39 302
112 231
99 256
230 321
234 246
201 207
79 154
78 142
137 239
106 20
376 98
117 3
122 67
48 306
197 127
279 151
198 311
383 151
337 289
255 135
225 392
155 23
82 153
252 258
178 17
38 324
248 112
398 92
91 126
241 332
95 140
193 304
378 396
292 172
292 317
104 241
207 215
199 137
143 77
271 47
105 243
197 129
72 148
275 31
147 66
140 251
253 41
320 324
64 395
58 390
395 5
351 286
386 151
30 300
359 173
147 73
318 321
129 83
187 142
304 192
142 234
226 332
384 349
17 304
87 124
80 125
240 316
33 297
317 193
350 292
310 162
392 16
387 371
182 198
53 377
303 154
351 175
380 93
62 375
343 299
347 188
310 203
74 135
132 244
201 322
85 145
189 142
261 256
128 20
220 316
209 314
13 180
174 10
130 228
369 85
194 301
352 287
277 393
156 243
19 298
134 5
187 207
224 385
392 11
354 294
386 360
210 146
312 155
194 312
27 174
294 321
264 19
265 387
241 135
323 189
253 260
24 170
17 348
84 240
311 179
380 87
201 126
303 204
126 3
235 319
108 230
128 244
381 111
391 104
386 347
88 254
130 248
378 109
234 137
370 89
279 386
392 100
290 395
213 202
207 137
264 48
138 235
317 329
189 312
299 330
16 367
48 263
132 1
173 1
207 131
80 124
222 387
349 168
354 298
4 164
396 131
360 169
62 382
284 385
336 170
242 254
384 386
167 1
20 194
381 350
234 241
129 27
242 115
50 374
191 143
155 245
20 338
181 193
228 398
15 340
286 160
233 327
116 2
100 230
48 305
256 124
298 144
335 160
292 307
289 386
251 248
45 274
130 15
214 384
375 80
350 163
318 305
302 314
257 127
101 255
355 299
100 249
119 11
380 10
357 276
123 82
222 322
348 273
379 109
235 342
394 357
141 56
241 328
393 10
351 300
95 238
276 22
249 318
391 153
264 45
394 127
261 234
340 179
353 184
65 387
350 301
145 240
32 265
391 388
248 118
359 303
8 349
138 241
363 276
396 151
389 148
136 61
239 126
349 166
300 329
193 195
47 381
158 241
314 189
99 240
128 14
291 326
357 178
387 360
265 134
368 361
88 137
197 211
48 309
112 234
356 173
294 397
251 119
320 187
372 365
120 63
17 169
316 310
383 372
84 246
357 280
193 315
317 188
120 4
397 6
7 196
87 238
372 83
272 45
30 291
305 306
240 339
123 14
81 154
391 371
25 307
10 360
137 248
37 243
287 316
109 19
239 231
372 103
269 26
127 3
169 19
187 309
260 250
374 99
270 19
170 26
14 172
372 104
248 254
45 319
135 87
90 233
39 255
91 140
12 175
233 124
95 230
251 325
212 316
192 306
235 232
120 31
373 368
355 170
339 183
94 241
23 355
103 252
338 278
197 218
245 338
239 314
391 5
235 317
306 308
356 166
141 233
14 186
5 164
169 1
255 141
283 382
218 298
200 197
161 13
132 252
348 185
259 115
197 397
202 124
303 207
313 330
305 186
251 128
386 342
302 208
91 148
47 272
13 357
374 105
298 169
154 19
244 119
266 24
201 130
274 47
197 318
230 390
208 201
256 127
0 178
249 230
381 399
208 318
399 395
109 229
197 293
251 115
88 126
244 239
347 189
350 162
189 147
21 367
34 250
312 194
258 120
16 178
302 180
60 377
247 337
304 207
3 357
110 22
15 339
93 129
397 89
179 24
24 297
87 138
165 10
245 340
229 398
149 231
312 309
153 232
397 103
328 167
9 348
92 128
92 228
31 246
20 192
386 366
197 214
88 146
263 47
123 3
83 149
257 131
137 245
364 3
92 149
195 317
312 205
308 206
361 271
133 230
240 239
87 237
362 286
397 358
308 180
6 341
2 360
370 361
340 159
133 58
7 163
72 132
282 161
189 317
262 118
374 0
391 393
195 195
217 393
393 101
89 141
259 251
106 252
125 60
393 359
360 170
253 48
269 40
297 199
314 331
48 245
387 111
369 363
131 24
339 172
396 130
206 390
270 384
77 125
336 163
258 34
162 17
187 200
144 251
130 58
142 58
333 159
27 263
215 311
127 237
252 140
38 253
30 263
292 192
168 20
138 254
373 358
162 18
205 388
191 311
382 23
113 248
374 106
185 195
115 253
151 240
16 346
397 87
399 91
31 294
87 149
35 270
90 150
190 304
382 16
241 241
387 100
156 27
199 188
353 176
273 30
174 29
275 393
274 399
239 318
240 123
213 385
293 143
243 228
392 388
119 56
41 384
69 379
295 399
208 307
152 250
232 245
45 371
207 313
242 128
360 288
365 282
210 303
269 394
36 297
167 28
337 162
97 234
30 318
57 388
323 188
317 191
157 230
20 355
316 303
295 159
137 241
134 83
250 338
247 29
183 213
270 26
33 273
307 324
281 396
151 23
260 23
205 211
297 188
254 129
189 316
120 72
291 325
342 277
357 289
88 252
114 250
378 100
204 122
256 131
382 142
247 239
184 202
35 291
227 392
125 5
196 203
56 384
126 12
259 49
368 86
182 192
210 305
157 6
132 238
19 342
397 133
181 13
302 324
111 249
135 62
380 135
46 267
297 139
209 390
153 26
379 146
127 6
389 140
218 128
18 190
26 294
217 299
75 384
235 241
217 387
26 346
305 300
247 238
30 296
163 27
387 373
345 299
339 177
28 345
377 349
393 154
114 251
390 343
358 174
253 321
386 348
316 185
263 139
118 74
310 194
187 137
203 391
200 127
397 354
235 140
200 295
291 171
281 147
0 342
160 1
13 195
376 3
385 15
125 242
303 312
199 210
398 6
289 391
374 89
77 150
113 3
28 352
218 393
104 246
13 178
4 348
262 28
55 268
361 288
394 353
131 26
361 285
308 166
50 253
104 228
18 335
215 139
199 190
200 311
390 96
389 91
383 98
11 196
202 216
87 250
348 159
195 128
14 182
103 246
234 318
245 143
88 151
195 206
54 372
244 229
381 8
118 244
282 388
16 195
302 300
393 388
209 121
124 79
137 9
141 232
215 398
321 197
293 305
166 17
242 315
71 372
348 296
242 317
296 303
247 244
71 374
219 305
45 258
36 253
101 249
350 168
168 11
394 152
214 398
390 94
394 392
395 130
234 329
270 392
211 324
384 141
380 366
260 29
140 236
214 310
172 0
117 23
393 131
271 22
251 231
87 155
15 304
200 120
234 342
193 203
127 16
200 308
112 251
29 296
33 249
339 286
94 250
306 174
125 70
225 384
204 135
115 243
262 32
203 190
399 352
106 225
347 273
246 134
379 351
283 385
139 74
200 142
197 190
373 93
23 188
203 126
320 186
108 12
108 243
267 46
257 24
354 175
53 252
380 9
261 35
185 208
293 182
202 148
351 282
81 124
388 129
141 251
132 21
313 309
40 310
294 182
268 381
34 298
99 255
393 104
392 358
215 304
91 245
106 19
84 144
252 333
298 188
69 141
142 245
306 162
299 326
118 71
330 177
223 323
297 308
393 155
310 315
236 331
111 8
29 256
32 264
3 359
243 233
6 166
256 116
249 338
364 281
206 190
181 211
2 359
249 337
205 188
100 255
128 82
100 144
299 329
392 126
136 226
123 86
89 127
15 354
266 26
147 13
134 18
242 338
93 245
42 308
77 151
226 329
300 202
202 129
201 193
365 12
252 42
20 195
275 394
23 348
291 381
0 168
132 64
306 200
57 391
113 12
348 298
138 56
105 241
322 199
92 233
25 351
121 6
15 343
26 266
203 301
294 183
249 42
118 80
94 140
245 322
202 151
338 165
134 62
394 369
147 242
265 34
275 26
246 234
292 144
204 210
309 206
310 174
248 258
223 327
92 248
378 81
113 252
146 77
131 234
112 236
262 127
312 312
306 159
315 192
240 137
298 142
295 145
139 83
297 146
361 167
16 351
309 188
232 131
281 394
233 339
379 107
45 303
374 357
285 167
297 165
127 78
359 272
74 136
53 270
179 201
365 291
149 247
236 309
263 126
46 244
296 324
210 391
94 137
24 347
164 8
39 258
161 6
391 90
201 200
341 174
135 245
304 152
304 326
258 39
29 348
342 155
397 142
383 366
396 0
130 231
0 170
274 385
38 247
298 308
388 131
314 177
90 134
156 3
175 18
206 211
32 294
241 321
190 213
52 374
269 393
20 318
99 237
120 65
24 300
292 324
288 378
166 9
9 170
291 150
352 167
289 318
313 331
165 32
47 254
395 87
336 284
297 150
138 72
108 249
291 190
189 313
93 146
210 321
127 53
296 314
8 354
12 362
309 183
113 10
154 238
221 320
200 395
7 337
311 205
249 123
332 172
144 238
255 44
42 251
158 239
158 23
200 306
117 234
121 19
297 317
304 164
200 214
104 249
394 14
15 338
205 320
164 13
285 148
204 188
242 135
303 179
248 128
390 143
94 147
275 33
199 398
362 282
200 207
236 231
26 357
27 355
395 8
351 284
373 89
166 18
319 317
388 159
80 126
39 248
127 18
198 323
84 133
203 317
289 396
252 253
242 312
214 312
263 32
224 316
296 160
147 247
212 314
232 310
298 305
262 243
115 7
130 245
30 351
56 257
48 367
212 198
220 302
126 2
214 396
69 380
293 380
89 148
237 250
387 140
396 366
373 361
364 279
98 242
6 354
232 134
159 11
64 372
183 203
314 302
117 64
391 87
395 7
241 234
261 47
289 148
286 389
254 118
36 273
16 177
299 391
27 182
274 30
115 240
11 335
210 294
51 263
257 247
23 314
113 30
152 17
302 149
40 317
248 339
44 255
49 384
249 43
395 399
240 132
92 239
1 346
396 102
43 383
273 32
151 227
75 382
66 389
81 128
280 35
133 248
363 286
129 241
45 302
291 394
88 140
321 321
59 374
203 188
371 349
42 259
52 365
399 134
239 257
279 28
46 252
192 201
18 341
299 183
156 25
391 128
209 194
155 248
209 202
279 391
382 14
4 344
289 149
255 254
365 285
218 394
17 319
397 393
51 381
291 145
84 125
47 390
51 393
299 159
127 5
395 88
207 195
16 311
116 251
391 20
38 270
149 228
351 184
71 377
382 349
141 247
292 196
203 121
383 358
169 15
240 327
38 315
387 92
99 131
353 296
374 353
292 381
352 277
399 127
378 356
378 22
32 348
154 5
182 191
359 182
240 333
6 353
248 127
397 126
344 176
267 37
22 310
112 249
398 156
106 233
238 121
251 317
308 188
398 369
311 305
19 336
290 319
18 363
186 137
6 177
339 280
398 95
17 186
148 226
261 19
300 167
393 347
31 251
360 168
70 147
263 119
397 10
389 8
270 45
386 395
146 252
73 372
281 145
158 237
237 232
71 379
398 127
203 297
251 140
191 128
213 395
361 294
204 313
308 201
135 242
35 249
250 120
25 293
294 320
253 137
136 79
16 354
336 169
95 131
119 21
211 297
64 393
200 185
41 269
196 397
2 186
380 14
213 322
9 338
104 253
4 190
291 192
255 143
31 260
33 252
56 252
295 172
193 313
17 191
375 362
232 240
178 200
399 157
184 212
234 120
117 4
15 174
216 307
390 350
101 227
154 225
384 392
0 189
186 207
198 393
195 296
109 14
191 121
28 351
226 316
9 345
232 309
199 149
124 19
4 173
8 190
56 363
45 304
245 125
247 140
49 272
381 79
396 384
150 15
45 314
356 160
94 237
25 303
147 249
114 76
111 0
230 323
396 343
256 36
111 239
22 317
356 165
276 385
290 307
1 168
138 245
28 298
381 396
288 153
7 179
113 15
373 350
294 385
262 26
239 340
383 341
53 365
244 247
394 155
90 256
204 150
130 63
387 365
226 324
156 28
388 372
133 232
287 397
310 161
365 299
352 276
345 285
31 326
122 86
311 150
182 194
75 150
179 195
19 356
159 5
149 10
397 345
356 164
198 303
387 88
29 356
70 380
47 368
195 196
203 150
143 237
362 292
200 144
390 364
218 390
19 349
281 156
263 237
128 84
131 20
43 266
355 176
10 347
305 330
298 389
381 5
180 200
96 132
266 125
392 159
170 12
228 334
114 65
357 278
391 7
254 138
387 22
134 86
305 184
198 194
17 298
14 344
189 136
110 7
37 316
335 163
376 108
139 242
210 386
279 399
46 256
258 130
288 376
370 104
145 61
297 148
356 271
145 234
312 186
235 239
300 318
103 231
185 140
317 304
114 29
275 43
303 310
177 24
243 239
370 349
66 368
386 138
246 146
54 390
242 333
396 368
192 200
305 189
195 205
306 195
212 322
127 15
188 186
388 397
31 321
350 287
303 191
107 240
377 372
359 278
205 292
20 350
231 317
111 12
312 319
71 146
199 397
51 372
47 263
51 383
252 319
365 290
113 249
280 377
245 336
353 278
119 19
111 233
41 296
381 15
72 390
95 257
269 49
348 290
393 87
197 143
138 242
299 314
20 367
391 344
379 7
354 286
244 115
250 27
374 8
346 297
238 236
315 188
14 166
363 279
263 42
78 125
14 192
388 388
75 374
237 139
207 392
141 65
21 361
390 353
341 287
393 15
369 292
64 384
398 144
139 233
70 369
196 125
304 205
52 266
236 334
19 169
286 141
139 77
247 325
57 381
386 111
386 389
205 300
112 232
395 395
199 202
314 324
158 10
120 30
23 190
235 125
116 0
126 1
28 362
151 27
126 30
127 233
332 176
345 301
352 169
79 142
291 153
361 166
292 153
251 258
292 166
315 189
136 8
303 177
66 366
351 271
311 328
132 6
387 156
247 38
244 331
398 347
252 256
380 356
295 155
319 310
15 361
126 84
222 388
47 259
227 318
390 109
133 73
254 246
204 295
265 125
266 47
204 385
201 324
386 361
40 269
255 247
107 243
102 229
349 186
254 142
285 391
135 14
228 319
305 194
48 365
390 12
14 341
105 259
3 184
186 308
90 128
238 115
332 168
126 60
386 144
13 350
95 141
174 5
380 354
23 306
369 7
229 326
122 7
212 302
374 96
155 24
121 0
109 25
255 145
253 34
22 179
86 246
114 62
142 247
382 8
137 62
379 395
14 361
213 302
148 70
169 25
5 177
94 249
30 319
239 317
146 65
5 184
16 357
34 301
360 285
258 121
385 112
369 283
135 70
385 10
222 324
254 251
97 250
205 297
250 29
301 178
39 308
387 6
67 380
90 129
287 395
177 14
245 117
377 362
263 252
236 327
41 294
260 45
282 396
379 352
47 310
236 118
349 283
27 324
111 27
109 26
294 313
60 260
93 242
263 28
344 293
96 242
74 145
46 304
57 260
68 381
129 235
100 238
376 362
375 101
206 323
379 3
139 245
82 150
298 328
245 318
271 41
54 368
243 328
83 143
193 188
209 297
210 130
386 21
24 174
382 112
250 137
242 309
291 390
343 273
202 303
72 140
22 183
202 214
10 173
388 345
306 314
300 309
304 305
291 194
315 178
259 140
91 137
345 164
225 388
32 256
258 137
214 300
240 228
145 229
121 7
216 392
282 168
365 9
301 140
8 163
23 319
339 283
297 177
189 193
244 313
255 234
156 23
58 378
352 162
72 378
281 386
130 28
201 196
106 256
359 170
26 323
263 34
380 367
242 247
318 198
389 9
369 96
202 217
319 180
74 147
295 387
202 318
44 386
316 195
51 271
369 19
241 121
4 178
30 270
381 361
369 353
36 323
293 152
371 96
172 3
196 135
64 370
58 381
239 128
153 224
310 176
395 85
276 38
381 346
198 141
194 303
265 397
246 241
132 23
263 125
12 178
320 307
130 23
309 316
5 188
280 156
36 295
372 107
28 258
13 166
185 210
276 382
399 149
22 187
190 196
382 1
126 245
368 5
73 379
154 25
393 157
208 144
373 86
371 6
186 135
260 256
197 128
280 161
393 362
192 142
217 126
310 207
60 367
12 162
194 144
206 122
135 22
378 143
18 164
255 39
61 363
388 346
292 161
45 267
229 317
375 104
207 207
275 376
196 296
298 314
298 396
38 255
57 265
392 368
379 362
204 213
207 208
279 161
381 22
237 333
241 259
132 8
351 304
250 241
371 354
115 0
300 163
37 293
41 307
103 251
76 131
141 79
75 146
96 235
306 181
321 318
223 391
267 387
151 10
295 317
5 172
366 293
236 247
125 22
147 245
8 185
379 98
136 66
212 121
319 204
396 89
148 23
302 185
139 252
272 35
3 339
125 61
369 282
332 171
125 8
84 155
29 255
343 296
364 300
374 347
20 170
296 385
311 149
260 252
285 149
312 206
147 71
16 192
389 106
353 299
99 242
91 246
227 330
35 320
366 99
193 137
72 388
258 136
149 237
311 183
351 174
120 75
281 157
213 394
200 297
42 299
368 295
255 116
29 349
253 117
390 99
193 148
193 122
8 360
311 314
219 386
133 77
179 196
148 10
299 313
221 387
211 298
387 343
126 13
42 266
75 152
9 336
384 78
398 395
257 249
208 388
5 357
397 86
344 159
17 317
4 352
392 127
377 104
346 163
372 95
75 376
392 145
383 91
243 341
69 136
201 133
85 146
254 324
267 50
42 312
159 10
259 35
233 123
246 247
261 128
332 184
98 230
387 132
207 387
249 143
106 238
370 84
250 325
224 398
368 288
210 387
227 385
229 332
224 323
65 367
270 47
144 229
147 20
74 131
388 105
53 387
28 179
182 206
256 128
235 137
140 225
90 242
219 306
299 323
91 139
389 360
386 362
117 237
271 23
198 202
301 318
211 293
380 22
310 310
320 321
113 7
48 274
303 187
154 28
138 19
32 302
89 132
382 106
318 327
152 242
299 319
304 191
139 223
5 167
93 140
23 175
176 18
199 217
69 372
251 250
207 149
53 272
314 198
141 254
111 18
125 235
271 387
227 326
64 387
248 328
151 16
312 195
302 170
214 132
303 145
196 145
396 392
373 81
242 258
76 136
146 238
202 213
333 177
50 378
148 16
299 205
383 345
98 254
65 369
78 155
306 311
8 361
167 21
334 186
186 139
354 167
25 258
30 348
140 253
212 396
46 302
263 241
50 263
239 139
357 299
293 329
293 308
255 36
13 367
179 194
60 364
289 316
17 164
123 64
114 17
27 315
53 271
195 217
391 150
135 59
235 139
96 155
234 327
56 270
124 3
15 194
153 238
295 397
195 120
240 126
358 304
139 79
14 358
383 152
90 126
110 233
269 44
296 163
23 302
20 320
204 207
86 152
235 310
201 316
25 256
19 171
126 77
166 24
212 298
304 308
79 145
70 378
102 142
275 398
344 292
389 352
296 177
82 141
312 183
186 211
377 110
311 198
26 264
35 317
399 130
284 389
153 17
156 16
197 199
52 247
284 163
389 11
259 32
388 8
212 398
208 295
209 128
40 263
29 184
330 166
361 282
358 274
393 13
132 251
262 47
379 83
7 178
388 19
268 36
207 205
203 316
295 180
206 314
56 362
337 175
236 319
235 252
203 295
384 19
138 244
196 199
383 138
383 357
181 212
269 28
134 54
208 396
393 133
310 325
202 133
387 366
125 19
366 93
298 159
36 265
271 381
168 6
299 142
302 168
354 270
266 42
169 21
153 2
219 135
361 296
377 394
17 177
136 13
180 203
306 303
312 152
174 27
84 130
204 386
65 380
385 79
249 39
337 188
203 303
250 115
150 250
122 73
144 70
322 182
17 355
319 305
279 395
18 185
57 258
243 259
386 154
253 316
280 150
305 176
369 93
335 170
10 356
370 12
45 307
260 30
138 85
144 247
145 225
117 67
14 312
291 391
286 155
397 138
302 309
298 173
203 300
196 139
395 347
98 231
283 164
100 259
340 184
356 290
381 89
341 165
74 375
260 46
204 394
181 206
191 299
288 390
23 316
313 181
281 151
207 139
245 121
375 87
98 150
16 164
236 246
280 397
243 122
341 164
27 296
212 129
45 253
35 316
194 203
376 17
308 178
137 222
251 322
364 278
211 134
264 49
210 128
89 237
381 20
155 3
113 66
317 198
307 318
316 183
269 24
142 64
228 326
52 263
46 255
218 381
184 193
156 22
376 370
244 311
138 16
0 358
262 31
19 309
356 169
387 9
131 28
48 253
305 304
17 310
246 113
345 168
354 170
46 387
93 134
186 129
62 387
207 214
349 271
203 189
196 215
132 222
210 390
210 210
150 236
255 20
109 243
232 237
263 140
146 78
161 30
259 136
394 82
129 225
42 381
126 228
312 159
201 319
308 332
351 170
310 151
25 184
349 175
235 119
300 160
286 163
248 123
26 311
384 152
174 16
98 235
140 82
396 96
15 365
365 286
381 358
195 145
23 308
388 1
387 14
375 79
382 386
394 372
42 258
218 309
286 171
293 142
282 399
309 305
320 193
266 33
394 142
384 357
217 309
115 30
268 398
26 362
109 10
18 360
87 247
187 308
390 110
132 234
72 377
205 122
310 328
32 312
135 5
294 393
214 392
300 165
197 134
257 145
175 4
298 309
387 395
274 37
314 200
2 192
241 323
338 281
383 10
94 226
268 396
196 197
251 323
157 21
156 6
15 170
297 384
90 148
58 253
10 182
104 255
356 302
369 10
294 387
34 310
13 169
190 194
120 22
338 156
16 301
130 237
345 289
258 124
387 353
1 181
204 299
361 293
73 148
387 103
295 319
38 263
223 387
220 384
157 1
82 147
59 396
78 131
393 88
350 169
348 164
45 244
233 245
248 140
54 252
88 139
158 235
370 102
59 370
351 160
396 14
396 104
56 381
132 58
380 84
121 70
202 198
132 242
231 248
57 363
270 382
211 135
9 164
237 254
28 321
34 325
390 130
386 359
391 141
209 383
392 149
229 396
373 95
142 240
275 384
334 170
392 394
23 359
206 193
292 399
134 225
28 348
299 178
88 128
302 157
261 248
83 147
301 142
18 366
249 228
389 6
246 233
1 341
361 278
48 275
262 240
257 241
66 365
279 155
14 313
212 141
383 94
108 11
264 51
178 5
12 174
295 143
302 193
189 308
125 244
3 354
205 205
344 167
162 0
298 391
338 159
353 173
155 230
370 106
181 194
386 23
34 307
82 158
313 301
72 383
385 6
201 395
33 299
398 394
291 185
380 388
375 83
88 143
12 165
163 5
370 289
397 346
354 166
264 42
309 204
195 312
68 145
395 396
127 83
310 165
142 62
243 337
215 312
353 277
309 163
126 87
112 240
286 169
218 308
284 167
250 43
268 40
61 388
378 85
153 239
386 2
366 296
255 125
214 141
266 132
242 255
210 397
377 88
388 355
246 309
255 24
93 234
137 80
397 156
386 3
370 5
269 25
263 238
137 253
134 60
26 308
93 145
368 89
212 202
288 156
213 140
82 136
315 182
241 231
83 127
382 357
52 372
161 5
53 391
384 18
379 350
390 369
287 375
350 157
247 232
72 138
254 320
305 157
260 251
379 13
302 311
36 296
382 353
140 63
297 399
249 325
273 381
247 316
307 301
353 298
8 358
20 305
392 389
154 241
21 303
393 148
67 364
3 340
378 94
132 85
111 21
29 175
287 391
372 86
352 272
115 236
193 320
129 229
149 240
301 308
170 25
387 84
284 142
276 47
254 45
259 258
17 306
244 146
82 135
134 78
167 20
386 11
258 253
233 323
277 26
228 389
164 30
43 254
306 310
47 366
25 176
108 26
303 178
242 129
27 322
191 315
16 366
134 23
231 244
311 190
15 306
30 297
382 394
238 243
298 143
390 145
290 314
391 132
385 88
72 375
254 31
391 127
264 246
196 301
283 397
58 252
132 229
96 240
128 59
300 153
47 305
129 70
218 395
217 296
306 327
233 310
253 241
241 254
262 42
13 191
133 66
295 169
192 209
395 392
178 8
296 148
305 162
164 9
339 188
378 343
257 258
219 313
233 238
35 268
288 312
192 134
39 317
96 134
17 168
393 158
29 301
255 41
208 142
30 324
47 277
236 131
17 335
240 243
218 134
109 241
232 133
207 146
379 354
154 9
362 176
138 224
8 191
24 343
189 186
149 229
198 130
374 343
137 19
191 133
393 4
137 55
98 225
258 23
392 19
246 311
291 319
162 4
359 162
61 395
118 29
85 246
128 24
336 162
315 316
132 232
355 276
40 293
202 308
152 239
386 15
106 7
345 281
127 57
265 127
19 352
15 350
309 191
251 237
5 341
77 126
178 10
392 156
304 200
307 317
387 142
4 355
353 290
265 19
74 137
354 277
211 136
97 145
9 357
124 16
193 317
57 383
262 254
10 367
197 308
296 309
57 376
44 315
345 271
202 292
6 181
38 262
26 360
322 184
389 90
314 191
260 253
243 327
69 369
392 382
264 29
210 143
359 183
247 229
385 355
114 248
118 59
203 319
2 184
251 256
63 371
340 157
380 352
41 265
192 315
358 160
249 329
349 185
21 175
361 281
383 133
268 19
304 304
86 139
312 201
297 331
303 195
298 171
116 248
270 22
96 127
82 131
145 72
78 126
81 142
115 28
98 130
313 183
220 397
130 224
253 330
195 220
147 65
110 25
346 174
387 10
297 181
395 17
219 382
54 264
98 151
391 365
297 190
130 6
298 151
49 265
271 378
252 327
115 17
50 380
47 245
22 186
249 238
3 191
26 262
355 298
205 216
394 342
260 140
370 353
374 9
291 379
374 362
258 29
194 133
84 137
89 236
238 309
84 157
287 160
199 391
194 198
195 140
14 339
240 136
40 257
387 12
52 371
244 337
281 393
399 396
334 173
188 140
386 374
115 14
381 19
160 29
299 153
144 232
306 144
262 24
40 311
11 348
125 55
153 28
205 152
246 256
25 296
284 170
387 388
396 154
93 133
113 235
318 308
102 245
140 245
113 229
20 342
385 109
376 350
314 203
384 340
257 248
125 67
312 329
213 384
155 30
156 14
292 141
244 238
97 258
49 370
390 137
228 397
360 163
114 63
24 361
265 20
224 391
304 141
294 330
303 193
278 26
151 225
179 202
208 389
115 3
282 163
280 42
81 134
172 29
261 44
36 320
287 158
91 135
136 237
259 233
205 146
281 378
18 298
19 347
25 352
252 324
12 342
101 148
143 242
114 20
187 307
196 313
286 146
344 289
32 352
173 12
264 17
110 21
385 13
298 141
19 164
223 386
322 191
26 298
10 178
215 298
299 158
18 181
262 29
97 254
131 10
346 158
320 311
120 60
300 300
362 272
339 185
384 80
255 330
391 1
77 157
194 319
346 295
29 252
110 28
50 373
311 206
120 1
151 251
105 249
106 244
193 207
88 150
258 33
360 292
300 143
118 77
197 295
274 379
130 64
129 64
172 31
230 335
200 298
391 84
240 312
30 320
147 241
11 364
210 194
133 246
392 5
208 305
110 255
295 391
189 315
164 25
134 2
94 138
217 302
94 240
261 130
33 322
91 136
264 248
66 380
251 232
61 390
239 232
210 393
72 372
216 301
101 232
390 397
38 319
94 239
242 241
273 27
108 17
384 3
246 132
16 300
150 14
361 169
70 138
43 301
297 185
259 235
200 312
262 50
347 281
375 94
384 83
47 367
291 183
214 314
92 153
229 394
277 35
120 11
383 78
257 46
56 251
11 346
330 165
41 244
296 304
313 206
118 17
262 37
376 103
125 68
272 36
352 180
81 140
389 154
73 380
217 127
214 133
208 317
288 145
21 362
47 379
282 167
398 140
380 396
332 179
248 29
317 316
164 19
243 254
200 318
311 310
184 211
53 374
209 302
209 151
373 15
333 161
166 10
351 177
296 180
200 315
289 314
26 171
140 252
375 89
95 245
304 307
318 196
37 317
18 357
115 2
9 346
297 315
31 310
390 156
291 327
185 191
33 351
216 313
259 254
25 190
26 254
204 192
54 269
378 353
386 350
109 2
238 130
37 251
204 383
137 83
200 194
49 257
70 379
85 152
205 213
396 155
350 272
255 118
305 299
200 121
240 114
92 148
71 140
196 300
104 13
359 175
283 157
247 113
196 297
206 128
346 277
141 252
298 311
294 314
12 343
173 5
55 365
133 22
318 313
265 135
64 394
128 55
40 308
243 256
6 360
378 5
264 37
197 219
153 20
302 204
112 243
270 49
131 75
145 79
202 137
100 136
353 304
349 174
299 146
360 165
33 272
86 238
26 345
193 144
366 279
289 397
387 130
208 399
44 372
168 8
131 233
113 231
111 243
313 189
385 87
97 135
349 291
28 291
254 329
69 135
397 140
44 304
27 318
372 85
272 381
251 251
70 392
389 386
23 339
76 139
39 311
152 20
208 393
385 156
114 253
206 149
383 84
41 321
374 361
195 190
129 19
190 192
389 141
386 340
201 390
111 6
376 372
347 155
83 132
128 79
65 379
42 278
113 239
91 250
293 385
96 226
370 4
331 169
9 342
369 100
46 310
379 106
121 16
20 173
303 188
379 140
373 100
395 391
116 79
270 396
94 229
361 295
127 230
304 174
157 14
183 204
162 28
27 319
112 26
379 348
152 10
198 390
280 164
89 243
199 293
123 63
251 335
17 314
228 331
128 236
377 348
62 393
356 176
66 376
245 116
373 22
109 255
273 389
223 390
194 297
132 4
395 356
21 343
289 389
5 339
384 369
197 126
247 336
104 259
299 300
92 131
93 153
385 94
43 385
367 295
306 178
248 132
175 6
314 207
119 242
331 183
394 131
26 252
172 10
14 306
148 227
248 28
197 309
210 308
249 26
189 125
377 343
340 297
382 146
290 322
81 152
160 27
204 214
359 166
293 398
31 270
259 125
285 388
364 289
344 296
202 310
266 50
22 300
199 307
91 147
381 106
131 3
38 292
23 193
187 135
205 203
194 124
254 126
34 297
124 81
106 258
396 6
270 43
120 6
379 2
286 395
4 165
396 356
70 136
322 183
361 286
24 316
256 119
36 245
280 163
202 312
190 310
245 337
187 144
182 209
220 312
301 195
378 14
51 264
21 167
6 191
99 235
384 88
247 112
397 139
372 15
253 253
42 253
187 131
154 10
83 144
373 11
125 57
113 5
391 348
22 176
54 367
198 395
380 17
293 314
115 74
166 12
195 130
335 159
44 370
339 176
87 242
396 103
216 394
192 187
389 80
313 324
388 140
158 2
255 114
48 264
316 308
277 382
391 4
200 314
193 316
239 229
366 91
265 128
252 117
272 384
118 31
199 142
200 293
319 315
283 156
199 186
67 365
59 387
207 193
133 224
263 41
296 318
368 282
179 8
212 138
262 238
233 317
207 143
254 116
108 253
248 318
189 306
385 394
212 148
181 213
395 6
18 316
385 346
295 327
159 15
389 83
6 336
343 283
17 303
32 323
126 59
385 399
49 392
160 3
293 149
89 248
14 334
297 307
136 14
160 28
212 123
21 306
217 316
260 126
388 344
221 304
292 198
66 363
37 268
91 129
63 363
14 363
158 13
192 122
125 84
237 330
275 25
209 149
208 310
105 244
248 330
131 235
154 16
216 129
134 9
309 150
202 150
165 6
237 336
274 35
46 316
372 84
272 380
240 258
29 340
305 312
18 348
374 369
280 391
33 298
315 311
192 302
63 393
235 327
244 323
246 237
142 72
197 323
375 349
247 240
119 23
46 391
376 20
15 171
262 17
245 124
85 244
253 245
226 325
11 195
270 383
22 354
344 162
24 351
110 5
129 0
298 154
263 124
211 384
397 14
348 173
391 346
301 183
298 158
43 246
87 132
55 369
19 295
374 371
157 30
162 10
383 100
217 311
370 15
50 390
24 182
254 255
175 10
279 159
230 389
121 65
258 142
137 242
213 127
394 101
231 129
371 5
180 16
369 102
306 169
393 82
167 33
190 309
92 255
4 179
11 341
345 295
223 326
251 133
205 191
38 271
36 321
31 315
249 120
28 307
21 183
152 227
290 383
189 209
300 316
345 286
238 128
299 161
277 395
199 150
264 50
239 122
250 122
250 315
204 320
158 30
182 201
366 298
392 360
283 387
86 138
118 70
295 382
293 193
134 15
18 195
70 141
368 15
292 380
269 22
43 276
311 307
398 398
28 354
135 227
393 360
50 262
397 157
255 33
181 210
164 5
282 395
383 353
204 315
294 153
300 162
140 223
302 159
166 20
42 277
378 2
26 190
359 273
44 313
356 284
248 237
123 76
104 227
253 131
301 314
45 252
123 28
148 20
393 100
46 277
276 25
322 187
246 251
94 230
144 248
148 22
392 138
4 182
47 313
85 241
138 86
160 10
143 246
25 365
218 384
178 206
98 240
394 106
39 277
259 47
199 399
263 251
240 329
256 254
374 10
343 181
110 16
171 29
393 107
72 143
200 309
197 313
384 145
24 184
218 139
233 325
308 194
140 64
293 391
394 97
345 162
334 166
124 71
122 16
240 341
191 298
380 3
210 197
249 31
5 175
127 10
395 389
39 274
24 366
145 253
371 106
38 320
348 292
373 10
369 350
113 72
206 316
388 136
295 310
295 389
121 63
125 232
310 326
35 295
136 246
353 275
264 47
16 171
331 172
246 121
360 178
393 142
348 156
394 394
17 185
237 245
202 324
101 257
31 359
163 0
398 145
338 288
68 370
370 94
70 387
377 83
396 106
144 221
19 314
234 131
331 165
234 233
192 313
187 198
269 385
7 361
54 377
241 235
313 191
298 165
43 272
21 182
198 139
208 320
18 317
289 394
130 230
293 306
121 69
139 63
83 135
395 158
340 174
300 161
51 246
211 392
138 80
27 291
199 292
297 156
343 175
293 378
233 128
130 88
264 35
0 167
215 295
138 231
100 229
126 83
350 283
137 65
62 391
29 355
17 178
268 25
387 389
178 19
372 106
160 17
57 387
43 381
213 124
84 127
116 4
83 150
180 211
386 8
390 108
323 195
246 142
291 146
247 143
312 157
203 321
319 323
12 340
183 200
297 394
200 320
255 325
282 394
298 157
118 239
123 13
294 157
221 312
70 150
144 253
36 319
206 150
215 305
150 10
137 235
234 325
288 158
265 32
19 367
202 193
395 382
1 193
313 185
42 255
234 310
208 309
374 104
368 293
149 226
259 138
167 18
299 166
208 304
258 119
258 141
206 215
130 243
350 277
208 291
36 315
337 161
242 234
260 118
215 321
54 366
29 341
391 102
338 294
153 248
117 21
248 116
368 285
137 17
301 200
155 236
101 259
0 353
374 16
68 393
158 232
95 252
162 19
136 58
127 246
375 357
213 135
322 190
209 192
270 21
313 306
291 385
95 135
299 141
384 149
249 332
249 135
313 323
159 12
373 16
18 344
316 180
204 309
303 183
69 385
254 44
203 313
273 393
291 389
211 315
32 300
287 378
245 245
192 195
348 275
188 212
297 152
380 15
267 384
389 358
312 326
124 58
286 149
294 199
345 300
136 247
253 39
251 139
248 246
150 241
136 68
223 382
12 187
226 328
229 399
391 352
249 314
56 269
127 70
302 316
292 160
28 263
394 1
145 244
309 178
274 29
15 364
392 143
305 321
307 169
39 259
38 295
35 251
269 399
315 320
18
