30
9000
20
243 12
85 373
18 238
138 303
205 326
75 286
355 368
330 140
34 60
95 65
360 315
127 101
385 152
183 285
186 40
252 352
281 293
362 84
100 241
286 108
217 206
316 69
166 336
73 206
295 397
4 394
156 135
57 101
128 202
271 249
122 193
86 364
394 166
347 373
347 319
280 106
277 109
331 135
226 195
279 394
311 79
194 30
330 137
348 97
370 101
311 64
353 317
328 54
363 326
177 270
86 295
85 58
379 141
83 251
37 59
173 50
190 26
210 199
257 359
364 374
300 297
5 390
101 65
196 284
112 70
165 137
344 318
12 222
253 337
15 58
152 295
29 69
380 163
227 9
71 293
362 89
117 84
272 263
62 97
155 120
370 372
168 320
283 233
183 326
108 68
181 35
355 371
175 50
117 245
101 238
282 106
188 21
230 12
47 108
5 237
366 381
265 288
300 293
68 287
337 366
376 159
82 202
62 191
224 7
169 33
89 286
199 326
10 376
124 184
340 135
195 282
320 149
174 347
56 113
127 91
132 300
289 93
87 195
84 369
329 69
304 383
39 60
141 289
19 238
194 276
146 336
53 112
51 114
165 143
201 317
272 305
321 50
182 274
0 233
356 326
117 194
176 347
318 78
49 93
191 294
279 288
135 83
325 159
45 48
102 66
167 343
3 388
310 53
144 140
167 319
342 379
202 287
251 10
41 94
252 254
93 369
190 320
109 224
57 98
391 156
93 282
267 250
172 341
145 290
163 333
84 74
121 189
373 302
290 112
229 217
171 320
190 285
378 320
74 96
58 213
357 381
14 378
23 254
333 152
127 303
267 230
286 88
320 88
107 245
338 360
211 197
284 292
144 297
142 102
9 389
340 364
280 396
169 47
225 193
70 110
83 243
124 202
186 266
333 122
111 110
68 200
188 33
13 248
180 332
70 116
76 379
204 321
199 209
191 312
290 90
77 218
205 196
276 243
103 238
349 95
224 322
377 137
278 91
276 102
146 98
132 301
176 31
174 136
315 62
68 289
275 283
268 300
347 141
128 301
346 357
121 217
333 131
31 238
143 201
291 288
84 377
0 378
241 339
206 212
87 294
140 208
259 263
172 41
271 259
312 143
35 47
363 356
120 114
148 118
65 109
378 148
87 63
350 350
349 302
375 328
130 100
154 291
228 2
82 239
110 203
30 228
222 194
157 298
10 221
372 324
212 219
104 66
149 295
127 184
102 223
302 386
7 394
84 80
41 55
347 75
150 139
360 369
22 73
108 73
11 248
143 134
9 248
240 27
132 296
84 370
276 304
282 236
279 243
365 309
301 74
67 273
167 325
29 61
397 144
184 281
286 285
203 196
351 352
96 359
280 96
199 282
348 76
130 88
358 78
87 365
157 117
81 195
121 88
87 242
77 195
56 210
13 394
16 388
293 110
320 142
163 353
126 295
285 277
121 302
343 82
167 274
178 57
99 370
143 136
254 14
284 255
377 82
176 48
46 112
139 112
229 18
145 311
158 354
266 295
93 291
154 333
285 258
10 380
197 40
286 294
168 131
208 217
118 93
58 99
120 210
313 133
370 365
188 276
87 207
377 158
110 105
98 62
351 381
164 338
360 78
265 248
190 329
11 241
137 300
88 296
174 274
122 118
349 74
45 47
210 216
365 376
105 81
88 205
352 93
335 139
145 199
10 377
297 120
365 355
291 394
370 359
352 68
215 323
351 92
131 88
254 241
180 279
79 371
165 144
246 30
335 149
17 50
357 91
284 100
307 65
21 396
182 325
0 385
317 74
141 108
390 137
275 284
352 302
161 341
175 29
353 375
187 24
75 288
305 381
42 77
385 151
357 94
294 288
64 90
244 344
151 337
197 329
364 331
129 292
316 70
386 159
122 219
20 244
341 128
274 247
185 341
82 201
240 352
177 348
300 291
277 289
275 305
151 345
327 145
281 307
175 322
270 255
6 384
394 148
125 192
289 387
190 328
43 57
366 368
106 247
197 321
23 238
312 69
64 285
131 289
341 135
218 311
243 345
246 361
66 90
278 237
96 388
339 148
60 102
35 246
386 152
355 67
364 381
259 258
192 324
295 387
364 90
315 78
82 218
46 69
73 107
289 309
166 328
305 71
185 275
90 387
111 192
342 152
265 282
122 82
371 94
354 310
87 235
193 57
197 34
189 31
226 223
55 96
266 240
153 337
292 127
387 159
284 241
23 399
323 125
148 328
64 300
179 276
285 106
122 315
322 50
355 381
186 24
17 240
84 197
378 313
267 254
220 339
125 95
53 103
162 327
178 327
357 355
171 287
181 30
356 102
304 113
2 388
100 376
32 78
260 342
178 275
90 201
10 250
371 330
164 324
85 281
167 142
36 63
349 307
125 108
255 19
109 236
54 120
23 251
354 93
320 81
165 350
174 40
241 345
278 251
265 305
382 154
97 383
71 302
154 138
368 308
285 286
321 130
150 329
298 121
206 344
341 362
295 116
198 45
199 33
83 61
90 199
164 317
375 87
175 326
106 64
378 317
256 260
83 247
359 353
218 218
47 57
335 130
178 34
124 220
164 330
316 130
191 268
71 295
114 240
85 59
6 253
397 164
315 52
292 98
141 137
367 69
148 287
375 85
58 215
42 96
115 86
116 230
298 302
178 38
350 75
310 395
230 198
267 247
175 285
252 332
174 143
70 378
121 112
69 220
339 362
129 110
20 397
90 73
68 282
91 251
188 50
227 15
326 74
166 352
111 194
116 85
162 337
253 361
245 367
135 100
166 146
73 376
148 330
87 357
260 334
93 76
81 196
48 56
217 325
31 44
233 215
304 72
27 241
77 66
207 194
304 384
24 71
47 113
273 310
268 292
166 342
137 294
309 60
334 135
267 364
299 301
272 292
103 51
65 285
152 330
349 99
192 325
365 74
112 249
77 283
90 82
67 274
246 358
252 248
262 262
126 202
40 77
110 198
70 368
196 281
96 77
231 1
353 80
112 67
372 320
142 191
75 268
145 96
186 21
146 291
144 318
379 315
100 61
396 158
284 253
377 150
208 338
303 398
244 16
357 84
92 255
67 206
56 203
339 157
331 81
93 232
361 93
137 311
60 95
275 276
287 106
321 146
188 274
240 336
186 38
244 15
351 359
373 325
65 287
110 249
338 146
358 65
377 146
168 150
354 314
272 107
80 192
270 120
149 315
106 246
360 87
51 86
86 66
66 214
69 361
262 264
20 396
8 390
187 27
278 125
277 122
20 253
144 212
107 51
84 290
153 134
194 330
272 120
277 301
132 102
109 55
280 394
22 225
289 111
267 340
247 366
289 284
344 85
181 278
79 223
141 299
1 377
198 342
77 285
329 142
376 97
250 27
257 366
79 385
146 300
62 107
348 84
167 328
180 43
324 52
167 335
283 391
66 203
291 295
363 325
61 92
183 296
138 139
165 333
194 273
236 351
378 322
143 309
162 142
277 297
31 68
382 151
50 111
294 126
152 138
181 269
172 298
287 306
194 28
53 64
301 396
101 260
16 243
172 318
157 131
208 193
142 291
104 248
277 274
216 333
57 278
121 295
270 354
70 275
303 58
84 269
283 251
323 87
116 231
350 304
95 248
287 124
198 292
44 114
111 68
357 313
326 128
254 361
358 355
6 231
2 387
374 160
68 208
124 102
262 9
235 12
360 80
40 49
89 242
2 389
196 324
253 352
287 244
76 69
51 107
386 148
327 125
24 56
191 50
162 330
373 374
380 89
225 194
278 107
96 56
83 271
63 92
282 297
381 152
202 197
212 209
114 112
355 366
167 141
282 309
177 26
197 297
225 205
290 280
317 141
362 385
330 157
106 49
42 44
341 145
63 94
16 232
359 321
217 317
267 106
30 234
173 47
103 81
200 307
347 310
332 77
151 139
20 255
84 199
102 231
49 69
123 303
39 94
327 57
74 271
16 248
214 196
22 68
247 369
286 279
323 67
117 113
257 13
27 47
50 100
49 110
287 294
263 356
293 103
31 47
355 322
6 227
211 325
134 92
323 151
213 215
170 35
130 317
327 122
282 395
332 122
98 253
348 358
342 376
346 319
178 31
21 64
364 103
147 290
165 142
169 131
381 168
206 215
200 216
174 50
264 349
83 66
172 284
115 250
352 85
128 89
39 79
342 138
83 362
262 257
114 104
85 296
202 49
270 246
92 53
366 370
286 288
252 10
75 293
329 140
394 157
206 221
143 293
287 260
37 46
66 294
341 130
34 231
295 94
88 227
315 153
268 344
50 106
222 208
112 105
70 220
306 79
267 284
83 238
91 364
313 74
347 300
21 242
91 72
190 23
93 235
191 296
173 335
68 377
180 273
204 38
127 108
125 90
374 308
102 242
125 196
34 68
92 365
183 291
287 115
81 391
229 200
308 390
348 327
261 355
337 135
4 233
56 109
103 371
262 299
244 363
131 299
8 250
101 253
333 128
78 57
18 234
397 154
345 325
350 90
26 68
151 154
207 321
82 374
70 279
277 254
81 76
93 242
265 287
136 109
93 292
205 325
294 114
176 338
277 311
124 108
20 221
126 112
391 155
96 67
117 232
285 241
123 194
278 259
23 71
301 96
58 198
303 385
69 371
155 135
84 289
152 301
343 143
307 388
256 333
138 131
177 57
80 224
220 198
103 237
261 18
345 134
63 213
100 374
144 311
335 150
398 163
333 78
295 111
317 62
355 334
107 65
86 278
204 340
383 156
157 134
28 77
144 95
391 154
238 343
71 215
298 383
385 144
293 94
337 124
279 306
215 224
96 60
85 288
357 364
388 146
143 137
234 351
200 44
328 80
189 274
324 68
158 339
68 281
351 332
201 200
181 290
92 69
288 280
92 378
368 162
100 226
296 294
18 72
211 326
14 238
298 384
49 101
137 320
198 277
348 78
288 107
276 310
179 297
374 374
190 275
237 358
147 289
356 306
279 278
66 85
230 192
74 292
396 165
179 30
231 192
344 130
350 99
30 47
269 250
346 381
129 290
351 363
124 110
207 203
275 250
301 97
365 360
140 307
120 198
189 273
288 125
5 375
19 383
87 196
217 224
198 28
302 78
368 142
277 283
87 300
90 283
73 288
97 247
119 104
121 308
87 230
83 55
155 133
119 214
121 91
294 113
29 248
366 68
352 315
40 104
395 164
329 84
128 307
236 12
316 81
148 316
149 345
95 286
21 392
270 235
325 155
246 24
143 121
157 297
399 147
72 282
386 167
87 392
10 227
278 233
346 379
83 295
115 232
356 353
387 168
249 370
321 147
283 301
309 51
290 125
204 341
349 134
33 243
59 103
393 155
65 194
129 218
346 314
68 116
218 329
93 229
205 320
169 141
203 214
288 98
243 366
90 246
115 210
354 364
381 85
158 117
155 130
136 85
165 319
135 205
322 142
175 42
280 113
283 287
371 144
78 73
71 109
372 319
91 231
83 275
230 13
124 293
360 90
241 25
113 98
227 219
137 315
214 212
132 320
275 122
69 101
90 275
306 386
324 155
197 28
30 59
355 80
373 86
30 55
69 104
344 357
315 151
190 293
226 16
39 101
338 364
210 317
143 127
156 338
8 389
361 311
221 215
87 288
56 119
196 288
139 142
315 82
153 121
366 375
309 85
117 196
241 344
138 101
218 192
172 271
58 294
96 358
79 297
86 61
269 247
225 18
327 132
352 353
272 256
135 103
122 84
359 360
80 383
130 108
254 254
90 279
262 249
317 151
192 277
324 60
177 277
177 301
170 298
358 80
16 255
29 229
364 375
172 323
277 255
286 280
28 235
8 221
371 159
347 85
134 198
208 313
244 343
351 82
104 247
7 253
365 311
204 206
334 69
265 296
288 297
361 380
319 50
274 108
63 95
327 80
11 227
12 394
69 116
40 44
92 66
205 46
398 165
66 275
65 290
132 209
82 357
215 338
107 244
152 349
161 135
349 386
59 92
277 101
156 330
284 308
296 93
167 332
346 137
379 92
370 152
366 332
363 321
173 275
41 76
139 113
340 128
361 351
13 389
344 142
116 91
161 319
8 375
145 193
7 378
92 282
122 216
141 291
102 81
368 154
363 316
174 327
282 98
295 93
264 283
323 75
48 101
351 324
199 337
92 254
274 104
279 283
311 394
4 251
87 383
214 335
265 339
144 127
156 311
9 250
78 364
356 355
86 371
46 107
233 15
249 0
2 249
9 377
251 340
171 33
285 301
79 58
16 228
67 217
277 279
144 204
146 136
170 32
211 330
71 202
274 107
131 204
198 35
292 120
223 197
35 59
116 240
277 93
268 291
43 62
28 47
43 72
89 379
168 351
339 377
117 243
268 261
294 384
374 75
22 69
177 297
126 318
88 69
91 380
82 274
208 206
182 296
347 368
286 252
286 243
327 65
9 228
138 300
256 15
64 213
196 49
126 94
241 6
249 353
347 322
331 149
177 53
362 325
100 80
70 98
228 0
199 314
175 347
373 147
89 280
266 265
357 324
114 209
204 42
26 70
80 69
143 99
34 245
286 388
114 86
291 97
246 12
399 154
231 23
248 336
163 326
80 299
223 189
370 91
24 60
339 139
21 254
175 275
310 88
264 365
339 371
260 363
195 271
396 167
313 64
254 1
256 237
253 350
260 354
95 69
188 43
124 299
279 251
128 98
369 366
116 208
389 155
170 348
313 136
365 299
339 356
213 334
351 83
264 234
297 113
167 132
103 224
27 65
170 293
41 65
132 212
125 92
118 111
276 398
144 306
376 149
181 289
59 295
278 123
120 203
73 375
147 122
61 272
138 302
282 398
79 362
317 127
301 398
167 275
225 7
288 275
230 214
360 102
77 192
219 200
185 342
236 347
25 65
15 248
11 232
9 390
67 190
55 120
171 139
320 66
284 390
72 291
378 147
175 46
217 331
196 41
301 392
282 242
302 104
32 50
209 344
235 203
252 358
62 294
296 381
55 110
140 290
269 346
27 42
329 122
343 315
310 74
138 290
362 77
1 389
217 327
349 72
230 203
123 311
178 322
297 105
298 381
295 302
352 76
390 170
211 336
348 320
13 237
281 388
296 99
212 212
334 155
160 120
265 267
201 339
192 273
369 97
297 104
247 26
259 339
118 234
371 143
122 214
263 260
50 65
343 379
144 102
88 73
77 221
70 292
288 386
211 208
287 399
137 104
77 382
332 59
194 277
175 271
368 70
190 333
100 55
30 79
367 354
101 258
64 278
63 88
9 244
94 246
171 327
337 146
94 75
64 199
258 244
189 281
124 213
91 362
21 71
372 140
360 361
83 54
77 282
24 53
336 138
287 121
299 290
308 57
339 374
235 358
91 277
206 203
256 20
377 151
279 126
101 237
356 298
399 141
140 142
150 126
117 198
290 295
87 243
48 53
265 249
122 103
332 133
139 218
122 94
106 245
267 356
100 59
368 331
265 257
118 196
80 216
57 214
166 140
262 261
51 52
275 274
320 143
227 21
104 230
312 392
187 297
153 120
251 339
134 303
211 342
308 87
143 89
32 239
248 30
366 303
189 293
158 118
86 81
378 93
79 303
62 95
256 24
252 0
318 61
195 34
352 80
198 293
126 301
73 370
152 141
190 302
276 267
199 329
292 393
169 340
279 275
30 250
277 102
232 204
272 102
270 295
31 55
355 326
224 195
244 345
362 357
362 302
200 317
103 60
375 137
92 387
217 221
257 261
321 73
215 316
112 214
184 299
201 323
350 307
290 96
271 353
107 72
155 338
294 386
68 301
288 105
40 103
110 97
96 50
195 291
70 102
275 111
54 113
2 379
328 145
200 323
141 95
113 209
64 297
352 88
114 229
147 139
83 214
294 305
203 345
342 361
220 215
58 293
301 100
104 74
373 309
136 219
170 143
200 198
34 54
290 380
196 290
84 302
329 76
85 381
76 70
322 53
175 274
260 243
265 298
179 290
305 103
333 142
61 210
171 293
388 134
361 362
384 136
71 303
335 129
225 213
320 137
66 276
312 141
11 396
139 315
135 284
201 332
259 236
94 228
168 272
392 150
75 384
162 145
127 210
43 54
382 148
259 257
346 305
87 232
316 146
281 300
357 332
345 138
75 107
116 109
200 293
233 4
323 154
353 328
191 279
8 224
26 222
113 236
173 133
95 77
93 255
366 377
202 39
324 131
213 335
192 43
393 139
227 211
172 46
112 114
38 67
197 318
367 372
281 240
277 103
104 373
208 332
103 366
232 218
192 26
192 270
45 102
124 305
287 107
24 72
364 323
290 110
160 134
72 108
112 253
135 201
272 296
168 45
243 11
350 362
358 308
178 56
283 105
36 70
71 94
284 304
42 108
254 352
128 182
101 225
215 219
84 213
270 289
264 301
301 393
238 346
35 63
286 91
218 325
257 351
143 322
211 218
99 243
84 238
290 276
73 362
90 77
94 253
143 100
198 325
57 290
2 248
336 126
189 25
353 369
105 254
131 314
269 350
353 381
281 244
114 192
280 287
117 237
217 323
352 349
99 64
331 67
272 244
70 373
126 199
129 221
253 17
223 191
155 116
8 226
374 90
87 240
243 5
234 11
81 274
124 315
222 207
290 102
190 27
111 208
160 346
364 332
315 72
293 296
109 105
141 212
68 370
82 386
270 104
96 255
154 352
202 281
12 399
169 297
12 387
88 209
197 328
367 370
173 30
84 229
153 329
93 286
132 197
276 397
196 293
53 62
60 284
90 56
194 35
135 292
372 331
365 79
265 281
295 283
176 50
26 55
197 36
79 270
111 66
213 327
93 388
335 64
64 302
268 362
171 347
174 272
84 300
72 286
172 321
168 120
143 284
321 155
316 58
153 332
191 21
313 70
368 329
192 41
395 146
16 241
361 369
147 128
95 243
286 95
339 373
279 399
123 89
371 369
59 209
261 356
37 52
245 9
200 339
202 286
57 85
256 256
291 380
375 75
173 43
132 287
87 61
60 82
104 82
99 387
73 358
217 316
259 346
12 244
297 283
131 94
254 243
202 34
245 339
229 190
60 287
160 118
342 378
100 77
385 148
96 69
216 197
98 387
208 216
85 362
362 83
72 208
363 103
341 314
274 248
245 360
171 29
359 72
42 70
302 55
296 122
294 97
92 375
74 201
256 8
61 203
319 128
392 159
287 250
28 234
376 162
182 345
132 119
59 276
99 239
85 79
371 363
87 237
90 206
139 195
367 365
366 85
303 102
388 142
253 355
175 300
127 289
356 71
29 56
328 121
198 313
234 26
128 218
211 224
257 239
288 291
47 56
173 46
214 197
361 308
261 341
328 143
85 389
286 103
85 192
46 111
71 189
147 201
267 360
15 255
157 150
104 52
143 290
29 74
312 54
321 56
72 268
30 42
223 190
95 227
72 196
252 360
122 213
86 254
374 144
273 234
103 375
369 378
19 386
349 96
80 280
273 278
398 149
377 76
396 139
85 354
395 139
33 56
113 212
359 307
209 324
218 194
113 200
83 293
368 72
291 391
98 76
259 354
365 316
133 191
65 302
96 371
7 381
368 76
44 97
89 389
112 64
133 293
61 294
21 58
62 290
258 4
75 194
151 123
162 341
125 212
131 82
359 299
116 243
154 345
151 296
121 297
84 247
53 94
399 161
69 224
110 102
90 280
301 380
329 130
76 221
258 248
113 111
57 82
111 257
287 275
160 322
58 117
272 116
331 153
280 293
118 243
64 194
44 102
345 87
293 111
88 373
90 290
134 191
35 230
291 305
165 328
76 385
289 103
9 391
46 94
190 315
290 392
280 100
70 296
36 77
290 289
54 114
30 244
139 87
254 18
166 122
303 399
113 226
345 146
133 218
182 24
167 339
376 311
157 328
143 102
276 244
222 334
340 368
117 240
56 205
58 83
111 202
267 114
60 220
367 353
71 277
373 78
99 250
157 320
348 383
344 87
156 298
67 374
131 218
127 195
278 388
166 325
122 296
379 150
321 124
312 74
86 302
72 305
369 159
325 56
209 331
240 3
310 394
346 78
131 221
348 357
235 344
118 98
268 107
187 323
12 382
89 230
127 317
388 162
343 146
93 226
365 363
82 245
265 358
164 121
322 145
96 236
352 101
251 24
113 256
19 51
230 212
308 75
92 70
193 39
139 207
178 325
15 65
15 56
359 78
163 126
194 33
17 395
149 152
199 294
284 119
131 189
182 270
295 96
147 293
77 220
81 53
357 81
10 223
309 64
135 307
220 221
2 386
316 131
177 31
24 46
64 287
168 337
104 231
368 103
345 324
166 285
90 285
324 147
271 257
365 68
185 58
333 150
279 258
364 306
157 336
83 364
293 308
62 92
82 56
18 386
26 254
87 274
204 47
310 391
360 357
221 334
26 72
100 249
71 387
198 286
298 106
63 291
377 136
105 243
289 292
40 65
202 202
281 384
332 124
262 340
247 4
71 378
182 340
184 331
83 197
96 64
75 279
152 152
206 338
185 22
33 77
263 266
163 137
74 372
331 69
13 384
163 334
359 373
89 210
314 74
138 284
22 398
123 195
376 320
93 364
306 78
106 241
398 146
348 379
32 62
132 92
28 73
234 8
251 362
396 155
358 93
225 216
255 261
179 344
35 56
36 49
59 117
32 68
121 86
175 289
132 109
104 50
349 361
33 241
73 194
282 109
250 352
390 144
263 357
142 90
348 356
178 284
173 33
320 63
276 260
171 354
25 45
245 13
81 298
116 210
127 86
21 56
63 93
188 39
101 250
226 219
254 242
323 130
122 211
321 128
172 130
271 246
262 293
212 322
118 103
98 52
241 336
324 87
96 370
134 196
171 53
366 320
324 66
95 259
318 70
287 120
31 77
98 229
176 345
71 283
257 355
113 239
112 256
225 223
205 321
277 106
281 290
313 72
282 127
167 281
165 290
230 16
39 59
60 200
65 298
273 257
155 332
172 296
227 17
379 170
316 66
108 245
263 236
18 58
173 273
196 43
124 186
36 62
112 192
171 49
90 78
17 234
164 134
94 232
21 238
364 358
64 91
68 217
352 81
169 325
320 60
159 349
242 365
286 102
108 251
63 271
111 240
299 106
105 230
283 286
170 351
289 287
40 109
136 105
210 333
73 282
179 34
287 90
312 145
271 350
114 67
82 205
181 49
321 134
205 215
245 344
64 98
89 291
375 165
137 314
320 127
108 74
148 139
373 360
75 358
254 19
353 323
315 77
89 229
350 376
22 62
148 338
267 299
216 321
40 93
195 46
25 68
189 328
354 73
180 297
90 257
125 289
159 345
320 62
229 22
96 52
87 368
123 185
152 336
367 68
205 206
291 114
209 192
136 201
15 60
139 317
96 249
283 393
82 240
300 70
68 293
273 261
166 291
318 150
68 216
270 293
179 292
136 289
102 248
63 222
55 97
112 236
310 54
256 344
89 275
50 62
177 25
299 108
37 237
39 70
179 338
240 22
119 304
129 188
294 91
305 62
76 218
113 71
255 343
338 147
168 285
176 324
249 30
314 64
66 199
62 272
129 83
185 24
61 113
146 138
171 123
78 193
249 3
198 297
329 55
124 109
230 193
301 80
159 332
349 82
315 146
310 60
90 284
101 254
6 254
57 92
86 245
301 102
119 209
256 22
276 119
130 295
291 126
369 299
332 147
221 314
69 195
29 49
180 47
147 203
78 391
293 118
73 292
260 5
304 116
256 250
207 326
190 274
328 150
354 307
301 72
130 305
175 290
16 378
311 391
107 238
215 330
226 220
67 187
200 329
341 142
213 187
274 301
319 145
206 206
186 26
289 382
48 72
394 162
112 68
122 98
263 360
52 59
63 204
385 170
145 137
75 193
200 322
257 345
45 67
12 396
278 126
44 109
353 301
318 80
379 77
79 203
236 205
83 370
304 101
150 333
71 187
129 306
369 76
129 116
207 307
318 145
300 114
85 211
288 311
8 225
288 296
268 100
373 310
109 207
327 136
84 75
361 298
183 274
347 308
19 69
371 308
170 319
243 6
200 31
214 329
247 357
305 390
172 124
123 297
138 190
64 101
360 350
130 294
67 91
392 153
301 67
127 299
242 24
64 273
194 327
327 85
175 301
2 228
126 82
260 370
311 83
268 241
355 352
338 145
64 301
39 42
125 203
136 194
283 241
84 222
362 104
130 105
53 108
229 193
81 207
139 214
62 293
158 135
220 327
84 385
276 104
352 311
159 324
186 284
254 335
229 199
259 3
359 319
296 395
219 190
103 52
218 319
57 84
266 267
145 305
2 246
97 82
47 52
108 230
65 106
165 349
347 370
6 248
170 323
218 214
318 59
197 283
105 64
32 224
138 194
174 30
126 104
197 24
25 222
111 197
242 342
81 200
231 28
186 299
208 309
267 344
304 75
203 218
55 213
237 15
130 292
109 256
259 233
88 80
232 196
74 101
108 95
262 18
60 194
270 98
121 194
170 149
232 212
160 354
100 257
63 97
90 215
87 359
166 349
198 52
71 206
293 280
16 64
59 91
112 96
80 73
46 47
54 86
283 397
86 231
215 207
208 311
22 386
127 203
71 97
134 307
27 243
278 236
359 99
68 369
110 62
118 104
222 318
97 389
365 75
144 103
10 399
172 33
136 315
65 217
101 241
45 86
74 373
344 324
301 378
356 101
341 358
279 385
265 340
291 285
120 220
202 48
359 317
235 351
255 354
138 135
301 71
30 60
329 156
82 204
368 96
277 392
258 347
73 210
179 42
7 377
58 279
23 50
379 151
204 221
78 75
287 384
58 82
172 36
92 68
112 234
257 5
109 77
248 363
72 300
186 274
87 282
133 296
278 94
179 38
22 63
86 227
285 280
86 52
69 107
251 343
364 354
304 69
84 382
93 284
9 226
86 57
112 74
75 201
316 82
318 128
363 301
360 88
59 288
248 361
388 140
181 41
346 148
80 193
323 82
269 115
205 207
84 205
271 346
171 126
216 200
348 378
281 236
382 142
62 208
97 64
278 291
112 239
98 51
306 75
289 109
290 389
102 57
382 156
273 112
344 359
360 81
336 137
352 83
273 96
280 305
137 214
70 370
293 125
64 87
71 88
221 223
120 197
355 384
111 253
83 75
95 369
244 12
191 40
359 94
138 321
63 297
68 292
193 53
58 110
274 303
177 351
393 169
138 219
264 258
362 304
398 157
71 108
84 212
327 55
367 303
51 55
359 382
1 399
344 88
352 371
259 343
267 347
158 129
209 311
233 19
261 246
364 371
366 382
105 71
89 239
106 236
369 355
99 375
51 108
174 280
326 136
142 198
205 338
98 240
19 50
195 335
221 315
49 86
107 78
115 214
387 163
363 322
187 275
252 347
327 69
315 138
349 305
75 301
201 291
363 328
87 201
113 59
137 209
44 95
317 70
109 258
70 301
80 71
282 122
126 198
115 117
284 256
353 329
193 338
296 284
92 225
365 370
370 162
274 266
320 72
196 310
100 365
145 207
145 149
82 51
230 5
75 65
151 325
68 269
15 234
71 300
376 160
144 124
294 96
277 296
123 217
69 98
183 57
283 298
258 262
171 334
142 297
200 276
210 320
115 198
213 199
287 304
18 49
289 244
126 304
288 94
93 54
77 383
61 209
17 244
211 316
239 30
119 241
265 247
131 93
110 245
95 236
197 44
210 210
338 151
146 205
76 106
313 78
360 325
49 117
200 210
209 221
237 11
293 394
271 258
27 68
18 391
176 280
40 97
300 118
120 304
152 134
262 362
342 146
90 383
69 89
188 297
74 282
162 124
161 336
343 367
158 128
65 204
297 291
19 228
6 225
120 213
156 152
365 314
123 295
182 285
319 59
214 310
58 109
126 312
359 312
45 88
31 72
305 54
351 91
151 119
70 210
292 124
145 129
197 56
125 120
254 5
96 251
133 93
92 361
359 326
115 233
328 73
140 211
132 303
82 270
123 216
181 27
155 327
370 66
311 82
164 289
290 105
222 190
204 336
195 327
188 299
366 352
278 392
80 361
288 295
356 305
73 367
352 308
284 305
166 317
191 274
82 378
345 357
85 367
68 291
332 57
188 329
178 25
269 361
28 46
93 384
275 97
294 119
21 224
325 52
13 379
358 298
273 253
374 373
102 80
161 130
31 57
334 156
69 304
107 233
72 274
316 145
140 125
101 231
142 211
54 204
303 69
113 93
355 297
98 47
60 119
93 67
178 272
138 289
295 297
306 108
142 319
87 233
259 241
189 337
198 44
22 247
294 111
249 22
244 336
150 148
327 53
353 365
180 347
321 142
60 205
272 294
310 56
312 66
147 129
353 379
283 92
367 145
11 385
313 65
111 69
278 399
277 277
296 119
14 399
173 55
348 89
326 83
276 95
82 363
124 203
169 48
277 267
154 295
177 45
102 78
354 87
247 27
117 108
100 236
204 326
111 236
91 370
90 54
83 296
208 200
291 384
208 327
63 112
77 381
330 125
284 276
111 226
145 143
262 366
327 135
104 226
87 273
57 209
114 249
118 84
378 86
117 102
166 292
366 94
42 57
0 387
318 76
98 371
77 278
194 294
336 374
284 123
281 113
90 81
129 184
283 249
125 217
12 386
362 102
40 56
166 345
262 234
145 138
72 222
243 349
24 231
294 108
41 98
356 72
140 124
286 258
199 29
273 98
364 363
147 152
17 241
115 193
347 95
355 355
175 48
316 67
59 99
210 319
297 282
275 101
119 105
363 319
15 237
162 127
19 247
364 97
48 58
262 15
65 276
369 79
99 224
134 217
112 62
80 197
374 325
79 70
212 195
389 158
178 321
299 100
82 219
299 115
214 314
36 69
263 349
71 93
175 24
355 376
341 354
227 210
61 191
167 144
249 357
30 41
377 168
252 371
298 122
253 2
266 264
170 141
360 375
139 291
151 288
373 368
157 344
283 276
37 238
255 15
7 238
214 209
57 108
271 104
83 392
297 71
157 340
79 283
314 76
300 287
39 71
11 222
134 293
14 256
173 125
62 210
48 104
175 351
170 288
73 294
139 111
363 367
169 31
304 57
114 234
142 96
218 202
171 135
285 101
239 16
106 258
260 237
1 394
83 72
51 104
187 25
113 251
132 104
254 360
156 134
195 41
68 88
288 389
129 201
201 194
71 210
285 390
156 329
300 62
139 131
68 298
258 346
278 115
396 138
143 301
377 83
182 35
130 93
211 203
292 95
71 296
238 22
164 337
61 286
207 218
276 275
247 0
372 316
71 275
53 91
255 12
347 372
80 291
303 382
72 377
160 341
292 106
3 231
18 258
44 76
65 201
168 352
47 74
211 333
143 306
221 329
309 388
373 376
266 263
348 71
201 277
371 166
281 115
336 158
388 143
68 211
306 394
87 251
375 98
375 148
207 192
285 236
320 78
236 359
140 190
319 72
133 314
161 131
259 357
63 99
100 248
298 392
265 259
194 58
290 305
266 230
242 357
173 328
262 258
243 351
311 55
126 307
285 289
347 302
178 302
332 137
250 353
159 341
290 118
200 49
200 281
86 289
136 309
146 100
0 377
360 310
349 384
293 391
22 45
61 86
96 383
137 285
182 292
191 48
77 101
347 135
15 220
138 132
278 118
76 208
223 219
69 297
105 48
56 108
244 340
317 154
43 67
355 379
62 84
160 144
346 79
368 326
365 96
270 350
188 303
155 342
374 309
124 87
150 121
320 74
290 253
108 101
66 110
372 166
170 47
77 269
174 32
358 309
272 95
96 59
195 275
42 62
16 234
128 188
298 120
129 92
130 207
216 340
269 245
71 101
58 90
241 341
296 121
362 73
267 297
180 27
256 337
227 212
295 124
25 66
112 232
375 309
337 138
319 137
300 119
320 84
157 346
242 335
46 68
312 60
124 310
268 103
24 222
330 81
67 220
173 138
159 143
358 321
146 119
129 88
172 338
329 141
361 67
19 387
194 50
395 147
101 251
200 289
364 300
13 233
129 215
208 341
261 13
91 363
28 53
305 73
297 96
17 237
67 116
43 55
333 157
218 314
141 209
254 3
34 77
273 254
293 93
288 294
208 220
272 248
190 41
230 211
374 155
217 205
96 58
173 271
154 121
372 377
157 122
212 327
111 54
72 94
172 269
174 284
143 104
142 98
167 136
164 349
269 108
174 133
282 286
250 344
60 215
9 240
185 302
356 322
189 277
65 111
5 243
145 195
139 205
52 107
78 294
318 129
72 107
199 277
154 153
185 284
177 302
116 96
195 343
121 116
283 123
389 141
111 242
235 2
249 348
364 85
376 316
229 220
373 164
203 343
239 362
56 107
40 47
203 340
37 240
74 268
155 154
73 91
19 385
357 350
115 235
288 298
168 42
251 342
92 79
230 208
295 107
171 273
283 384
71 211
98 226
17 379
182 344
255 337
383 138
59 211
278 92
356 315
368 80
137 193
273 104
163 144
112 213
49 68
390 147
306 67
166 279
174 352
263 354
363 361
77 359
198 282
26 77
56 111
143 97
345 361
289 107
46 102
95 245
324 142
70 300
343 85
176 45
387 151
153 294
81 210
320 73
61 219
40 111
193 288
321 140
328 83
374 141
9 397
7 229
318 51
23 53
78 379
179 43
362 298
334 136
369 361
347 137
171 32
167 127
179 271
6 226
174 128
179 275
168 34
292 305
263 340
165 278
241 354
6 228
33 248
66 106
170 341
391 164
224 326
359 303
165 329
52 111
203 337
366 301
158 122
325 132
222 216
312 139
214 217
267 256
279 110
198 34
249 343
208 321
378 141
236 344
47 107
65 292
116 113
205 37
128 300
363 296
209 190
229 19
91 198
141 90
28 72
258 345
57 103
385 164
234 207
193 30
4 389
259 364
373 148
52 83
271 298
194 311
22 391
139 196
292 89
112 112
54 108
223 327
114 189
55 103
310 58
85 204
304 107
390 171
88 276
342 322
170 40
372 84
314 148
308 393
352 322
72 213
174 300
238 20
182 58
186 327
32 54
46 57
58 111
162 332
142 104
133 300
272 247
200 278
171 137
95 378
98 375
93 386
184 22
179 50
55 116
38 41
29 46
313 141
355 373
263 364
239 360
31 243
94 54
24 64
127 113
359 309
213 344
319 62
273 288
62 276
281 234
36 78
114 228
370 95
94 68
90 359
240 354
292 123
128 103
71 113
294 117
97 373
233 206
273 231
316 151
271 267
370 326
336 370
27 49
280 124
105 231
370 328
128 208
135 196
108 235
172 335
59 217
73 108
318 136
261 19
233 195
339 142
29 63
80 68
133 196
300 115
321 88
194 40
57 95
256 247
290 293
343 133
170 329
324 80
28 254
361 364
98 53
377 164
70 369
77 300
244 29
310 84
255 243
119 89
82 278
351 300
313 62
90 68
93 375
151 146
132 103
141 192
165 324
369 100
362 69
73 366
241 365
304 76
308 77
375 318
333 137
354 325
134 311
174 45
164 149
81 294
219 211
136 91
115 213
58 100
173 297
217 332
301 115
376 165
170 324
280 235
79 212
211 210
96 225
185 289
17 386
86 387
35 41
354 360
163 130
292 122
329 78
94 373
370 102
15 394
344 358
67 199
272 289
77 281
181 28
250 24
342 128
22 238
130 187
86 384
351 329
71 193
173 37
300 76
263 234
83 241
191 275
284 249
280 117
111 74
324 154
376 168
376 147
373 375
159 117
163 341
317 132
170 295
112 231
353 370
345 93
306 397
174 49
14 380
74 277
83 388
266 290
83 387
327 61
192 333
82 238
289 384
91 361
17 59
115 113
66 296
104 69
136 296
351 86
368 366
126 206
20 57
130 101
92 386
360 335
17 238
196 325
87 299
98 382
88 357
110 107
32 237
158 146
213 319
125 295
244 352
101 233
90 249
246 371
174 346
16 219
240 19
158 133
47 65
120 98
118 242
233 10
301 68
289 105
124 183
255 355
180 271
71 287
156 352
139 116
350 325
210 335
292 114
171 355
20 220
11 380
144 308
191 25
210 189
237 341
289 396
140 192
190 53
61 211
84 374
191 267
371 96
255 14
36 243
258 25
17 249
177 283
277 92
365 87
305 399
145 99
167 143
349 138
336 122
246 3
80 384
289 397
92 51
205 312
121 219
133 295
94 374
282 90
271 109
224 14
125 85
73 289
247 349
274 293
298 303
359 358
286 256
318 141
193 331
221 332
161 146
284 263
329 62
77 368
98 380
315 152
243 32
102 241
244 1
59 100
29 254
135 316
172 288
149 332
219 318
201 29
357 68
330 59
191 292
296 382
61 114
169 323
61 89
309 385
282 384
97 255
43 64
155 148
102 368
207 335
47 101
184 332
41 71
121 211
150 330
30 68
68 198
97 256
130 186
112 108
303 65
62 206
151 128
282 382
219 198
153 130
10 235
218 312
157 149
85 242
154 322
61 111
281 104
226 216
293 288
140 299
123 207
358 373
241 337
70 382
84 274
161 333
345 139
173 327
8 238
172 26
74 207
162 324
235 15
68 304
284 278
343 382
101 361
180 26
310 393
176 328
85 72
237 347
237 344
160 140
93 251
89 60
234 212
144 104
65 84
36 79
11 379
219 187
178 270
51 82
210 315
12 242
153 350
283 257
305 75
58 290
188 282
313 88
112 99
128 316
358 325
182 43
143 292
60 285
46 96
274 244
160 340
274 97
109 231
81 240
101 57
77 290
282 281
225 189
29 224
328 138
311 80
384 148
66 378
67 298
335 148
135 195
259 239
117 187
269 253
122 215
320 86
296 97
254 23
197 50
372 81
324 158
17 235
398 159
300 392
111 109
76 299
170 345
190 36
66 376
71 282
145 315
235 0
192 25
211 219
320 83
354 334
245 20
194 36
145 303
191 54
182 45
281 94
129 203
338 123
120 105
346 94
46 67
92 212
211 315
171 297
124 106
187 26
373 75
282 94
111 245
346 366
113 233
331 62
34 232
242 4
92 290
282 310
199 36
266 363
337 132
88 228
13 239
25 62
381 86
366 383
113 230
283 91
301 79
163 140
324 70
353 332
372 303
316 147
307 64
167 338
219 218
10 245
78 302
313 82
91 377
86 382
199 288
137 301
34 227
16 247
168 349
334 152
176 332
78 213
148 134
92 46
187 37
8 241
53 110
164 341
64 218
326 53
266 289
103 57
171 130
179 277
363 352
178 279
97 236
219 327
331 71
259 16
106 222
48 103
321 133
124 117
354 363
115 253
293 396
314 144
206 319
132 114
170 334
257 356
148 136
143 110
366 74
193 318
166 341
27 59
261 336
277 390
375 71
108 234
205 214
18 227
29 235
353 81
355 328
62 83
217 336
255 353
158 136
260 245
249 28
94 356
99 46
203 41
146 209
292 299
301 78
209 330
362 383
362 351
334 159
382 144
100 242
279 92
227 20
70 283
161 337
84 190
318 155
136 202
124 107
108 259
56 114
237 6
144 149
106 230
172 332
172 40
302 107
161 145
155 307
0 381
276 125
84 271
96 384
259 361
261 357
312 52
133 107
29 253
55 90
295 121
91 249
167 134
74 102
347 377
147 148
132 205
128 288
198 294
29 247
72 288
67 283
129 288
205 202
396 151
322 128
128 203
127 191
22 234
151 339
7 390
142 208
283 243
97 56
264 260
353 309
330 153
195 24
103 67
30 78
194 287
71 107
257 371
6 380
136 297
340 357
378 160
290 244
68 367
359 96
274 92
3 229
135 192
59 89
344 150
61 292
310 390
197 326
327 75
241 361
201 209
170 42
187 58
251 333
382 138
290 97
81 300
284 309
346 76
84 371
297 397
200 337
74 189
284 260
296 106
253 343
71 214
252 22
65 289
85 73
299 295
144 131
17 222
343 353
151 336
42 52
93 290
34 62
23 52
22 256
63 270
115 206
148 129
20 243
146 317
373 166
237 365
18 399
349 327
228 205
148 286
347 355
345 367
21 256
286 241
160 344
67 300
127 117
333 158
287 395
168 329
371 323
280 103
312 394
49 85
136 322
291 249
255 6
171 34
336 124
45 73
11 390
100 51
387 134
62 285
354 306
108 96
3 376
39 43
358 311
179 29
354 354
283 263
294 302
363 90
115 246
3 383
378 311
140 311
83 76
3 243
221 328
270 356
187 282
78 204
221 187
158 334
364 317
151 314
285 110
378 142
332 68
139 91
181 272
156 151
235 356
70 386
247 19
96 376
119 192
310 52
63 274
261 340
289 305
86 208
361 331
292 294
145 299
99 78
362 86
153 327
16 393
67 284
248 370
298 388
305 69
207 316
24 49
308 391
190 327
168 130
236 200
152 339
152 314
50 113
250 356
374 100
83 57
221 190
191 289
120 204
333 156
225 12
13 232
128 308
190 339
83 304
326 140
137 307
164 348
262 359
270 258
269 297
355 85
249 362
382 168
126 115
14 252
139 93
193 45
340 361
203 45
180 334
128 317
233 28
6 392
204 41
68 214
64 198
287 117
360 318
374 71
323 80
192 317
296 300
22 76
356 387
121 216
24 50
309 67
57 203
28 45
114 63
154 133
388 137
61 101
203 324
207 334
51 64
186 282
62 98
5 378
73 297
85 81
228 20
86 64
367 374
107 77
278 119
338 158
117 208
142 106
263 265
106 233
8 379
87 198
74 358
56 211
346 150
179 334
113 66
366 147
24 54
334 134
29 234
234 2
206 323
222 333
23 231
390 138
254 28
5 383
93 278
161 318
260 368
183 300
115 204
276 286
311 73
196 46
183 331
100 382
78 216
236 11
333 153
273 247
395 137
200 212
272 235
165 343
10 388
91 55
195 53
197 278
218 210
245 347
139 212
267 354
104 238
304 61
24 236
114 254
227 197
297 297
143 313
24 247
309 78
288 257
300 95
183 54
105 62
120 110
102 54
72 104
142 215
352 382
192 54
59 274
297 121
232 10
374 74
95 225
185 59
314 143
372 367
281 311
359 383
24 59
304 80
365 69
379 319
113 103
70 223
281 280
313 132
62 94
88 392
175 141
199 273
339 130
363 368
18 65
267 231
375 143
59 200
388 152
54 101
89 365
88 301
144 205
176 38
68 98
230 216
264 293
237 5
86 220
6 395
45 72
55 102
376 158
97 228
198 322
354 367
372 300
356 368
37 58
47 62
291 308
375 80
180 28
308 399
282 248
233 217
341 125
179 285
37 232
221 203
195 289
0 395
269 343
77 68
288 285
295 122
271 305
71 298
293 114
16 65
92 382
172 292
347 142
237 31
215 212
300 65
75 266
373 160
276 393
141 105
330 142
29 226
156 122
92 207
263 252
76 297
307 394
27 250
235 5
261 233
367 73
65 206
51 110
385 168
378 81
171 52
350 87
163 127
340 147
257 361
289 307
75 386
33 49
153 323
78 212
279 231
356 374
60 293
192 47
129 198
208 328
50 88
88 281
324 122
85 233
134 286
309 59
26 66
157 327
175 31
383 134
291 99
75 360
282 311
107 69
349 375
347 73
4 380
153 322
247 18
5 377
371 309
271 102
206 336
244 358
42 98
365 83
19 58
207 323
47 117
62 282
24 249
288 391
117 93
242 352
207 318
124 313
191 325
254 338
361 361
338 134
323 76
285 120
209 189
268 265
153 328
94 255
246 344
101 373
198 53
368 151
256 18
132 290
242 354
260 21
246 349
28 55
52 100
27 252
331 147
65 193
153 309
155 297
271 118
8 232
64 217
308 83
240 16
206 331
287 112
220 200
100 65
354 330
131 92
252 21
285 304
219 314
348 321
34 244
159 329
379 311
390 164
390 156
254 253
250 1
87 360
98 245
395 157
136 118
220 202
169 299
377 323
367 328
137 187
306 83
64 277
278 277
238 0
140 108
355 301
264 350
97 62
49 97
198 323
64 92
40 107
177 46
66 99
32 238
352 78
357 374
354 66
140 215
111 102
306 76
101 77
274 101
66 300
91 365
126 95
189 48
147 301
0 386
337 375
68 295
341 136
295 296
119 92
77 61
3 228
344 320
163 322
373 363
280 298
305 72
339 137
135 113
18 67
279 102
120 96
28 74
173 296
135 296
87 59
371 81
183 35
148 121
233 5
363 95
105 72
392 169
361 306
360 103
333 125
75 366
65 117
309 70
341 320
78 361
264 344
96 53
288 300
195 277
218 331
106 78
355 299
92 245
208 325
371 97
143 148
81 58
230 221
78 301
46 65
167 282
345 311
106 250
331 58
193 299
271 110
245 10
141 305
155 339
289 385
30 251
274 287
332 149
237 355
178 323
169 328
142 124
65 102
90 276
282 252
318 149
31 78
69 105
368 143
280 295
84 62
5 394
144 294
93 389
261 255
279 234
245 357
359 330
172 342
10 233
144 194
373 311
91 250
35 58
33 227
134 315
170 344
363 377
331 60
275 275
374 76
146 139
276 309
144 190
234 197
220 201
113 193
97 47
116 205
284 238
159 331
191 56
111 100
135 310
79 279
75 97
31 233
122 95
5 224
312 87
110 256
212 203
257 337
19 54
71 209
331 75
142 190
276 303
121 304
76 295
137 303
267 355
189 36
84 55
374 146
18 382
59 194
99 54
253 368
31 228
362 71
284 393
169 292
43 66
346 320
192 328
310 81
344 376
157 116
201 341
346 310
133 120
166 138
221 189
30 238
124 94
7 399
8 252
231 5
320 70
115 245
195 56
347 79
163 328
22 245
129 199
146 152
378 138
249 19
41 69
369 101
241 30
201 313
125 94
138 104
198 335
139 103
111 200
343 153
54 92
129 105
115 208
31 235
173 35
273 100
89 380
319 126
235 210
280 114
390 148
36 46
192 35
117 193
136 321
5 398
354 90
233 209
380 171
209 319
235 207
357 82
386 154
223 194
286 286
37 233
295 284
229 14
103 59
243 335
144 98
387 138
285 396
286 306
138 298
38 76
344 77
323 72
129 190
319 65
107 54
173 52
248 4
236 204
295 300
217 318
344 138
209 223
66 213
10 392
139 296
62 278
220 336
372 101
109 243
77 199
302 396
365 67
197 288
262 358
21 391
260 246
159 343
294 285
84 283
63 83
117 107
79 291
168 41
87 255
84 276
247 354
29 65
60 108
285 388
163 345
199 296
243 348
180 299
339 357
112 228
277 291
354 319
363 379
93 374
11 386
248 5
225 9
105 56
181 331
220 333
359 311
133 195
85 289
348 322
202 219
394 147
169 125
283 258
74 275
89 213
257 14
101 235
73 365
65 271
97 70
72 102
345 76
69 203
76 302
278 104
145 108
65 91
72 304
289 303
256 10
206 311
367 321
9 233
360 69
263 352
332 159
360 326
103 368
167 131
358 322
145 97
1 229
75 277
97 370
244 14
74 98
212 336
128 216
148 292
44 99
316 71
343 364
247 12
186 52
121 305
132 305
99 366
397 142
1 231
299 79
346 301
196 42
45 99
136 93
242 11
188 266
58 214
114 101
320 150
312 56
316 126
77 202
78 64
203 204
236 29
391 163
257 352
311 57
21 236
81 60
23 59
378 72
288 246
13 257
368 360
70 105
85 82
50 85
74 288
286 274
98 257
180 55
133 186
63 289
291 283
263 299
76 61
66 88
86 363
162 137
352 317
66 197
50 51
366 71
283 116
39 46
376 77
7 231
319 87
201 49
266 365
65 107
236 341
249 16
286 97
203 205
295 119
348 75
356 360
193 312
253 252
83 287
58 292
298 395
346 147
83 375
125 315
382 145
201 278
152 148
150 345
170 287
53 84
262 353
215 191
123 84
386 134
76 364
18 394
65 303
274 304
305 84
0 392
273 290
288 259
261 17
196 319
360 321
149 127
40 67
126 212
46 54
216 217
359 304
368 100
378 153
50 64
346 90
73 193
112 202
12 383
366 296
15 386
77 289
331 134
82 275
237 348
173 131
164 142
310 73
315 64
103 69
372 375
142 103
269 344
287 288
385 166
273 94
136 310
264 294
41 64
239 344
106 77
69 193
361 357
319 132
5 391
218 223
299 294
75 294
254 0
131 308
365 72
314 131
277 308
2 226
67 105
333 61
142 127
38 77
358 359
325 152
17 67
8 387
143 149
138 205
190 300
272 100
132 309
353 67
392 170
141 310
359 81
135 321
203 333
135 101
69 290
56 289
317 86
51 96
62 117
331 79
300 290
133 95
280 101
371 154
347 360
141 322
364 315
266 294
391 169
240 31
95 53
138 215
60 193
302 112
356 384
293 105
213 317
369 374
303 75
77 296
384 164
137 129
287 252
118 187
218 224
300 57
349 97
1 232
282 100
169 321
291 306
203 202
358 70
200 294
324 134
250 20
374 307
242 0
242 14
233 27
377 134
338 127
346 88
0 246
337 158
329 77
76 373
140 135
279 386
178 332
195 37
373 329
86 60
340 123
248 340
381 89
354 316
198 320
134 99
79 368
122 117
298 67
51 117
32 63
123 198
352 375
199 198
286 123
83 73
140 106
113 104
64 274
144 138
47 98
148 313
19 240
116 99
143 112
212 204
199 51
291 90
372 165
96 260
362 93
137 194
352 331
281 273
388 165
174 325
60 296
209 214
213 206
305 58
89 249
350 380
100 70
61 99
305 60
320 50
155 296
320 56
278 311
305 114
139 89
90 363
112 233
156 304
60 202
140 310
58 208
178 339
378 74
6 385
75 108
202 288
232 21
257 16
392 161
209 202
92 278
179 287
312 75
139 308
199 278
151 329
179 55
70 190
227 217
377 325
285 243
288 95
213 337
245 4
70 92
162 120
365 84
31 41
177 282
361 317
135 119
145 102
325 131
269 99
220 223
28 228
116 101
369 302
109 254
64 93
286 90
126 203
160 122
294 390
133 116
149 343
390 158
353 303
297 94
86 192
363 300
46 93
129 311
125 310
55 111
140 298
224 202
282 307
125 305
176 39
196 283
213 336
85 364
154 125
237 359
302 398
165 340
303 79
328 74
97 46
369 85
113 113
390 141
368 367
294 307
262 289
80 303
29 223
181 339
291 103
42 45
99 49
277 260
277 98
129 115
110 234
370 318
30 229
74 221
18 218
216 319
167 43
134 310
259 352
255 363
175 55
330 148
382 164
59 298
77 291
57 292
392 140
111 210
71 89
167 346
348 303
294 281
365 321
191 314
105 50
96 78
104 235
290 304
69 219
323 136
146 122
275 299
178 289
369 377
82 70
263 290
136 212
96 243
270 233
390 169
92 81
311 387
209 200
288 99
141 217
372 99
84 203
147 332
277 303
27 69
358 92
2 395
113 248
346 325
373 140
60 97
101 54
305 85
101 50
123 301
171 30
371 83
368 98
90 373
177 344
253 250
305 380
89 234
354 329
212 210
300 383
377 95
200 29
202 203
169 341
24 233
251 349
281 396
197 281
215 220
226 11
213 315
254 255
80 367
146 127
241 3
135 301
203 30
263 237
127 186
397 163
330 58
110 56
221 207
108 228
277 278
215 331
14 255
176 271
6 241
288 302
281 283
97 53
153 148
283 103
75 298
283 237
92 256
77 73
246 2
111 207
164 148
326 151
86 54
113 245
90 236
281 124
203 335
37 79
88 59
378 165
113 90
294 280
130 219
207 195
299 392
326 150
367 103
180 49
135 313
65 282
192 330
127 85
85 378
334 129
369 363
114 92
38 70
159 344
357 375
188 278
97 374
77 219
70 97
190 33
188 40
364 365
285 240
72 114
340 362
135 197
145 212
83 382
361 383
275 108
202 279
75 270
247 339
201 316
103 253
220 190
238 16
343 359
200 209
352 74
141 96
147 140
185 330
58 107
153 341
118 112
270 355
187 274
369 356
22 47
125 93
147 205
205 324
358 68
204 44
129 109
53 206
201 283
253 15
167 133
87 363
280 250
114 238
10 252
326 141
197 317
197 342
165 339
10 384
373 326
94 243
129 315
35 67
173 287
44 63
64 216
68 274
316 89
332 61
353 331
270 283
119 118
361 349
98 64
367 148
171 51
47 103
95 370
191 53
344 364
160 325
141 140
100 384
83 294
258 362
159 133
16 253
32 245
164 141
378 92
11 254
277 280
117 215
226 193
372 67
316 52
80 222
88 355
158 149
245 25
168 137
338 373
126 91
149 301
215 213
331 136
250 26
26 58
78 207
128 319
361 353
82 211
39 44
192 45
102 369
373 301
31 224
211 313
111 235
192 28
174 24
30 226
178 281
392 157
43 53
91 225
202 333
303 60
250 21
22 387
122 291
269 299
110 109
263 232
86 240
270 277
141 321
172 28
198 51
254 256
174 277
79 298
114 198
364 384
324 126
70 205
258 351
117 92
247 11
113 203
148 300
134 115
286 112
63 114
236 28
109 250
371 380
249 365
120 189
80 289
6 232
295 388
11 246
135 318
115 94
97 241
186 59
278 294
366 81
395 169
245 369
240 2
32 241
355 330
368 101
49 55
117 242
127 110
315 57
87 77
16 251
190 323
317 155
181 335
275 300
294 107
61 197
263 295
169 138
119 95
345 363
268 264
102 373
135 88
69 221
360 308
186 279
247 337
390 149
205 339
159 131
289 394
108 238
79 192
96 70
346 149
21 244
117 202
355 357
325 141
54 212
110 101
114 193
212 188
116 104
215 221
391 152
20 222
92 390
119 187
91 358
353 330
281 117
95 380
59 105
76 191
142 144
124 191
271 268
141 297
144 110
156 321
132 206
194 316
83 249
69 300
79 301
290 254
295 108
167 349
299 95
28 236
373 168
15 382
104 371
207 336
74 194
387 150
168 331
23 233
253 249
11 253
73 384
81 372
94 283
58 197
67 192
137 88
193 274
20 235
282 120
267 252
58 218
46 72
184 26
143 193
125 183
138 185
64 202
356 363
221 337
200 335
265 338
70 216
370 315
345 152
276 239
352 310
231 196
165 342
83 354
344 144
127 105
192 326
239 337
325 145
127 305
319 150
171 31
141 302
313 73
103 247
93 293
203 212
33 232
144 108
280 107
208 333
63 190
267 342
50 69
108 105
89 390
202 32
214 309
284 236
175 330
273 238
330 156
317 153
191 298
71 286
166 348
26 230
331 131
176 352
366 66
134 190
181 284
151 317
28 237
366 333
140 107
18 236
210 202
136 199
190 313
309 68
351 323
374 92
67 218
301 76
346 329
183 346
397 157
271 237
114 201
76 211
146 311
39 109
292 97
338 150
207 332
76 362
242 363
83 283
208 208
258 16
175 130
81 51
42 75
79 355
268 364
219 202
150 341
368 375
122 293
98 57
175 135
181 325
275 234
357 101
325 157
113 190
319 53
155 145
277 285
49 71
348 91
208 202
208 312
23 63
132 216
35 61
78 55
121 109
194 289
144 310
257 247
293 388
89 386
106 227
378 307
354 355
259 0
110 236
271 280
39 49
333 140
99 245
130 198
388 151
239 0
124 103
349 144
209 203
128 88
81 270
376 76
171 36
340 145
191 27
322 51
358 67
40 46
111 73
249 26
206 210
314 141
286 394
286 96
88 282
239 22
245 27
110 111
105 78
10 379
182 280
273 248
242 347
250 359
198 326
281 105
286 114
185 336
377 87
296 299
367 383
208 324
26 221
260 251
232 205
60 273
113 205
350 369
174 139
241 358
225 219
87 231
77 193
16 224
100 243
126 319
132 291
377 313
159 350
252 357
58 196
283 115
185 280
97 74
176 298
311 75
243 340
248 21
347 148
92 84
378 166
141 132
126 189
41 52
120 206
243 19
345 147
83 248
187 48
261 338
99 70
111 64
280 286
278 304
257 235
100 245
225 215
115 249
86 195
145 320
297 110
61 279
389 143
357 312
3 393
259 9
86 229
264 363
156 351
358 301
205 44
181 279
47 89
277 91
268 104
297 396
124 304
265 299
85 252
189 270
154 338
298 393
56 98
90 274
174 322
75 209
7 246
319 76
231 11
135 291
156 327
327 146
342 129
285 100
167 320
396 143
282 99
253 253
266 350
191 271
251 16
43 94
23 393
348 83
278 111
95 251
357 85
166 322
194 23
38 78
366 152
48 92
73 187
377 92
350 365
392 162
197 54
285 309
170 289
83 355
228 191
214 320
145 198
346 131
263 249
180 272
353 75
206 326
187 271
343 89
219 319
360 330
132 110
143 111
104 253
302 392
336 154
191 287
296 286
186 33
274 114
4 382
72 278
321 55
28 68
32 247
86 360
293 97
80 65
357 311
303 109
347 361
233 350
33 70
293 91
307 397
302 389
284 383
189 276
330 143
252 333
142 195
311 76
202 315
24 74
219 197
120 116
375 312
75 283
309 69
228 9
121 193
98 58
16 252
357 78
201 39
284 289
41 75
379 162
129 99
86 63
304 114
117 118
339 379
267 260
195 284
238 363
101 255
13 227
364 77
379 318
260 344
109 248
109 100
56 110
34 73
357 357
257 25
233 14
298 295
29 48
13 240
195 286
79 224
20 70
206 317
282 125
352 318
112 107
254 348
87 194
268 294
340 136
363 375
227 16
346 383
191 49
92 253
185 333
173 344
33 225
138 201
88 245
350 68
88 203
268 353
333 71
272 260
114 89
131 107
92 389
349 358
74 365
348 375
290 116
210 324
82 359
20 394
303 101
141 142
282 247
130 190
170 133
114 239
258 10
366 155
235 361
60 88
210 218
81 245
351 386
204 334
324 144
200 321
140 114
56 206
83 234
234 203
342 312
284 392
18 232
200 275
169 121
376 138
346 73
12 235
358 328
170 126
346 355
340 157
10 375
365 328
219 221
120 208
73 383
182 54
324 129
64 270
69 269
392 168
256 1
274 306
71 224
169 142
74 388
210 336
213 204
125 105
253 21
75 196
219 210
86 281
188 55
145 127
87 276
82 362
67 99
229 210
332 158
225 198
200 325
181 342
295 95
355 76
300 295
337 137
88 226
94 376
17 225
152 325
177 56
101 381
117 99
41 74
85 221
392 139
295 395
19 73
193 277
253 371
92 60
178 39
185 301
246 333
56 212
384 142
212 332
197 341
99 246
108 77
286 301
255 25
363 306
279 239
318 153
157 130
146 210
123 118
45 55
317 75
271 347
352 358
143 300
279 241
170 142
160 326
102 247
219 191
3 248
266 262
72 202
323 74
165 135
96 380
241 352
142 209
67 278
178 304
267 359
53 83
278 267
245 365
218 212
150 326
269 300
40 58
291 302
43 104
284 298
319 127
300 389
78 202
25 230
240 350
88 272
162 326
99 83
284 103
394 160
73 207
353 300
153 303
176 278
226 205
155 121
11 247
186 60
98 359
350 317
304 393
351 382
210 203
197 52
326 58
132 189
376 321
239 24
219 203
190 31
97 59
12 388
255 357
252 337
136 198
240 6
247 358
274 233
230 26
167 331
153 138
113 61
109 238
362 90
110 96
275 99
275 116
281 103
54 98
179 274
217 313
17 248
362 313
189 295
13 243
330 160
158 139
145 294
255 16
86 75
281 249
133 98
100 227
91 47
299 381
18 380
91 206
169 49
44 49
12 230
131 312
24 256
344 81
295 98
280 385
131 305
340 365
164 336
325 149
41 57
175 325
75 289
23 247
305 63
54 208
21 46
296 92
283 389
279 246
80 360
56 89
128 294
134 109
179 303
111 67
75 370
151 143
236 30
122 187
357 334
129 196
113 196
83 207
231 205
148 135
216 324
78 56
348 304
88 54
273 245
8 254
316 154
228 23
4 238
283 398
268 235
57 216
23 241
54 100
308 394
183 338
186 296
152 149
330 55
277 257
160 335
355 353
125 317
84 272
65 88
61 277
329 60
43 75
129 118
276 399
131 111
353 384
343 154
84 193
396 148
195 341
211 188
351 327
306 387
93 57
250 339
12 223
169 130
104 224
84 204
125 200
359 323
153 143
139 204
292 126
395 154
273 250
82 75
189 331
194 41
67 268
48 116
177 34
265 251
91 366
236 13
227 215
225 13
280 291
292 395
382 139
16 382
192 329
336 153
260 7
139 321
91 80
127 187
193 341
84 388
290 248
259 351
257 370
132 98
344 378
18 257
256 12
99 234
194 274
390 167
276 311
213 221
160 332
275 239
252 335
106 254
56 282
199 332
102 254
172 145
184 37
283 98
147 124
196 289
91 295
144 129
308 53
277 284
180 268
194 340
306 61
196 35
72 106
132 220
127 104
134 296
379 93
65 198
323 78
146 202
22 222
250 29
345 144
270 231
166 275
35 233
82 223
292 399
182 36
168 129
105 67
346 134
367 89
188 49
20 52
213 216
368 353
368 79
151 309
330 131
87 382
140 313
108 226
170 347
251 346
100 75
34 43
41 111
350 319
309 61
380 162
250 364
42 68
266 352
342 358
187 32
10 395
358 377
169 120
59 278
77 377
205 313
289 393
329 68
363 330
360 382
370 163
306 53
54 110
89 66
377 170
270 232
149 341
167 283
175 51
369 91
178 42
6 222
16 385
167 276
365 73
16 68
147 199
196 271
318 66
97 382
323 70
145 318
74 213
371 322
114 236
47 59
361 72
325 128
76 390
9 381
370 94
364 297
144 209
31 48
339 363
264 256
280 283
109 240
97 68
86 69
361 370
15 235
90 381
336 140
369 316
151 343
282 256
286 124
227 218
283 392
204 318
104 237
141 111
151 330
267 292
101 384
135 102
178 287
10 230
180 53
47 67
332 131
235 8
349 90
31 66
343 80
242 28
229 209
293 380
179 269
287 238
14 394
143 212
173 341
285 278
196 45
136 97
154 301
79 380
17 227
399 155
324 64
268 356
331 57
310 76
259 366
138 212
380 144
305 61
373 300
387 147
334 75
171 335
371 367
152 311
228 17
329 128
231 194
76 301
185 270
120 211
139 106
291 397
277 108
30 231
329 61
291 307
151 137
276 248
167 34
44 89
175 335
264 337
189 299
208 215
100 76
304 66
148 146
101 364
119 188
104 222
84 282
58 278
371 141
311 389
61 82
232 15
132 306
65 223
188 277
268 109
146 124
258 243
253 346
267 298
203 40
199 30
336 373
85 208
296 120
181 283
186 281
345 371
61 100
223 203
71 216
213 343
78 270
230 15
85 219
349 325
293 122
264 254
309 396
92 368
290 119
257 23
228 216
286 254
152 292
239 26
359 91
304 59
133 287
15 219
266 231
235 29
182 32
237 30
188 324
81 378
211 215
136 318
14 247
366 334
211 213
151 346
44 88
361 97
119 88
55 115
364 86
323 140
160 352
71 377
152 326
364 307
372 87
365 65
147 338
27 232
191 273
273 243
103 68
223 196
339 378
61 107
54 93
321 60
43 70
386 171
193 321
13 252
72 273
374 147
374 137
317 125
17 388
224 209
74 110
63 198
358 372
200 279
364 322
17 65
30 51
82 235
358 368
155 122
178 349
315 79
105 257
190 271
111 211
82 360
287 114
112 206
347 329
271 306
125 204
278 303
113 97
58 296
57 195
70 219
50 94
172 336
308 64
189 298
184 36
257 263
131 184
330 136
107 247
373 141
85 246
357 80
77 284
79 196
62 111
32 60
121 120
166 121
240 23
345 89
194 339
267 243
60 289
138 206
52 112
131 207
55 89
287 305
168 326
143 318
50 86
269 254
110 194
113 253
206 220
223 206
89 384
63 201
373 371
395 140
149 302
277 114
367 96
47 72
28 232
178 290
79 389
348 318
274 119
214 339
31 56
358 327
260 17
78 217
98 230
79 290
136 288
176 336
80 387
271 105
138 140
79 188
307 382
114 208
349 79
226 5
103 222
265 246
154 146
79 299
288 305
248 352
168 139
196 31
176 340
303 78
189 54
104 49
374 311
143 319
288 387
207 337
130 191
364 308
63 196
224 199
301 391
14 239
74 384
252 246
137 208
229 1
68 94
355 82
115 197
332 67
84 280
354 312
136 135
329 157
248 342
272 287
356 364
149 313
91 205
347 305
24 228
364 68
171 44
157 127
371 67
141 101
3 384
253 341
52 97
164 319
364 319
182 300
73 109
302 390
230 201
258 340
140 187
55 202
299 75
277 123
50 108
87 248
32 246
181 292
134 284
122 207
336 145
285 95
364 312
312 81
361 302
365 152
352 377
182 342
284 234
111 232
164 323
256 353
153 301
296 305
248 350
275 285
33 58
95 83
23 228
328 62
205 35
82 192
182 284
133 309
330 69
290 299
217 320
335 126
372 100
100 367
161 116
330 121
361 372
306 71
25 67
177 350
126 120
135 185
185 27
339 124
261 11
101 60
279 277
162 134
44 66
47 109
91 357
145 296
19 257
204 319
285 254
389 169
391 135
98 366
198 25
84 380
295 125
145 119
201 285
248 354
117 246
215 326
226 200
137 188
112 113
257 368
276 255
5 247
22 49
90 79
22 226
14 389
29 245
255 254
238 353
301 57
322 54
217 199
59 110
257 258
165 322
287 303
151 303
121 90
86 76
261 9
127 211
186 49
356 297
109 75
153 293
257 367
324 63
181 333
347 381
256 258
281 305
370 155
322 84
336 69
51 116
271 307
155 329
72 383
264 341
355 369
318 134
289 112
78 369
188 280
33 71
257 253
275 302
345 304
261 359
368 147
343 87
217 226
279 257
351 362
72 384
352 323
139 188
252 342
74 284
249 31
302 106
61 193
225 224
41 109
58 97
77 69
368 71
135 306
361 71
110 247
367 358
355 71
201 38
267 233
142 322
339 151
371 364
284 112
117 191
208 310
370 164
356 334
334 158
134 301
79 367
318 140
150 287
15 224
200 291
168 134
170 354
18 233
372 376
97 81
187 269
358 334
283 117
2 245
305 82
82 292
97 237
282 276
234 356
346 96
143 208
102 252
219 193
92 239
92 242
349 310
296 283
360 97
258 250
193 28
86 375
213 329
189 37
96 227
165 317
16 396
11 233
303 77
370 331
95 61
317 72
390 155
228 21
81 69
101 66
354 303
324 71
256 261
367 313
328 134
303 100
238 8
211 310
290 120
101 47
141 106
230 8
171 346
242 349
338 128
315 59
284 251
33 75
397 139
368 155
143 123
59 90
209 320
340 373
9 398
44 111
262 338
144 207
118 237
186 301
51 70
101 257
83 244
266 357
196 54
184 53
186 285
262 360
365 90
79 386
155 333
144 303
226 8
53 92
394 159
227 222
67 368
145 302
156 310
218 213
82 269
161 320
192 59
193 339
79 55
56 208
312 82
260 362
294 397
83 357
118 117
331 158
185 334
377 166
40 78
122 209
169 30
264 249
373 76
327 62
23 240
69 367
97 61
279 389
201 215
190 277
230 205
63 298
18 219
38 72
356 330
305 113
190 37
33 48
314 66
89 212
153 290
296 394
130 192
113 199
167 41
318 87
357 371
267 304
84 361
91 236
74 370
195 57
112 227
178 277
168 291
72 368
167 324
350 374
252 245
389 136
153 347
271 240
236 19
170 350
157 143
171 276
230 0
47 85
110 250
128 183
258 334
15 387
135 94
119 197
117 234
103 372
109 208
398 150
351 370
103 47
88 240
247 370
275 290
272 352
7 393
394 140
285 237
121 197
179 46
350 95
236 20
177 54
51 50
331 74
2 247
329 136
254 251
5 235
42 71
341 156
208 196
264 261
272 111
53 105
266 243
185 278
376 150
294 385
170 338
170 292
321 58
299 122
385 133
359 318
183 27
377 84
8 253
111 92
317 69
150 342
52 66
116 251
199 325
45 109
398 161
124 90
86 366
282 251
219 313
322 157
46 103
292 288
362 359
43 102
212 191
67 95
257 237
278 263
229 191
6 383
224 219
363 303
88 229
365 80
351 371
375 156
295 118
28 50
238 347
250 11
372 156
187 295
170 281
124 212
244 349
280 302
247 20
271 288
87 64
251 15
88 62
350 314
147 333
345 374
99 66
218 340
224 200
186 34
183 343
364 299
297 123
205 341
44 110
167 352
384 161
298 389
81 386
246 369
352 319
127 288
290 300
145 201
197 279
103 83
347 380
174 286
135 317
273 236
20 49
373 303
209 207
67 208
366 327
166 353
27 44
179 289
287 277
89 57
102 365
119 201
15 238
278 257
276 112
296 115
81 304
346 135
347 309
206 340
77 212
355 302
103 251
123 112
72 269
260 256
217 217
138 114
135 199
106 80
110 224
168 328
341 360
317 52
290 307
68 277
55 92
392 154
102 61
347 96
290 104
13 251
47 47
331 123
249 355
268 232
89 295
367 371
84 285
123 292
146 310
20 399
159 318
347 143
145 304
368 370
71 195
157 124
63 287
85 254
371 93
109 103
97 55
385 142
195 283
72 212
168 325
315 56
81 191
98 374
340 376
130 306
280 92
101 67
371 320
133 84
105 247
95 224
94 368
183 271
42 106
280 91
60 94
286 247
243 356
198 316
123 90
72 284
205 328
143 92
36 58
124 195
90 196
87 381
128 320
354 309
81 357
245 355
152 328
93 233
278 106
205 319
90 287
275 104
330 64
332 157
120 119
96 382
328 61
28 231
144 141
165 136
338 372
72 101
120 117
79 221
356 385
101 245
28 67
110 257
127 94
14 235
397 153
212 318
224 205
187 40
151 318
85 380
51 105
93 225
104 71
168 142
350 351
77 391
115 230
141 303
134 221
145 94
290 397
332 132
62 202
183 25
207 211
242 364
310 51
24 235
77 213
245 350
246 368
10 389
268 348
395 144
251 25
291 387
52 105
184 302
277 281
277 393
222 197
264 362
153 348
357 372
238 27
377 312
367 359
391 151
102 53
158 335
233 16
283 284
22 48
170 294
75 204
182 302
221 335
200 54
165 128
359 97
107 67
197 30
186 332
199 320
9 399
277 112
21 250
125 119
169 134
192 52
37 66
85 247
15 57
268 299
38 66
144 315
156 333
315 61
74 92
64 112
380 155
94 244
4 387
168 340
277 252
204 37
43 89
318 130
347 140
251 336
335 67
67 204
125 292
281 248
136 186
129 102
181 338
183 34
203 325
245 334
94 235
84 59
34 237
158 322
24 253
81 299
71 288
107 66
162 147
330 128
256 259
264 241
374 72
161 323
87 214
31 74
258 23
240 345
294 92
294 298
179 349
271 253
174 132
293 119
248 349
141 98
81 295
359 314
306 392
272 250
358 374
31 71
257 260
250 23
347 320
198 37
46 74
339 361
372 322
274 234
192 314
103 71
148 329
15 242
308 392
346 315
3 232
215 332
265 291
369 323
389 135
346 374
89 73
63 302
169 355
297 284
95 45
92 363
287 293
355 308
97 242
150 336
11 239
137 308
21 48
0 391
275 124
325 66
269 233
173 44
171 331
369 94
125 194
345 135
76 358
60 196
232 22
185 271
300 121
381 162
286 127
131 120
268 112
13 383
192 279
10 386
118 203
120 85
130 183
157 348
88 77
10 237
25 55
20 54
134 209
383 154
227 207
190 270
88 387
182 301
241 14
8 392
322 71
358 314
325 65
145 95
320 135
372 155
329 59
159 342
17 220
240 338
36 230
73 188
298 379
286 93
361 89
86 251
248 362
174 134
109 106
281 111
203 38
359 327
287 255
278 122
254 369
255 5
389 152
27 229
142 205
297 116
332 136
278 305
351 375
372 157
272 121
189 335
108 240
74 296
118 204
132 214
69 198
164 347
345 153
108 225
227 12
75 357
347 367
348 311
95 247
12 251
154 302
182 31
171 348
163 120
287 113
66 118
278 281
98 365
165 280
206 327
327 67
267 266
184 300
19 67
335 66
181 343
268 253
96 229
333 143
350 82
375 83
78 285
362 321
341 356
76 198
220 219
34 238
172 301
248 344
331 143
301 56
368 152
256 366
305 59
112 235
191 302
173 295
80 388
300 298
144 91
17 390
30 71
307 381
299 61
352 328
287 383
208 203
77 188
116 93
293 395
81 203
137 322
250 345
57 283
399 140
188 323
184 330
115 251
172 278
340 370
19 393
371 359
80 219
174 319
79 204
264 366
141 314
332 58
143 314
83 378
64 113
288 284
348 385
102 225
287 309
78 279
284 288
74 299
120 309
183 46
84 65
370 75
53 85
250 351
316 64
71 360
150 300
230 202
215 192
108 239
378 314
271 358
268 242
244 24
121 95
285 294
371 304
91 279
12 257
70 360
80 67
258 245
121 82
245 370
175 353
174 273
142 214
87 270
319 61
80 386
16 390
82 388
182 277
284 93
129 219
325 148
331 82
270 265
279 104
347 378
262 287
243 2
12 384
154 143
202 321
179 27
65 283
233 21
360 72
242 343
18 247
25 225
373 70
206 207
180 301
89 200
232 215
162 123
133 112
320 124
106 242
91 297
376 87
14 222
196 335
369 373
132 108
375 78
349 94
176 335
353 311
143 93
304 394
286 284
366 83
381 149
268 354
155 134
83 280
132 284
373 136
277 107
201 41
174 135
72 198
363 74
225 5
70 95
72 105
80 60
148 297
40 94
171 330
270 110
207 328
258 247
75 95
126 116
275 233
202 211
287 245
79 275
158 341
375 89
46 61
281 91
71 268
246 17
4 391
289 275
100 79
218 320
319 144
241 27
361 88
95 240
133 106
176 274
180 302
356 308
70 304
125 199
351 94
357 70
61 93
380 79
372 302
288 109
124 316
379 149
328 123
130 307
354 331
170 122
342 132
268 358
163 117
339 123
253 338
139 190
128 303
136 302
380 147
83 213
170 291
95 51
66 104
64 214
209 204
266 284
83 384
172 347
235 198
328 137
131 201
274 239
272 233
196 292
130 87
79 205
281 264
139 208
144 123
54 210
252 27
39 72
118 186
235 359
89 61
172 35
343 126
265 245
188 30
201 284
82 221
277 116
35 247
373 372
79 377
202 322
195 319
151 331
79 61
171 144
374 370
336 123
146 286
128 210
84 284
126 194
98 238
88 214
117 239
352 320
343 311
275 117
284 127
322 138
57 110
19 395
110 229
307 53
301 389
120 299
226 214
71 201
60 277
348 306
209 309
86 297
365 86
45 113
198 295
43 76
319 135
195 313
166 133
210 342
254 347
278 255
189 288
238 362
204 327
362 98
145 306
184 48
352 355
230 17
255 358
12 243
178 324
320 134
154 299
86 51
357 306
296 110
79 69
287 240
274 256
143 311
266 341
97 258
142 288
255 338
333 74
116 249
261 358
358 299
90 63
369 158
274 285
311 67
111 56
292 93
317 80
36 41
186 45
66 221
190 292
352 300
285 279
45 62
353 354
246 360
222 336
25 51
189 318
357 86
196 276
328 129
79 282
268 259
276 268
150 318
0 244
81 359
87 206
294 112
311 144
373 365
34 72
88 78
179 23
139 302
183 23
63 120
292 105
258 7
193 315
186 55
57 194
183 342
158 125
46 70
311 84
63 282
323 71
177 326
159 141
15 230
82 241
313 55
130 96
374 159
292 391
108 224
398 164
260 349
44 100
386 160
268 305
237 23
107 70
322 152
76 104
84 358
180 345
218 216
180 46
163 119
393 158
196 33
300 59
119 239
277 258
331 126
366 93
198 41
103 256
366 363
65 199
201 36
283 399
80 59
74 278
291 379
134 317
353 322
210 321
315 87
74 222
103 58
379 166
267 232
106 51
125 291
30 233
93 382
328 130
328 79
0 399
115 242
296 124
283 290
17 256
369 96
71 294
89 279
109 66
211 212
296 125
77 302
301 105
374 326
146 206
165 348
255 260
98 364
174 39
347 313
274 255
96 364
137 139
124 99
125 103
90 378
129 297
1 247
214 199
214 313
160 151
102 244
157 136
180 289
278 231
121 213
32 75
284 242
25 71
70 218
181 336
161 345
143 213
294 121
81 365
282 103
311 388
51 59
88 293
387 142
290 287
169 146
167 138
117 199
305 397
126 207
388 171
386 162
165 138
344 372
133 220
184 44
151 129
141 204
10 229
119 204
360 67
80 213
341 368
183 328
21 234
13 385
238 359
195 279
268 280
43 106
78 286
69 296
365 85
81 54
369 320
178 347
173 27
72 203
352 316
240 363
141 284
114 111
26 78
351 305
218 211
171 142
304 380
184 277
188 286
361 334
278 93
194 44
270 243
41 51
62 211
98 79
28 41
290 252
131 291
345 352
292 303
309 53
206 335
190 321
107 64
79 285
354 85
152 291
149 142
266 355
377 321
23 62
270 307
133 111
327 71
138 305
88 289
28 239
80 53
75 373
366 369
246 342
77 375
129 207
128 185
361 315
218 330
208 197
164 290
372 368
170 44
358 378
165 121
352 86
78 293
271 243
63 84
20 252
179 343
167 297
193 332
91 282
36 71
286 380
299 68
286 101
178 47
380 77
236 1
156 307
21 389
158 121
61 289
362 355
3 382
199 324
194 299
349 377
236 206
273 281
394 141
347 316
195 287
102 382
211 318
115 192
208 209
114 202
342 142
147 294
22 241
278 300
149 136
159 116
143 196
196 297
26 252
189 283
188 304
285 238
97 385
28 49
347 311
151 151
88 195
123 312
281 391
308 69
131 311
279 237
212 218
317 148
88 286
186 273
90 256
185 37
350 97
105 249
346 80
109 99
56 84
342 382
351 78
88 380
362 372
391 160
344 373
185 48
123 221
165 149
121 187
146 104
105 250
88 257
285 102
218 196
328 133
169 339
87 367
84 194
304 111
289 246
268 301
370 80
190 272
239 10
199 339
284 299
131 320
101 74
205 208
357 379
73 89
375 302
190 282
98 236
397 155
31 253
160 334
375 162
198 328
353 355
271 300
96 379
96 385
200 33
172 350
355 375
359 300
206 40
135 187
162 353
30 73
287 389
212 224
169 322
176 42
84 58
154 147
9 253
210 325
110 243
254 354
57 93
345 359
282 392
274 302
131 104
131 99
151 290
164 129
41 73
106 53
332 75
374 322
203 312
154 124
199 284
231 25
390 133
94 282
133 88
354 322
335 138
160 329
138 310
371 152
77 384
98 248
346 306
52 91
326 145
63 276
54 209
163 354
368 309
88 358
193 294
347 304
244 20
201 50
274 299
233 348
360 65
162 350
254 240
198 285
62 214
326 152
339 128
394 165
92 235
68 379
152 303
142 284
161 327
89 294
351 100
272 266
88 243
285 92
29 240
363 299
142 107
33 238
371 147
357 67
262 237
361 323
348 81
219 333
272 299
44 74
293 295
329 82
298 294
357 93
233 203
345 302
358 95
144 313
391 170
90 365
268 110
345 74
74 378
198 212
306 382
100 372
23 234
127 204
84 233
265 241
182 276
279 274
61 299
284 237
128 197
87 216
67 276
35 42
309 57
115 109
222 221
125 201
275 243
230 218
171 298
259 1
214 191
98 223
100 261
84 245
247 335
48 59
139 125
236 210
173 135
117 238
223 193
222 210
100 238
355 320
142 194
203 285
228 24
276 262
126 209
287 380
374 320
145 203
167 353
94 236
164 136
244 342
129 200
220 216
5 381
292 390
371 314
197 314
18 221
78 290
75 361
292 110
369 95
165 279
274 251
25 69
284 90
76 377
177 49
157 350
369 319
129 84
153 140
369 152
335 68
248 23
60 191
201 336
98 241
362 68
200 324
282 245
284 257
138 209
64 286
50 70
226 215
114 214
166 318
19 64
133 288
249 349
189 325
312 57
271 351
77 373
203 208
93 62
207 345
222 331
399 152
168 338
77 286
212 337
292 383
188 268
364 100
80 281
250 336
332 127
272 297
93 367
196 323
162 118
346 367
157 299
392 141
74 94
81 72
179 327
260 249
175 36
326 125
175 288
102 77
272 276
80 201
88 247
261 250
152 305
328 125
175 319
97 48
178 24
108 97
183 41
27 54
93 253
393 137
162 320
89 245
186 336
123 191
340 134
51 63
191 270
16 230
353 98
153 300
172 326
385 137
185 293
378 312
79 64
201 207
244 370
331 152
132 120
171 47
171 281
75 200
84 214
274 237
380 88
142 287
354 320
282 107
95 79
290 250
146 145
91 235
97 50
353 91
149 293
9 385
116 97
295 99
192 23
242 2
89 226
185 277
367 97
10 224
130 221
60 294
218 316
297 75
97 75
89 366
211 335
275 120
269 342
204 329
61 296
127 216
383 160
175 279
285 306
148 289
377 138
365 319
58 289
168 39
170 283
272 267
85 237
11 249
173 300
144 139
24 69
266 364
174 270
261 251
137 195
23 223
30 72
268 266
302 100
202 307
333 59
390 161
183 51
79 198
347 314
70 291
372 83
259 259
142 122
117 203
310 63
393 154
114 255
195 301
190 40
49 115
288 240
187 281
216 187
199 309
221 318
5 240
173 268
18 249
252 341
27 238
94 47
86 390
147 288
152 144
192 51
194 27
71 188
75 190
106 57
149 287
93 249
180 56
176 28
328 81
161 141
112 101
321 51
67 202
130 213
195 281
189 284
72 375
198 344
95 57
341 359
98 81
372 68
302 82
373 68
248 7
260 364
145 148
138 315
285 115
86 246
289 90
348 354
237 17
77 379
368 332
313 137
351 81
274 238
375 96
224 191
241 4
109 93
77 288
275 311
69 299
386 150
134 90
270 305
373 158
278 98
333 144
221 195
319 78
338 141
273 298
13 391
52 101
269 304
161 321
360 368
219 339
42 105
255 237
85 353
20 69
360 101
298 92
277 306
77 298
265 346
265 351
339 375
359 80
191 290
270 109
271 238
20
