10
2000
15
94 209
152 46
5 299
247 229
6 106
150 160
40 111
130 211
271 48
143 120
241 216
91 222
10 288
283 40
161 45
248 219
13 287
8 99
31 116
143 123
140 208
17 96
0 102
96 211
38 114
137 206
6 103
83 205
51 112
30 122
1 103
138 164
143 217
148 34
142 122
86 212
125 217
45 105
130 205
33 102
49 123
30 110
252 231
105 200
134 117
254 238
83 204
160 157
89 202
141 133
145 44
39 124
244 232
146 48
238 231
103 203
5 120
140 106
36 120
137 165
139 169
141 52
244 223
19 295
162 36
261 56
137 154
237 240
84 220
271 59
83 209
153 147
242 230
235 228
131 116
275 42
135 213
150 117
83 202
239 218
153 161
159 159
150 41
274 56
154 59
3 289
267 51
158 43
145 151
91 221
39 121
10 102
149 38
29 108
105 206
151 162
136 160
152 38
256 234
52 114
163 165
140 108
143 54
37 113
87 222
12 113
127 211
90 206
148 119
157 43
150 153
43 118
31 100
277 57
264 41
150 126
139 215
6 121
102 221
15 288
90 199
264 61
154 171
137 211
158 46
280 54
39 115
251 222
257 235
53 104
129 119
2 98
30 121
43 120
1 110
271 45
155 122
5 100
4 293
107 211
147 157
17 106
156 149
149 163
152 58
129 214
264 38
275 35
282 41
145 114
144 208
9 103
51 103
258 235
46 124
258 49
39 109
150 59
145 40
257 237
80 214
258 48
5 107
154 156
126 198
242 226
92 218
86 197
36 115
118 209
282 58
20 109
134 126
240 237
150 36
138 214
157 167
12 291
154 115
148 128
49 114
242 229
146 40
143 165
153 169
155 60
143 214
280 42
267 53
135 217
126 199
8 93
30 115
280 46
97 196
158 154
247 240
239 227
9 291
140 123
130 212
13 114
8 291
274 46
161 168
129 198
151 153
155 112
89 213
13 100
134 221
94 221
141 213
148 120
280 48
143 169
135 197
283 55
259 224
251 237
49 115
105 217
93 215
17 112
10 107
258 54
99 196
152 148
121 202
142 158
30 111
12 100
149 154
29 113
2 108
243 228
13 104
33 124
129 206
272 50
165 46
239 232
282 45
40 116
2 116
92 197
1 115
133 209
280 44
127 210
142 151
149 47
241 230
50 108
283 45
275 44
271 50
161 35
148 133
145 49
140 38
246 238
17 108
156 47
101 219
156 41
258 239
145 131
103 204
151 154
144 127
134 112
17 97
260 48
53 112
250 237
245 241
51 109
144 165
15 110
48 119
8 298
264 52
248 223
150 52
6 107
140 131
154 45
7 97
87 218
3 292
15 289
11 93
247 214
21 106
154 170
262 59
255 220
140 130
86 214
33 113
92 212
3 299
101 198
151 172
248 237
262 54
152 164
127 201
144 164
53 116
274 47
17 291
276 57
37 100
146 59
123 204
162 161
122 219
142 42
146 132
131 210
38 115
124 203
235 223
93 209
10 106
148 151
12 99
275 46
152 49
12 299
157 50
120 204
126 204
279 50
141 115
284 51
98 203
148 56
11 296
246 229
136 211
272 56
118 219
118 217
99 221
276 45
93 195
147 134
233 233
100 212
9 299
151 128
148 123
104 201
128 221
262 47
144 118
4 105
250 219
133 205
146 46
121 223
157 34
136 126
136 156
85 211
30 112
276 49
260 57
9 292
125 197
273 55
285 46
244 243
9 290
154 129
256 240
153 45
128 213
162 45
284 47
157 39
141 40
101 203
48 105
96 206
130 226
50 121
159 160
1 99
159 41
238 226
95 212
263 52
137 157
246 223
141 110
153 123
98 217
278 50
143 207
8 106
15 297
99 212
101 212
277 53
10 289
135 212
86 198
268 58
141 109
124 219
152 116
122 213
152 159
152 130
144 120
98 218
145 172
0 297
131 197
134 213
37 99
32 108
137 121
43 115
130 113
19 103
258 220
95 202
151 33
35 124
88 198
133 130
121 203
157 49
155 154
249 228
254 228
120 201
6 108
144 46
133 112
244 217
44 98
152 113
141 201
141 155
145 113
159 45
143 173
9 294
151 40
37 115
264 44
11 95
81 212
45 124
145 42
144 116
130 199
254 234
239 223
267 43
148 127
152 126
269 45
150 113
32 116
4 108
129 116
131 125
241 224
7 295
244 226
33 123
144 48
139 49
266 55
119 206
99 208
121 213
43 122
150 33
4 119
0 101
160 163
247 242
236 237
141 36
43 113
121 221
145 112
141 167
16 108
257 222
253 235
242 221
145 167
4 120
130 210
154 40
138 199
265 50
41 106
235 225
150 132
147 122
87 221
261 224
149 150
13 289
142 213
162 152
266 34
256 233
6 286
162 47
254 225
154 126
148 115
49 101
154 114
134 121
5 295
143 49
156 123
146 56
159 51
130 222
136 123
164 53
140 222
253 218
158 152
153 115
259 50
12 101
266 51
3 286
10 93
8 105
238 225
282 52
124 199
148 50
13 101
87 215
271 58
132 217
100 207
250 220
143 133
149 118
234 236
160 37
142 128
153 110
150 155
94 223
249 237
141 170
47 124
249 216
254 224
4 109
134 127
163 40
149 45
101 220
279 48
153 56
7 112
124 202
153 48
108 210
237 225
102 202
34 105
260 235
253 232
241 223
268 52
134 220
150 51
247 215
155 53
256 231
145 161
154 110
276 35
253 225
5 108
9 102
282 56
157 123
106 209
2 299
272 55
167 46
11 101
148 163
10 112
278 49
147 129
125 224
13 117
261 226
142 202
263 37
145 130
135 118
87 211
3 290
284 50
126 200
276 38
244 235
141 172
121 219
138 122
280 56
51 117
254 237
121 204
261 57
142 38
157 153
159 48
36 104
138 200
271 46
239 221
150 121
135 200
271 51
273 61
2 295
133 121
53 108
247 237
245 224
158 56
119 210
144 52
236 236
271 52
148 55
43 116
142 114
88 204
158 35
141 149
141 214
94 222
10 286
136 208
91 212
276 41
38 110
153 167
131 112
45 108
236 230
42 113
271 61
100 215
285 43
6 105
44 100
107 209
130 121
141 50
97 207
160 150
139 108
140 165
236 220
257 53
139 42
7 286
41 108
259 230
120 206
250 243
9 97
256 218
142 36
273 50
123 217
15 97
236 227
267 44
139 133
245 221
127 219
15 117
149 115
18 299
150 168
250 218
156 158
133 201
97 219
123 220
153 60
247 219
47 104
259 227
140 52
259 45
15 112
43 119
34 102
27 110
138 152
138 218
249 226
156 173
89 197
244 241
148 111
138 153
18 100
84 211
155 36
85 209
10 290
150 128
46 110
142 49
251 228
143 51
28 117
277 55
12 109
102 204
144 207
95 209
40 120
144 50
138 123
272 51
136 163
5 119
140 109
271 54
85 206
237 224
146 108
100 202
153 128
150 55
149 151
264 39
144 170
166 51
48 121
238 239
19 107
282 57
9 117
42 115
166 45
7 298
16 102
283 41
146 157
130 208
162 158
145 33
15 116
126 207
276 55
50 118
129 122
137 207
4 107
44 116
93 214
95 211
267 46
5 296
82 214
49 121
151 123
28 108
137 158
144 49
148 109
135 160
161 37
159 53
258 227
98 198
244 237
125 200
159 155
164 161
8 120
138 110
158 153
163 47
37 98
13 291
254 235
243 222
129 125
156 115
256 238
44 124
11 99
259 222
11 94
106 201
250 226
27 114
151 58
245 227
103 212
0 292
279 58
135 211
141 124
50 115
42 122
87 203
146 53
12 118
88 213
142 159
157 115
87 209
153 165
146 41
92 204
134 223
138 113
158 170
120 209
160 35
93 206
153 125
152 35
279 47
147 165
139 211
43 101
151 39
152 158
157 166
97 220
273 60
150 109
149 55
9 100
89 198
154 118
33 111
239 230
153 38
126 202
256 224
133 212
154 34
243 236
13 293
132 203
162 165
163 160
136 201
155 35
268 51
156 118
261 229
149 125
1 286
116 213
18 99
150 175
135 214
237 226
135 207
83 208
123 212
50 116
152 31
252 235
260 236
145 153
103 221
137 166
159 167
242 215
138 215
144 149
238 240
14 102
251 242
149 33
107 207
94 208
237 219
28 107
157 53
15 96
143 111
83 200
100 196
99 216
281 45
157 165
11 119
10 287
154 125
149 127
149 53
246 222
283 49
248 218
254 230
13 102
148 171
7 95
157 40
269 55
123 210
102 217
9 109
44 97
139 117
136 224
136 119
96 209
103 219
12 104
161 40
142 107
255 221
265 37
92 201
252 224
38 107
91 209
274 55
151 163
127 216
145 52
154 160
260 42
0 110
251 243
158 151
99 210
94 213
145 149
245 216
278 46
241 235
248 217
147 33
92 199
153 116
143 40
270 54
254 231
161 54
41 123
126 219
258 234
0 96
267 36
46 116
104 216
2 97
14 298
160 55
16 297
116 210
91 198
161 160
269 38
132 111
131 200
144 44
145 159
274 49
119 219
147 45
42 118
118 207
143 206
152 37
260 39
163 56
18 295
10 298
119 203
253 217
261 230
48 109
45 117
46 121
153 122
268 53
282 50
12 96
246 216
2 294
99 214
153 126
84 206
0 295
145 125
164 45
121 208
137 203
0 288
238 233
146 114
149 50
125 213
254 218
268 57
6 294
43 121
4 294
127 223
249 235
5 101
19 109
143 48
275 62
140 217
251 215
89 220
6 292
7 285
162 41
152 131
156 119
44 121
118 220
6 298
0 105
2 292
12 296
88 197
35 101
259 42
149 169
98 223
13 299
80 205
260 52
152 127
269 49
128 207
151 34
262 57
93 202
44 113
262 42
54 111
141 166
260 228
6 291
154 147
261 43
4 99
120 202
120 211
133 207
42 101
148 59
48 116
270 53
30 100
252 241
44 115
97 205
161 38
150 110
0 95
269 59
255 239
248 239
7 299
151 156
50 119
259 43
42 119
138 163
133 217
157 171
155 118
135 221
96 197
8 110
122 223
266 38
14 110
146 51
39 107
151 51
83 216
38 102
126 208
152 44
7 99
93 208
4 296
97 211
50 122
155 174
131 121
9 287
18 292
128 223
155 57
252 230
143 171
148 45
144 161
81 207
260 233
120 208
137 205
46 113
125 219
146 39
258 230
93 204
262 39
156 43
134 225
131 204
149 128
240 216
250 231
12 114
243 218
280 47
138 205
123 206
141 54
282 39
98 199
240 230
30 108
136 157
246 242
98 220
245 219
30 107
142 209
262 45
152 162
273 36
263 41
142 149
13 105
154 173
147 130
150 120
133 219
95 201
17 103
14 94
161 150
249 215
122 217
148 150
272 34
162 153
281 40
154 42
14 117
261 51
11 297
125 215
139 207
136 113
163 54
133 221
146 125
131 211
3 114
144 58
163 39
136 165
267 61
259 232
94 211
148 152
238 224
278 56
1 111
144 45
253 216
36 103
37 108
259 55
93 213
253 234
52 112
244 215
139 162
16 289
133 128
144 130
120 221
9 116
88 214
138 212
8 299
89 200
241 217
11 120
3 100
0 287
236 232
97 217
124 204
130 221
280 50
143 153
107 206
122 222
138 112
250 227
264 36
245 237
132 225
18 104
142 150
137 46
135 225
146 149
31 110
146 50
138 128
139 167
11 104
97 197
142 118
117 206
144 152
46 115
45 115
152 157
155 166
12 94
160 40
250 232
254 236
276 60
10 117
121 201
44 104
42 98
16 95
97 209
133 131
261 47
139 48
34 112
103 200
242 217
47 118
5 285
0 285
155 47
131 208
257 46
154 117
44 110
143 112
146 55
42 110
86 217
145 122
273 37
31 117
233 226
83 219
11 292
45 104
143 45
253 227
19 111
49 112
38 108
142 125
264 46
17 104
138 223
151 147
44 120
238 229
256 226
148 51
35 125
9 107
152 43
259 234
132 130
283 47
274 48
136 130
235 232
162 46
30 104
235 227
156 159
279 49
44 109
132 112
252 242
150 173
86 218
122 200
90 214
151 155
31 119
145 128
116 208
119 204
142 41
248 222
246 233
34 108
9 295
149 39
270 55
269 61
142 215
49 111
155 41
43 110
2 290
153 109
266 52
163 50
122 211
246 220
277 40
131 221
150 46
150 50
142 57
137 162
271 56
259 221
125 205
86 219
2 94
19 104
129 200
147 149
141 151
131 123
138 125
19 298
241 240
245 238
149 36
256 221
34 124
135 112
263 48
139 150
141 44
128 202
283 50
279 59
154 128
142 154
94 194
161 156
54 112
38 124
235 237
259 223
156 162
36 121
244 229
263 51
277 35
5 115
268 55
240 224
157 150
154 164
133 113
98 201
142 106
259 54
1 108
143 56
50 100
94 196
144 148
144 212
117 214
241 234
152 119
133 202
246 239
157 45
159 157
8 113
2 95
144 160
146 57
16 106
4 93
260 50
151 146
157 55
140 207
8 101
38 99
277 37
105 208
88 207
258 219
148 35
147 36
126 215
81 214
45 102
126 197
164 164
133 203
148 60
154 50
137 112
138 167
166 49
131 127
266 45
150 53
137 128
95 200
255 225
11 92
242 236
8 94
132 204
274 59
86 221
156 172
153 112
15 103
144 35
132 209
150 37
162 154
102 199
1 289
164 158
256 222
161 158
156 170
17 290
146 106
141 123
255 229
141 106
3 297
98 196
152 146
84 209
48 112
96 203
133 224
6 285
159 172
155 155
84 207
283 52
117 204
277 60
150 35
130 120
261 49
140 202
33 98
139 47
100 220
151 129
238 220
146 134
155 173
139 125
160 153
158 149
139 124
135 215
107 203
270 34
279 45
140 203
145 173
162 52
147 171
149 158
144 53
131 219
153 129
270 61
268 50
32 120
152 163
261 55
1 102
276 58
255 226
261 232
36 105
280 45
138 117
126 220
129 221
102 220
278 61
245 240
30 113
271 47
162 38
2 100
37 121
47 113
117 216
255 234
17 115
45 120
265 51
3 95
143 35
8 103
142 134
137 126
85 207
95 195
132 120
37 116
276 43
37 101
158 158
86 202
99 199
141 207
90 216
143 168
160 156
108 213
28 119
47 123
32 118
119 216
155 153
141 113
4 92
44 101
33 101
153 40
162 44
45 111
132 206
90 198
126 213
121 209
41 103
9 296
280 38
12 295
243 220
39 112
140 209
140 164
152 117
150 151
2 287
2 113
129 201
138 133
143 135
134 129
122 207
34 114
95 206
248 215
150 38
10 119
280 57
53 105
34 109
263 40
140 120
83 215
122 221
140 213
7 115
155 40
157 47
10 115
165 42
17 295
90 211
149 34
34 103
274 62
244 222
152 52
143 160
12 287
15 293
136 159
272 47
6 97
134 199
273 53
8 108
124 198
147 156
14 105
243 215
138 208
142 46
155 46
137 130
141 132
44 99
152 168
143 57
92 223
138 206
119 205
248 242
257 238
274 43
139 134
248 224
34 121
97 216
276 56
267 56
44 117
141 154
96 196
116 209
143 148
129 217
43 104
85 212
123 214
1 291
140 149
277 56
156 49
40 102
43 103
39 110
85 214
130 198
33 119
134 120
122 215
159 170
41 113
2 107
158 58
90 210
253 228
148 146
1 297
46 99
148 148
0 93
149 51
92 216
139 216
154 47
136 158
129 210
252 218
88 205
134 215
238 234
247 235
252 227
9 101
53 113
232 229
36 117
132 222
96 215
150 57
156 46
1 118
247 223
127 203
145 57
4 110
3 295
140 111
16 113
4 287
240 221
89 204
91 208
243 225
52 113
155 170
117 207
85 204
236 238
282 38
133 225
154 49
0 112
239 222
36 125
39 105
259 52
259 57
150 167
158 59
17 114
279 42
9 288
32 100
154 119
245 230
257 233
147 109
32 107
153 113
130 217
40 108
142 160
49 99
53 106
134 198
135 199
266 59
151 38
98 221
147 37
270 43
235 231
1 288
147 113
144 36
3 113
16 116
26 107
147 38
29 117
239 224
14 290
265 49
141 171
13 290
84 212
13 111
149 165
151 173
88 203
142 123
33 114
162 57
140 153
142 50
128 224
9 111
236 233
152 42
139 40
8 112
147 57
54 113
147 117
136 133
43 98
143 131
36 116
130 124
154 120
83 214
240 242
140 50
122 220
38 104
105 204
149 35
17 98
254 222
152 51
160 171
144 155
143 121
144 51
100 198
271 60
135 202
142 216
18 108
91 219
98 219
45 122
120 203
95 198
139 128
92 196
3 120
140 221
99 195
30 118
82 207
239 236
148 41
131 113
146 131
149 160
122 206
37 125
31 118
237 239
261 231
128 208
234 228
142 130
139 158
124 206
146 164
118 204
154 158
84 204
89 221
164 162
145 168
7 92
15 102
104 214
0 94
3 107
249 241
160 159
156 42
144 206
129 222
124 218
31 113
123 215
95 222
152 45
31 114
30 101
91 195
282 48
132 219
9 289
133 119
270 37
81 206
244 239
139 112
130 216
133 122
156 155
160 166
133 110
135 219
245 225
116 206
266 58
94 202
144 109
261 38
9 92
6 114
148 130
155 126
13 115
91 199
264 35
249 223
146 146
142 52
248 230
50 114
50 107
35 98
90 196
151 126
13 103
138 156
155 152
15 291
87 204
155 157
246 243
153 33
141 117
52 106
144 171
278 35
134 111
42 125
165 47
246 219
139 223
164 157
80 210
7 110
263 60
85 219
145 148
141 203
10 113
137 155
281 42
46 104
38 106
91 217
246 240
264 40
281 50
240 235
128 214
281 38
143 147
127 213
258 224
85 208
101 218
161 55
98 214
6 295
93 212
163 162
36 118
249 222
50 112
278 55
143 204
165 160
0 296
258 225
45 101
125 203
47 112
164 43
143 205
37 106
235 234
147 128
269 37
0 114
157 36
273 40
11 291
132 128
281 52
236 221
254 223
141 134
281 48
149 171
133 118
17 113
143 106
141 125
146 38
26 113
149 126
32 105
142 219
256 227
36 110
2 114
10 108
15 298
33 112
275 37
161 164
157 154
108 205
141 116
7 113
42 107
102 206
92 203
91 206
26 112
15
