20
4000
15
42 34
22 83
329 206
293 136
67 298
270 51
99 144
168 260
97 90
173 68
390 285
0 200
280 176
396 107
319 336
353 356
215 147
358 399
378 18
120 250
399 110
72 296
97 102
334 213
314 344
167 76
296 147
92 147
390 23
278 47
103 132
353 348
381 107
35 29
51 23
99 77
290 135
303 145
176 257
394 113
8 87
129 241
36 85
338 196
394 295
365 357
317 214
35 31
162 68
16 93
282 174
21 89
101 88
390 98
289 141
94 101
41 20
99 104
16 81
65 312
99 157
291 166
322 350
203 156
126 237
285 131
352 386
35 40
347 350
130 251
166 248
92 100
273 165
313 346
107 84
57 294
224 158
182 261
78 307
85 146
49 46
54 294
321 329
122 239
332 217
24 71
316 199
108 96
176 268
49 45
399 116
398 280
38 35
399 288
27 34
95 88
87 92
11 190
219 159
282 180
384 104
339 356
292 134
60 295
273 163
107 90
35 23
320 347
351 348
362 356
214 136
49 36
323 329
117 255
269 177
123 242
72 310
32 39
366 16
383 275
349 365
357 346
117 260
92 92
309 335
105 83
109 91
340 360
293 129
8 208
214 152
210 143
382 282
346 352
380 294
46 28
89 98
122 257
279 45
366 349
22 71
121 255
52 33
109 148
274 185
335 211
111 142
90 151
3 193
274 53
24 80
183 59
30 95
374 30
260 57
338 210
89 91
394 101
110 242
130 259
325 340
102 98
52 41
390 14
92 94
130 255
271 184
340 215
46 48
6 209
45 32
394 103
323 333
224 146
74 290
58 287
168 273
376 289
321 215
276 55
388 29
304 128
340 214
27 86
354 397
265 54
96 150
361 353
333 201
378 289
123 237
273 164
62 299
384 105
209 140
70 308
390 278
327 196
367 26
277 61
378 22
180 261
304 132
268 174
393 102
284 139
17 69
173 270
288 132
96 153
319 206
351 368
291 185
56 35
368 27
10 201
382 25
314 327
104 157
264 39
263 63
391 280
339 206
294 172
27 81
286 170
387 18
204 142
351 398
353 358
353 352
54 34
310 329
102 84
297 123
358 368
228 142
378 15
3 196
325 334
359 360
276 170
52 36
320 350
134 248
318 198
393 297
381 291
320 336
367 357
66 286
165 272
371 6
180 73
45 26
184 68
107 250
97 99
121 254
280 181
1 191
42 45
366 15
273 56
25 91
52 30
282 51
396 102
299 129
381 296
65 310
79 305
5 212
2 186
91 153
127 246
395 273
118 251
64 293
385 281
288 149
125 250
362 399
296 127
294 127
352 396
96 91
180 77
19 80
397 102
336 203
329 215
44 41
85 144
353 398
317 343
111 92
375 16
99 150
94 139
90 100
300 144
80 304
226 156
94 97
359 394
2 206
210 139
314 337
98 153
329 337
177 258
392 106
205 145
325 208
123 236
94 76
220 140
382 104
21 84
13 72
57 298
339 199
339 196
100 83
330 212
111 246
87 153
103 155
94 133
11 193
103 98
330 345
367 399
213 150
297 141
170 79
119 257
93 141
89 92
168 66
305 331
318 206
340 357
93 143
303 143
34 92
68 310
207 138
12 207
103 145
162 265
350 393
93 76
117 251
96 84
362 345
100 156
381 293
353 342
331 209
91 83
270 40
164 66
33 91
356 368
332 337
320 200
344 359
320 339
341 364
117 262
18 93
282 167
366 394
14 80
330 210
124 242
327 213
322 208
23 79
261 46
344 357
22 74
367 353
59 291
382 8
107 257
335 212
327 194
387 22
268 59
72 300
161 258
121 242
283 189
102 135
93 90
293 141
2 188
351 349
203 143
352 347
163 57
79 301
14 90
97 98
286 128
169 253
349 343
94 134
112 148
367 396
91 138
313 341
90 92
165 270
279 179
364 362
291 171
318 197
318 337
389 276
51 34
103 135
16 71
120 245
388 7
359 388
348 392
25 97
385 103
167 56
24 85
393 101
94 96
290 172
326 203
359 396
89 150
324 331
289 130
22 88
383 280
373 26
185 74
317 340
18 79
121 259
12 192
371 13
366 352
173 55
276 41
267 61
287 124
361 356
271 54
315 349
41 34
305 333
110 135
318 328
96 148
76 293
381 8
342 350
95 143
42 25
211 133
118 261
81 296
119 250
259 43
210 160
166 265
179 70
17 80
90 88
368 391
397 94
304 131
317 211
394 96
58 302
385 12
399 273
68 305
182 256
341 365
120 240
76 304
109 94
119 249
371 395
354 390
288 135
115 253
309 325
364 386
313 342
398 276
115 237
314 331
89 133
169 55
16 73
397 283
125 249
321 328
113 145
362 368
278 59
170 74
383 104
387 10
358 345
388 286
331 327
312 323
283 52
354 351
325 344
351 394
378 9
121 244
376 9
26 83
394 94
6 197
228 144
65 295
176 253
293 179
74 287
270 169
125 252
319 323
227 139
18 84
31 88
161 266
367 28
317 202
223 150
291 183
260 52
305 144
344 397
221 142
92 140
297 148
272 60
158 257
61 298
323 341
268 52
380 5
398 108
180 266
324 330
381 277
324 342
69 300
74 311
66 292
174 253
333 199
322 199
214 146
208 143
360 388
45 22
283 128
353 385
219 135
292 122
110 248
283 177
9 211
77 299
32 37
35 79
285 162
274 167
386 17
399 118
18 90
385 16
88 81
10 204
31 73
173 254
116 242
178 268
1 187
217 151
277 47
178 267
36 41
325 346
391 99
44 27
320 327
15 82
111 93
268 41
164 256
66 308
40 45
399 282
262 41
32 25
375 21
398 105
272 55
321 348
132 259
316 340
113 251
345 349
371 26
108 138
315 339
177 72
122 255
224 159
103 92
56 306
221 150
22 70
174 80
156 269
26 73
112 252
170 67
171 263
290 179
398 107
175 264
27 82
48 38
89 149
224 147
45 31
398 99
171 247
306 135
2 214
331 215
25 72
223 148
41 24
343 209
33 79
292 175
72 309
181 266
205 143
15 70
163 255
362 346
67 291
115 236
395 112
392 95
211 145
213 158
317 346
276 164
208 138
91 93
213 136
284 167
261 56
169 65
320 337
362 397
104 131
390 286
173 260
312 336
329 327
87 79
121 262
391 278
89 152
382 29
355 396
329 334
281 176
393 95
111 90
84 144
68 292
181 69
324 214
30 86
271 185
345 344
326 211
226 140
161 259
285 172
219 151
78 306
218 159
61 304
228 149
103 94
86 138
348 393
352 394
25 78
90 97
177 268
43 33
9 87
391 101
69 302
360 392
90 91
350 342
218 146
18 97
278 57
372 26
283 175
90 142
299 123
367 13
276 162
76 295
343 356
50 46
71 288
316 341
387 96
32 83
44 32
278 162
384 16
398 293
277 169
102 157
166 246
372 25
355 344
282 144
316 332
19 76
178 66
95 152
103 97
358 364
376 290
290 133
216 137
372 23
398 291
311 348
357 354
87 146
313 326
86 85
216 147
42 49
220 144
16 76
95 99
172 252
267 41
49 47
379 24
271 63
335 203
100 85
107 252
80 299
64 285
345 365
257 58
383 287
40 32
9 86
283 134
317 342
388 26
173 79
105 142
89 79
28 84
55 301
330 193
91 102
23 88
33 82
279 63
347 389
24 97
318 329
84 88
70 293
293 125
263 39
391 111
112 137
284 175
302 137
125 258
31 87
380 18
86 99
182 259
12 197
113 140
322 202
5 193
356 357
25 74
379 282
106 95
390 109
326 343
123 240
286 132
164 76
105 101
310 326
222 140
12 72
389 11
267 38
71 308
37 46
388 297
281 170
375 22
269 166
301 125
93 139
376 281
315 328
76 301
8 200
217 140
258 49
172 71
310 325
74 303
159 249
333 331
98 102
289 166
222 154
354 396
362 364
293 126
26 86
291 149
398 112
98 155
353 343
108 82
286 137
348 361
180 79
273 174
286 149
261 59
104 103
389 18
357 369
283 180
160 252
204 141
229 147
65 304
348 390
205 154
184 74
283 56
96 143
394 99
33 32
58 299
371 24
19 97
337 209
114 251
105 132
397 281
349 370
362 385
392 299
386 298
358 386
392 283
6 192
374 28
354 349
14 71
267 183
39 41
292 183
390 106
27 95
173 250
311 336
178 54
274 54
204 146
77 302
308 346
60 288
33 80
389 95
363 351
161 61
33 73
316 335
300 142
323 323
345 393
210 149
327 217
327 207
21 69
291 130
176 267
385 22
274 50
87 138
79 302
295 131
46 25
182 76
264 64
379 21
315 350
87 80
48 32
288 147
98 90
325 220
178 76
338 198
366 362
381 294
106 153
0 185
54 43
321 323
46 34
319 200
32 29
384 111
374 9
98 87
46 22
279 190
268 53
55 29
2 202
364 365
294 181
43 37
373 32
317 326
176 54
373 8
38 36
170 64
208 158
187 65
399 119
166 81
176 252
283 50
159 260
104 134
278 42
86 142
94 82
215 155
258 44
164 270
377 279
1 188
379 25
395 98
101 151
361 396
36 86
104 145
155 265
55 33
181 257
285 171
311 335
89 99
164 247
163 270
279 183
312 340
321 203
353 388
297 143
377 24
109 240
387 29
174 258
15 86
103 84
349 356
168 67
382 280
396 121
108 256
28 92
93 101
107 133
18 72
213 154
211 139
388 111
339 208
89 136
166 251
58 307
213 146
69 298
272 61
361 359
280 133
42 29
310 330
8 210
169 262
283 190
271 168
72 284
282 169
361 399
275 189
88 144
367 352
361 351
31 41
180 265
328 200
366 23
381 282
64 307
185 65
28 39
207 141
359 352
264 41
393 292
165 73
107 155
221 154
34 38
48 23
22 85
272 38
265 45
292 171
69 293
389 296
50 32
220 133
284 180
278 174
225 152
15 83
335 207
95 81
342 357
385 10
277 186
269 51
177 68
374 15
292 143
164 257
121 245
265 64
22 69
276 184
124 263
315 340
346 361
164 78
328 203
304 144
286 139
19 84
41 39
11 205
286 146
60 291
275 177
97 93
280 175
217 149
176 271
110 97
2 210
109 242
383 283
167 64
76 297
101 146
376 17
100 139
279 135
154 259
126 239
286 167
4 206
274 171
86 147
260 42
280 171
118 239
382 15
349 344
376 22
3 199
180 58
220 142
24 84
325 341
309 342
94 85
13 79
108 246
301 148
350 346
63 290
164 80
306 136
226 151
290 175
112 143
176 248
5 197
318 350
330 207
276 173
85 145
30 27
353 350
167 55
77 296
323 332
287 147
292 181
161 65
267 54
50 26
322 339
396 282
108 249
309 347
102 138
22 92
274 61
27 88
157 254
370 29
59 294
11 206
290 127
63 301
359 367
292 126
213 137
9 188
266 43
156 259
86 87
54 301
158 270
165 247
223 138
78 296
48 24
323 343
388 288
105 102
399 286
352 354
339 357
76 308
351 386
98 80
339 355
24 95
340 196
94 87
51 28
279 132
161 77
361 398
157 265
356 370
331 220
154 265
391 299
209 147
32 84
219 133
356 358
364 16
31 91
94 80
128 255
179 259
173 266
167 272
216 138
92 136
53 42
281 177
322 334
33 78
366 355
387 112
279 62
224 153
126 242
376 30
2 213
392 280
87 148
274 42
14 79
385 117
68 293
211 150
388 112
33 31
8 84
326 326
380 24
177 254
0 214
392 113
307 339
362 359
353 364
35 38
297 128
351 342
276 188
78 303
219 134
34 83
374 11
283 46
370 390
171 60
111 258
280 167
62 296
107 93
296 140
315 327
396 295
369 10
166 73
388 110
295 140
226 146
81 300
169 254
203 148
168 269
216 139
353 345
392 104
62 295
88 140
369 392
98 136
358 361
223 146
386 271
281 141
90 146
172 271
276 180
99 88
356 369
40 22
18 95
280 47
178 55
32 88
382 281
114 249
274 52
303 135
280 41
339 352
75 291
378 7
51 39
380 286
286 172
331 340
377 18
269 181
286 178
289 181
2 197
119 264
36 30
161 268
81 297
342 360
104 144
289 136
123 263
130 261
272 41
283 144
279 182
0 203
383 14
98 131
211 140
120 237
104 89
286 124
291 186
327 326
382 17
207 142
279 167
21 85
264 60
343 358
58 292
87 140
367 15
295 137
9 203
89 148
185 60
170 66
53 301
107 247
99 86
266 40
319 201
348 351
328 334
83 87
355 398
113 260
389 107
311 328
386 296
202 153
360 389
267 57
302 132
260 41
227 150
167 261
387 98
113 250
208 134
215 144
281 134
183 73
2 190
383 15
261 44
206 157
217 144
102 104
64 291
176 65
294 148
268 183
377 27
169 69
392 14
166 74
331 337
355 368
205 149
15 87
53 38
269 172
346 357
0 193
201 148
114 256
295 123
102 147
266 53
306 331
285 185
271 169
55 295
329 205
117 241
110 150
297 127
352 393
117 254
335 214
396 293
166 250
162 268
396 286
336 208
312 346
340 359
357 347
292 124
181 267
282 162
282 54
170 260
157 268
390 290
111 256
355 347
292 184
330 334
329 214
85 93
116 264
68 297
62 288
262 39
394 117
54 35
265 42
164 59
17 96
23 96
95 145
326 331
3 208
370 14
289 173
323 344
23 86
319 214
39 46
391 273
395 271
134 250
58 305
177 253
110 254
202 146
321 322
382 285
18 89
386 28
208 160
359 354
291 182
306 335
164 258
264 62
383 102
69 310
34 36
384 298
111 151
365 360
97 94
169 260
330 336
120 235
330 341
373 4
285 165
60 292
67 294
158 267
357 359
356 350
37 43
398 103
122 246
31 40
359 361
169 56
225 156
328 337
259 51
289 146
90 80
384 18
115 250
353 360
67 297
58 301
181 67
30 25
207 148
92 103
126 253
61 293
63 305
13 71
51 42
320 346
60 302
282 134
115 243
387 99
256 52
179 250
336 219
290 136
175 254
349 363
288 184
42 35
87 95
209 141
311 342
100 134
166 272
172 260
29 74
261 52
157 261
302 141
258 42
92 87
172 258
172 264
94 153
388 8
126 251
16 88
206 158
281 127
277 171
12 206
360 359
372 12
355 342
73 308
105 79
10 206
354 357
380 8
272 49
356 363
209 156
168 61
91 141
99 130
385 286
279 55
379 287
19 83
276 186
384 288
214 154
228 153
323 349
317 347
18 88
216 153
376 288
332 203
118 241
72 286
298 124
159 265
100 151
156 257
38 42
55 305
387 14
164 265
278 175
341 347
284 173
288 142
357 362
217 154
11 79
223 139
97 135
371 23
129 254
162 257
344 353
356 342
113 237
393 99
344 347
182 69
95 137
269 42
259 53
166 68
113 239
323 202
292 131
109 247
396 95
221 140
100 77
369 6
97 151
165 76
64 309
315 329
176 76
345 362
207 136
386 29
87 152
99 97
376 15
393 111
103 103
317 206
282 168
9 201
4 205
256 51
86 149
318 326
301 135
389 17
90 148
275 163
89 142
182 79
273 187
163 62
164 57
92 78
216 140
218 143
90 153
76 298
17 94
283 48
347 364
341 351
326 219
389 274
168 69
307 345
204 150
211 161
85 139
282 165
384 274
319 195
177 65
384 103
218 144
55 32
374 25
392 18
313 343
275 46
29 72
381 28
212 142
298 141
391 96
116 250
19 90
102 139
377 11
371 397
340 210
217 139
101 136
321 331
123 258
103 83
329 328
391 95
106 136
44 43
48 34
89 85
398 294
272 64
161 253
284 179
47 48
327 211
123 250
30 37
49 23
283 169
378 12
209 149
6 213
384 6
12 193
42 43
298 126
179 58
110 252
392 277
271 42
101 90
337 208
26 85
166 259
218 142
170 76
45 34
219 143
392 22
91 100
318 336
319 327
277 168
162 64
350 387
338 200
212 157
361 395
129 248
92 102
64 308
4 187
285 134
322 329
260 40
48 35
87 90
363 393
319 334
383 6
178 70
341 360
103 146
325 202
354 367
290 182
113 247
272 52
114 250
354 385
162 71
95 155
7 213
95 101
311 344
99 79
11 191
282 136
213 149
45 25
378 28
170 268
392 115
355 349
386 104
221 135
297 124
70 291
221 134
334 194
35 30
220 139
100 87
104 83
300 149
315 343
27 84
378 31
316 338
321 213
391 16
322 341
95 76
217 142
358 396
269 186
73 285
110 245
276 185
324 218
214 142
221 136
358 363
102 143
126 248
288 176
383 295
33 34
337 197
331 197
163 78
168 266
55 296
399 105
281 59
354 343
93 149
297 144
321 211
373 29
78 290
319 340
272 176
278 187
164 251
30 75
115 240
96 83
125 259
55 291
225 144
52 25
17 97
214 143
50 35
331 214
175 65
160 260
179 265
207 145
370 26
325 203
123 247
205 153
275 53
95 97
392 107
340 208
5 206
3 206
165 262
372 396
371 29
92 137
29 41
351 364
361 397
160 74
275 39
324 339
109 260
291 124
163 65
333 333
215 152
224 156
297 150
325 204
52 40
376 18
389 10
332 213
286 166
376 285
366 351
333 197
102 132
100 143
64 312
398 289
46 21
164 248
343 363
287 188
381 31
37 83
74 298
355 351
382 294
373 28
24 72
326 348
319 345
269 56
348 353
30 82
112 257
43 41
381 19
97 76
34 90
94 77
125 262
375 25
74 305
256 46
336 193
73 304
271 37
271 172
174 265
119 261
391 103
321 343
268 55
10 189
133 246
107 96
376 27
397 104
390 112
390 99
377 9
107 143
55 289
94 136
373 31
170 77
100 149
294 140
334 211
364 395
119 247
338 209
162 72
365 363
384 109
394 296
357 361
316 350
31 33
33 88
116 246
124 253
81 295
313 329
180 260
164 70
7 200
381 284
94 156
90 156
180 72
65 301
295 142
55 292
390 108
109 252
32 77
367 23
390 298
260 53
95 78
10 92
353 349
294 171
54 40
284 177
119 248
217 158
96 92
269 40
300 131
259 57
284 185
316 344
317 332
56 29
269 185
98 100
280 40
294 129
383 12
93 145
179 264
280 178
74 296
201 149
109 147
392 119
329 325
66 306
399 97
315 342
16 75
309 341
106 253
273 44
282 59
323 347
92 88
262 51
278 40
326 337
271 171
289 148
221 138
372 7
363 399
364 355
182 63
170 78
121 257
20 90
327 347
48 45
43 21
320 211
36 25
312 328
37 33
60 306
357 390
63 293
281 179
393 287
109 134
363 365
122 253
330 343
33 38
345 352
120 242
53 29
21 71
395 94
175 261
228 141
85 85
175 256
163 258
105 131
12 88
85 90
329 335
260 45
371 18
316 328
98 103
113 142
270 58
290 170
322 332
109 145
355 397
101 99
259 41
32 79
127 252
392 103
278 50
109 248
329 194
120 238
53 33
324 211
337 195
161 68
327 201
282 48
371 392
179 81
212 160
266 176
268 38
96 80
392 285
209 145
8 201
110 137
373 25
270 45
171 71
65 287
321 327
157 258
161 64
3 186
0 192
321 335
76 289
320 203
227 146
51 25
55 30
86 95
385 273
177 79
167 250
275 54
111 259
215 143
288 187
374 7
298 123
105 93
112 259
97 136
284 190
315 206
96 142
280 187
159 254
105 100
174 251
225 140
214 149
32 31
329 196
364 351
276 50
276 183
85 148
64 296
36 78
310 339
397 117
10 77
385 110
388 282
358 344
271 181
301 129
166 247
345 395
1 203
92 84
164 253
56 33
284 181
11 83
101 141
70 309
106 131
346 395
341 355
399 93
77 307
174 267
204 145
323 334
286 183
177 80
377 289
263 60
393 279
168 62
326 220
382 276
160 66
333 215
91 142
170 69
395 96
49 32
176 251
390 97
113 244
330 200
97 153
357 353
379 31
340 358
375 30
278 136
302 146
333 206
2 208
374 26
397 106
335 208
102 102
346 346
346 344
109 245
176 78
391 289
4 210
393 293
378 283
272 175
174 59
165 263
3 210
359 348
88 99
70 299
305 142
384 110
26 70
266 48
167 70
178 271
3 197
338 216
347 343
28 32
34 27
181 261
18 73
347 352
380 276
27 97
107 91
105 92
83 88
352 364
177 260
395 100
380 7
55 300
397 116
3 205
327 342
357 357
383 292
91 94
98 145
355 350
209 138
218 160
201 144
287 180
162 60
59 304
395 295
96 152
362 395
173 78
2 205
161 74
283 126
167 260
395 109
293 140
294 173
355 367
89 138
292 169
12 78
388 13
377 25
397 111
118 257
322 344
175 250
165 69
65 308
53 30
169 67
108 243
389 279
275 164
112 243
379 284
30 33
360 393
258 48
279 46
268 40
72 298
359 346
130 257
168 259
111 141
392 275
315 210
393 276
290 145
355 356
93 153
367 20
288 136
285 166
277 45
324 197
322 331
384 24
396 117
94 150
266 179
318 344
265 55
108 91
90 93
389 101
57 303
125 248
33 75
222 135
337 199
66 303
121 238
169 72
88 148
290 166
300 124
0 209
169 61
30 84
73 291
288 126
26 69
173 249
47 30
173 259
391 287
168 72
282 49
266 47
364 13
273 45
330 208
271 41
325 339
359 386
96 156
170 58
374 20
274 182
316 200
300 128
90 90
109 155
75 294
230 147
396 272
382 21
67 305
309 332
115 260
371 30
6 202
19 87
165 268
392 292
163 247
307 131
354 356
105 91
273 59
229 150
123 241
359 366
359 344
277 184
164 63
23 70
219 136
388 19
206 138
328 208
344 348
166 264
164 260
93 147
391 105
277 189
384 115
171 75
386 97
260 51
131 259
183 74
54 25
104 143
358 370
176 272
130 244
285 188
169 80
229 151
378 8
77 290
97 146
25 89
102 137
91 101
164 60
319 321
29 91
330 199
206 145
10 210
297 137
91 82
6 199
106 78
128 249
93 81
371 17
171 77
304 136
370 25
348 391
34 87
102 78
364 399
270 65
100 132
367 395
183 75
123 259
5 205
292 170
371 16
134 253
270 60
281 55
390 24
174 58
126 246
353 353
298 148
7 208
10 195
29 39
309 336
347 356
90 144
101 102
292 140
102 156
13 197
328 327
359 393
294 136
168 54
343 352
43 22
172 80
366 353
122 260
388 18
160 70
271 177
276 45
98 154
349 387
66 298
86 83
285 167
335 217
36 81
104 154
9 88
173 72
379 12
59 292
100 82
214 156
46 29
225 145
328 197
163 252
210 133
157 253
169 70
226 155
390 96
88 143
279 43
340 200
285 148
367 12
283 139
267 169
397 121
28 76
320 201
177 269
370 28
308 326
3 201
24 87
398 282
307 140
116 253
355 364
37 20
165 265
393 110
163 69
94 81
273 169
289 185
398 120
127 262
273 176
88 153
108 259
111 89
169 251
56 298
314 326
396 104
120 260
285 136
348 396
286 171
263 59
208 142
359 349
265 50
181 79
0 199
329 345
281 184
219 138
113 255
125 246
208 155
319 198
112 262
267 181
174 62
314 345
349 347
161 251
101 130
219 160
118 259
350 353
121 261
351 365
316 336
281 174
30 38
181 57
381 4
350 370
34 44
104 88
186 71
275 47
17 77
373 22
105 89
274 166
285 130
347 346
161 257
258 57
224 150
80 300
31 43
387 296
107 147
59 302
393 280
176 80
3 191
27 72
186 64
396 119
187 68
105 147
287 130
268 178
316 208
269 167
324 341
167 273
8 211
94 83
87 82
174 260
390 292
91 134
337 211
340 201
331 339
177 63
48 42
57 287
121 246
271 44
90 94
387 273
348 370
384 276
381 18
295 143
225 158
12 196
220 138
293 147
95 80
382 18
382 291
379 23
211 142
279 42
384 272
106 144
100 93
360 399
333 195
166 77
399 287
103 141
332 335
281 44
54 39
344 367
14 203
289 150
167 249
318 334
327 346
373 10
283 164
352 362
277 163
344 363
317 198
206 148
353 387
92 132
345 353
280 44
364 394
110 146
276 187
112 147
374 23
300 137
62 293
106 156
333 194
377 285
394 112
177 55
132 251
184 78
361 392
58 306
68 308
387 287
29 81
276 63
399 280
282 140
214 133
47 47
56 294
90 137
98 134
363 392
174 73
95 102
292 123
299 136
279 141
281 162
283 55
286 185
160 65
110 250
351 347
301 134
278 185
337 210
396 99
372 21
7 212
222 156
268 39
271 38
72 299
399 121
291 138
269 54
41 47
22 79
209 146
273 39
48 37
284 134
89 83
359 350
283 174
390 293
324 209
320 343
86 140
270 57
77 294
397 101
110 260
354 387
120 249
334 218
172 249
330 192
305 137
325 206
165 249
185 59
4 202
344 361
36 24
388 283
274 187
288 166
66 304
111 257
93 104
211 153
87 98
101 91
39 21
36 37
160 266
63 307
219 141
99 149
280 172
87 91
317 336
182 65
91 77
96 81
274 174
85 94
132 242
305 143
75 304
263 41
280 143
39 36
278 164
348 395
161 75
348 358
94 143
160 63
73 293
165 274
34 80
99 152
340 209
130 253
288 179
282 139
366 350
305 141
175 69
269 65
277 64
357 344
103 142
32 81
31 36
364 363
364 19
326 323
59 297
95 154
391 12
272 50
380 28
86 96
221 158
325 345
275 64
93 95
57 288
112 146
317 212
356 345
363 352
269 50
271 50
175 249
355 385
266 42
111 91
25 71
31 28
92 82
371 398
163 266
206 154
67 296
267 51
260 49
26 91
216 161
100 84
36 42
217 138
35 28
326 201
66 300
381 288
261 41
183 65
317 213
110 256
94 157
388 293
272 65
177 58
270 185
293 144
63 302
384 114
165 251
97 148
265 39
322 219
390 107
397 284
94 102
48 44
28 77
56 37
318 216
308 341
384 293
121 250
52 34
388 103
105 155
355 354
33 92
307 332
16 79
365 397
342 209
346 360
281 56
328 198
172 76
11 78
323 199
387 11
373 12
379 281
17 79
399 296
177 57
108 155
99 131
284 138
57 302
379 280
98 158
364 347
397 276
116 254
320 342
310 324
171 69
391 276
218 155
28 38
103 147
383 293
108 153
12 200
178 68
386 288
108 95
45 46
35 45
212 154
219 148
31 27
395 286
265 38
172 67
359 356
41 48
271 164
109 258
378 21
77 292
342 366
19 88
16 91
93 131
290 134
228 143
263 49
68 288
387 102
382 14
177 70
383 30
380 278
272 184
274 176
209 144
392 17
342 202
1 189
124 236
107 88
5 198
38 37
224 145
174 79
395 116
131 256
392 273
284 55
108 100
310 328
372 13
383 288
23 77
392 282
183 71
335 215
383 279
224 154
397 120
286 169
99 132
374 32
99 135
117 248
171 54
226 152
369 389
170 54
386 107
131 250
106 79
203 149
385 106
65 296
103 88
56 296
169 76
128 261
310 336
392 288
23 85
31 30
281 47
286 180
387 281
4 188
0 197
215 157
130 239
292 135
357 391
113 252
43 25
69 297
392 279
344 362
181 260
159 67
99 146
309 339
16 90
325 330
345 363
368 13
291 126
354 364
325 335
353 366
1 206
283 47
278 170
219 156
159 267
316 327
385 100
101 152
325 205
225 149
222 142
178 258
35 32
110 246
181 64
390 282
389 116
160 257
390 19
265 44
384 14
131 248
126 258
322 193
221 159
111 238
92 134
7 203
303 132
91 78
172 250
44 28
371 8
106 98
271 48
170 267
11 73
98 130
30 76
276 49
318 335
389 98
371 7
211 157
100 81
83 90
335 216
165 266
397 118
57 297
316 343
19 78
292 146
269 63
344 344
354 398
75 302
397 93
294 125
50 44
101 135
387 17
362 392
345 347
178 60
176 255
106 91
26 87
31 79
288 182
165 67
58 303
26 75
102 83
374 29
211 136
284 169
165 271
224 149
28 81
326 325
70 300
274 177
350 358
176 74
10 202
57 309
60 286
399 99
105 94
306 137
382 106
33 24
174 71
319 349
342 207
156 255
271 59
385 15
382 107
324 196
76 307
326 210
91 140
332 342
330 217
266 64
399 292
303 139
128 257
290 131
341 349
387 275
102 152
13 194
171 264
70 298
212 141
282 145
109 254
358 369
159 253
70 307
278 60
203 151
285 176
332 209
96 139
273 171
180 69
314 350
182 59
378 286
379 7
367 16
36 36
32 41
56 31
9 193
168 254
267 179
40 28
171 268
388 101
393 278
371 14
107 150
20 74
22 90
332 194
354 358
327 344
120 252
298 136
39 34
336 214
270 56
268 49
256 56
92 89
324 198
288 125
167 74
372 31
172 58
110 240
157 255
347 348
389 23
271 57
76 303
288 185
38 45
164 254
330 220
395 117
379 289
205 158
351 354
209 150
320 325
306 143
108 139
165 259
271 180
10 196
316 323
386 99
185 63
362 363
10 199
108 150
342 213
227 141
206 155
280 62
180 56
276 51
387 276
165 65
394 105
367 388
268 58
181 61
354 361
82 298
280 55
384 28
277 166
275 176
298 146
223 159
21 82
397 298
267 53
168 274
165 260
386 287
392 20
370 20
370 396
187 72
175 79
77 297
366 17
388 17
264 56
7 202
53 32
6 198
32 42
384 282
280 180
362 362
373 14
303 137
341 211
330 346
313 335
363 391
79 303
293 131
176 77
37 25
66 290
111 251
384 8
290 122
115 258
394 298
88 100
323 208
176 57
38 43
162 270
172 247
181 80
280 59
382 284
276 58
357 360
172 253
109 249
170 258
285 170
293 173
74 294
71 296
35 43
124 239
30 43
333 220
374 6
104 100
221 149
162 66
90 96
9 192
295 138
395 102
393 106
159 270
101 131
328 201
52 44
181 70
102 151
16 87
341 207
23 91
220 143
396 105
386 285
358 393
268 51
223 158
174 64
19 91
104 130
279 53
20 94
216 154
187 71
369 395
338 218
273 170
42 30
385 290
383 9
273 183
394 280
59 308
355 346
207 150
384 108
64 297
38 41
60 307
320 216
166 78
346 365
93 100
167 60
347 358
112 251
36 39
89 134
326 339
265 62
107 140
8 196
281 168
330 213
321 216
267 48
217 133
110 239
223 154
26 82
349 391
65 298
378 24
318 343
121 251
4 194
285 147
119 253
316 345
327 219
170 262
85 141
62 311
100 145
123 256
289 124
279 164
22 84
22 94
364 393
3 192
120 263
13 90
396 288
94 103
14 92
362 365
33 40
326 208
180 67
122 261
13 95
362 355
368 18
358 391
328 346
168 252
270 38
168 248
18 81
216 135
172 74
43 23
276 178
305 128
343 367
7 190
108 251
324 202
32 78
344 354
358 367
37 41
167 79
34 77
56 30
259 56
388 100
303 131
57 292
32 36
301 126
263 62
44 20
164 249
367 389
81 298
129 247
283 142
351 351
261 45
328 205
277 50
179 55
366 27
88 80
37 26
359 390
397 274
123 252
87 97
215 133
175 72
163 79
284 165
109 253
339 214
388 285
318 202
206 142
103 82
362 393
348 388
393 284
0 202
322 201
176 256
107 82
359 397
98 93
395 294
170 265
278 177
185 68
104 139
208 156
214 153
185 71
15 91
59 296
110 144
42 39
67 304
101 104
104 156
351 370
399 284
395 107
311 345
280 56
342 210
18 82
324 349
25 92
290 128
328 328
273 172
369 24
278 166
93 138
215 153
108 255
77 305
281 136
297 140
378 16
280 139
273 177
358 384
348 360
332 211
264 38
372 394
267 63
119 262
322 205
278 176
124 255
105 97
328 333
283 182
281 145
20 82
398 296
105 145
75 286
273 167
330 330
342 203
6 203
127 254
379 278
102 76
390 10
282 143
126 243
356 355
74 288
107 246
283 145
73 290
48 28
381 16
282 186
54 303
300 126
348 348
262 44
176 69
18 76
53 294
284 131
357 389
91 103
10 207
281 172
2 204
323 198
364 352
366 392
217 155
97 154
3 190
389 24
262 61
72 312
275 41
324 325
161 270
376 25
226 144
305 130
393 112
274 170
42 32
330 204
349 355
385 297
127 257
8 83
222 145
109 153
389 299
8 194
385 292
321 346
33 76
319 216
267 178
39 32
386 6
115 248
38 25
296 130
325 349
88 93
290 177
308 329
158 258
169 54
180 254
56 292
392 101
323 205
215 132
349 346
166 249
271 60
372 398
61 286
171 246
334 220
125 251
206 150
62 306
367 392
332 196
378 30
269 170
386 280
211 134
284 148
300 145
390 289
52 37
386 274
105 143
267 55
367 10
226 137
217 134
107 139
318 332
329 213
174 271
96 89
107 249
224 148
377 20
220 137
320 218
312 337
169 274
343 365
210 136
258 52
367 27
308 136
69 299
42 47
382 23
107 136
23 83
377 280
180 269
91 86
283 44
358 358
105 99
356 343
216 149
336 206
314 342
284 141
47 28
299 143
121 237
282 47
108 258
370 10
218 158
171 65
209 136
61 311
50 34
360 345
106 81
276 168
30 77
102 92
287 126
317 325
352 348
302 133
34 88
166 261
378 14
306 142
261 53
170 261
111 94
11 199
183 76
366 396
300 125
21 94
84 83
365 394
281 132
327 210
396 275
90 103
97 131
395 119
336 196
321 199
347 344
306 343
102 81
53 36
176 254
74 292
299 133
105 138
325 215
324 348
360 353
283 166
325 195
13 206
172 61
309 337
17 83
383 278
10 75
372 18
380 30
386 18
390 291
26 88
11 88
103 93
126 262
186 67
96 98
259 50
35 89
89 82
361 368
386 277
350 394
103 148
24 73
373 21
370 11
227 148
163 74
289 171
49 28
362 388
93 79
41 45
164 64
267 175
392 116
396 111
14 201
319 205
367 390
305 131
43 40
49 40
214 158
95 139
20 78
321 210
210 140
272 53
329 193
273 58
19 85
281 186
385 107
4 193
379 295
112 260
32 45
203 155
97 147
370 7
281 180
187 73
391 272
54 293
343 362
396 120
318 200
67 295
396 116
290 140
89 84
388 105
394 279
115 244
222 150
390 12
112 253
328 340
131 253
29 96
383 298
381 283
77 293
91 137
55 293
228 150
344 206
171 73
383 100
112 240
68 311
155 257
18 70
328 326
309 345
340 203
14 82
177 250
295 146
275 42
105 90
315 205
388 296
397 97
282 185
268 180
317 335
181 60
391 109
396 290
4 212
288 178
210 156
1 190
48 22
10 79
97 104
163 60
0 189
169 263
296 135
350 396
1 209
92 91
61 288
122 263
101 95
168 58
365 354
208 136
380 295
97 132
339 202
225 148
108 250
350 361
327 216
282 177
385 27
377 28
284 127
384 10
347 347
39 40
360 362
283 183
63 308
317 200
279 185
36 88
188 68
56 307
270 61
383 21
384 286
294 175
176 266
166 266
389 112
48 21
368 25
124 247
181 253
263 47
80 298
39 31
337 217
333 204
15 79
157 260
282 146
356 393
330 340
297 147
371 10
308 331
323 326
55 290
90 136
324 332
73 301
336 212
103 131
44 34
162 59
105 86
385 299
69 286
209 148
62 294
381 24
109 243
87 83
77 304
180 75
156 265
382 4
222 159
340 213
292 138
29 31
87 139
66 302
274 172
286 126
311 343
47 35
328 342
317 215
295 135
163 259
168 55
129 242
335 210
162 264
67 307
376 28
394 97
394 120
173 62
325 323
70 306
352 368
96 132
54 302
283 143
366 391
170 270
14 200
30 93
110 139
338 199
386 15
273 43
31 93
294 150
271 58
221 143
158 259
357 342
323 210
15 88
115 251
272 180
56 300
34 81
184 65
93 156
9 197
165 254
110 154
62 291
377 15
65 293
383 18
227 154
212 151
339 351
47 20
9 189
184 59
94 90
92 93
1 213
11 77
390 295
315 209
388 102
179 60
107 141
393 282
114 252
171 63
289 165
32 28
112 142
214 140
132 244
285 143
210 138
181 258
20 80
330 214
291 143
343 350
0 187
90 141
99 81
358 388
316 331
117 250
261 49
23 95
124 244
334 210
228 147
385 29
111 239
392 281
390 114
73 298
31 86
282 181
94 148
321 341
45 47
300 134
282 42
54 295
315 330
213 161
106 138
12 76
383 19
165 264
93 102
175 55
71 294
331 218
19 86
90 101
267 46
221 147
96 154
98 148
17 85
88 78
164 67
95 136
160 249
61 305
275 173
31 32
15
