25
4500
18
174 393
17 69
147 58
321 108
88 68
343 229
16 28
21 396
272 220
208 305
345 17
264 146
381 201
119 87
81 123
126 267
137 350
9 151
284 52
36 353
156 206
377 59
201 77
302 373
258 257
366 199
153 70
158 46
207 290
160 191
102 76
163 394
160 210
137 346
329 21
9 37
142 67
368 52
24 155
161 50
95 67
332 106
207 87
88 64
332 9
270 260
269 220
129 271
189 74
346 225
140 206
5 167
91 54
313 118
118 98
267 135
100 60
294 372
274 141
20 396
296 55
134 68
259 148
20 382
274 132
19 74
306 360
358 235
353 17
214 301
24 61
122 284
159 45
11 45
107 85
321 104
204 296
6 36
157 59
388 66
10 157
17 398
254 139
344 223
9 398
342 224
251 255
309 384
206 64
156 210
123 92
149 362
269 250
129 80
252 157
197 291
279 204
19 146
128 254
267 204
126 354
275 136
364 60
82 126
323 94
326 231
124 256
16 33
131 93
141 270
147 70
130 349
313 383
301 53
9 386
49 359
277 134
19 141
268 221
137 64
208 69
194 316
121 268
134 355
159 63
136 273
374 192
293 55
92 131
254 136
160 387
395 200
394 213
280 219
185 386
91 115
98 118
365 51
111 267
138 278
137 49
308 109
250 248
273 46
139 358
19 150
391 53
140 336
374 51
386 184
220 317
178 387
145 211
7 75
262 129
28 56
122 91
365 47
292 380
263 163
97 72
392 56
36 390
97 83
361 59
143 75
380 194
362 13
122 263
374 204
103 80
165 379
265 265
20 32
8 144
241 258
105 86
364 66
279 52
388 56
33 74
11 31
280 51
90 118
288 216
287 54
73 119
355 216
330 22
285 45
79 114
5 38
85 129
220 312
126 268
194 84
36 336
283 49
7 19
139 73
164 55
79 78
179 396
307 366
328 110
288 383
35 357
13 77
93 65
85 56
364 70
145 51
151 59
196 89
346 228
277 47
148 47
190 397
138 43
279 218
119 276
293 371
251 268
258 153
384 53
89 52
156 195
142 259
280 212
140 67
245 245
336 235
375 186
124 360
388 63
339 223
243 262
129 259
154 204
134 47
70 112
31 336
145 365
73 75
334 6
153 352
258 131
33 76
287 366
245 269
35 387
80 132
91 122
74 64
312 381
262 269
355 238
275 134
116 257
295 370
129 341
380 57
342 217
23 32
274 215
82 66
271 64
335 100
11 36
209 301
198 92
125 77
203 93
281 148
19 45
201 79
343 237
360 26
252 250
50 351
95 130
27 16
349 227
334 24
80 65
334 234
31 344
134 64
257 138
257 261
215 67
356 13
246 252
144 343
355 23
192 78
346 23
195 314
358 237
276 40
136 346
386 204
110 269
10 398
266 138
257 252
332 119
137 343
134 275
316 98
5 156
276 144
32 347
25 68
276 145
280 50
345 234
349 231
20 137
102 85
388 59
334 230
193 301
162 202
38 395
329 116
388 45
30 392
249 139
361 65
21 378
43 352
198 82
265 214
223 307
366 192
142 59
214 320
376 65
300 48
33 384
280 153
146 53
134 60
249 264
74 109
300 388
330 13
220 299
380 200
82 118
133 55
148 344
201 63
187 79
119 105
249 144
332 103
9 138
380 42
187 84
261 240
169 208
211 297
137 45
345 235
314 361
331 217
38 339
141 197
14 168
304 375
23 82
253 271
51 353
265 223
394 202
271 140
166 205
135 275
310 122
377 203
118 91
352 220
304 105
132 257
50 356
134 58
362 66
83 112
135 367
276 230
246 146
22 82
200 306
27 76
94 135
188 391
362 55
21 61
93 74
273 60
333 16
268 236
3 144
167 220
66 128
99 66
342 30
390 53
293 374
22 156
170 396
13 18
279 150
141 58
7 393
34 388
202 303
260 143
353 240
310 112
177 399
21 360
98 127
103 65
112 94
189 391
384 46
320 373
86 124
380 46
350 230
166 200
353 241
24 159
88 80
152 349
274 260
273 38
160 207
331 14
71 137
120 347
373 188
301 380
385 57
368 200
21 146
172 203
17 32
12 69
260 215
127 352
363 51
24 85
192 313
286 230
110 260
127 80
273 264
273 254
259 251
127 258
349 13
313 99
267 141
381 203
52 356
79 59
146 213
30 386
350 223
382 216
206 70
259 152
108 87
335 98
381 50
126 345
203 78
341 25
139 46
134 56
348 22
218 300
25 147
203 94
257 213
341 231
164 398
82 79
150 342
369 209
277 43
249 147
330 101
223 303
213 72
173 379
172 198
289 66
31 76
333 108
140 59
253 240
129 58
369 197
147 66
3 27
323 119
264 270
288 57
329 99
299 48
30 68
22 343
131 336
336 9
106 91
261 209
121 347
320 120
277 216
338 240
262 234
15 68
282 209
133 282
132 351
203 294
31 339
387 198
118 253
373 216
346 30
275 216
8 78
137 340
110 97
214 69
4 79
382 72
337 236
326 120
142 196
390 214
377 187
134 282
120 70
252 150
263 232
41 336
88 55
171 385
371 59
272 48
289 40
331 219
6 61
143 363
246 246
154 345
136 87
33 348
124 70
137 275
73 138
154 194
141 54
105 84
22 163
261 155
139 356
252 154
269 159
326 103
208 82
360 23
200 75
268 254
142 215
13 145
327 223
91 59
272 253
378 202
36 396
328 226
311 373
339 215
85 132
17 142
343 245
266 146
76 80
369 70
286 229
33 32
309 95
341 22
153 223
137 339
307 110
282 66
128 282
152 51
335 110
4 65
78 69
138 261
207 294
369 213
284 228
22 29
358 14
178 385
249 140
343 218
210 78
246 264
375 194
23 37
161 216
143 350
100 79
172 398
392 212
137 56
331 117
12 156
42 354
209 76
86 68
278 236
370 207
145 58
36 352
14 150
249 249
381 202
108 267
272 258
203 291
90 54
8 148
218 310
281 225
200 62
347 5
242 255
45 356
211 85
267 217
199 294
18 63
260 161
269 221
389 188
253 247
88 82
127 77
350 213
396 192
355 29
87 128
52 347
29 60
6 22
339 234
22 392
390 55
140 209
4 146
127 274
134 351
343 212
338 221
207 310
309 378
183 385
23 39
392 65
387 212
270 230
150 219
115 266
346 7
113 98
185 380
378 205
338 215
168 205
133 283
15 29
32 356
265 149
255 225
333 226
126 250
88 136
100 57
161 206
25 24
356 241
32 36
169 396
293 369
19 62
0 72
84 74
291 51
30 75
204 288
23 158
135 84
221 297
335 244
256 274
315 377
327 112
291 384
264 134
199 84
146 65
254 257
354 222
271 141
80 117
261 162
125 78
258 274
258 245
98 73
305 365
148 342
281 68
138 56
275 212
261 230
25 69
201 59
203 303
153 347
22 351
17 62
217 318
133 51
131 58
354 5
137 277
260 258
140 263
178 386
199 81
102 62
250 139
267 269
66 123
163 52
351 232
267 144
213 304
135 360
128 73
120 351
301 371
136 274
258 214
116 273
347 25
134 274
273 231
112 95
89 65
362 67
296 383
125 356
354 32
271 142
265 250
6 161
257 228
24 154
341 23
333 4
275 62
334 229
140 341
22 162
18 151
252 260
139 48
208 61
122 282
84 54
41 350
136 351
198 306
4 148
141 71
169 213
357 11
205 305
136 270
336 238
281 63
296 373
278 37
7 168
6 168
88 138
205 76
73 107
272 61
201 74
308 98
85 76
30 18
275 204
168 218
30 69
128 86
4 136
385 63
256 256
17 19
153 191
24 12
334 20
14 31
127 362
158 47
313 98
150 52
366 68
79 81
22 391
304 361
103 60
267 251
81 76
296 387
277 144
111 80
331 122
6 164
316 370
9 389
292 374
324 105
31 80
2 36
91 56
172 384
122 354
223 305
296 49
86 122
145 352
25 32
313 367
276 67
381 45
131 77
335 219
350 17
16 167
140 71
137 347
11 57
75 114
17 25
376 192
18 62
280 210
187 393
22 78
261 254
315 106
377 56
127 262
349 24
158 52
87 57
127 251
79 71
148 339
154 212
295 376
99 77
23 385
288 36
164 209
274 211
148 361
269 261
316 116
119 72
17 39
153 58
76 134
5 77
333 30
271 60
336 16
330 19
329 108
115 92
357 229
160 389
309 363
16 76
133 342
127 85
216 70
218 313
292 56
336 239
33 345
337 6
14 56
148 211
216 305
131 346
348 234
378 216
276 143
262 208
204 297
131 88
346 220
357 226
28 342
199 291
300 356
262 152
383 188
83 138
133 58
99 56
124 100
274 66
344 3
390 66
192 71
93 116
18 36
88 53
172 210
5 23
374 48
361 62
26 363
307 111
11 33
372 197
259 154
73 111
383 218
392 68
132 54
44 347
306 368
198 63
48 352
39 361
335 236
15 137
164 200
184 381
215 297
22 55
0 67
107 92
362 18
28 396
103 77
261 228
34 362
32 387
292 67
329 222
343 32
264 267
15 160
26 365
301 368
190 392
171 209
76 135
29 65
26 73
113 92
129 251
133 79
38 338
219 301
271 216
11 151
392 53
2 38
250 137
98 124
359 13
268 218
126 361
284 48
87 79
161 62
256 132
164 62
329 238
132 360
259 151
291 364
176 381
17 58
257 268
115 264
133 94
12 165
274 60
276 216
172 207
23 379
100 58
271 232
330 240
172 376
179 383
45 350
22 344
394 206
349 238
34 397
46 362
93 78
307 369
106 96
243 258
294 61
99 82
307 357
351 227
369 62
355 240
324 92
77 124
45 340
124 353
14 397
310 101
267 142
224 302
9 66
115 75
192 75
296 371
210 290
88 109
336 18
386 194
210 68
244 252
209 294
109 95
89 131
37 391
76 72
387 187
20 165
137 87
25 149
3 36
33 67
117 256
87 83
194 298
85 108
215 313
273 42
0 163
30 349
166 383
368 199
376 184
25 57
202 308
169 206
89 79
5 137
191 90
186 396
293 363
278 209
10 144
223 306
148 340
339 241
318 377
395 195
13 53
156 219
95 132
20 15
285 210
206 87
22 67
205 308
10 16
139 210
37 362
398 199
286 376
273 204
203 61
189 397
137 254
189 77
79 73
133 348
393 54
208 323
327 237
28 31
126 256
78 125
124 273
211 91
266 221
265 228
160 214
34 394
257 214
88 79
70 109
113 255
308 371
25 58
272 217
45 357
29 354
144 341
313 365
159 54
89 138
253 153
40 350
134 255
156 212
274 57
156 51
205 85
304 358
33 399
334 101
67 132
144 339
275 219
164 392
101 65
25 37
197 85
346 237
25 84
83 60
344 221
47 361
157 68
380 195
127 361
282 48
341 219
283 36
127 341
151 194
378 197
86 70
378 67
262 142
80 57
256 147
332 104
23 348
16 157
72 136
262 245
182 392
291 379
88 69
17 77
34 339
101 77
169 199
137 274
355 8
79 136
18 16
26 71
212 76
373 76
369 202
11 76
372 216
172 214
164 390
293 59
331 222
99 68
352 29
270 248
314 120
80 56
13 25
99 67
187 77
29 17
31 361
260 226
262 250
218 315
289 44
15 161
247 269
289 225
126 263
358 24
74 137
29 362
165 192
319 99
332 20
197 311
86 82
150 209
51 349
189 389
385 66
343 22
330 220
375 66
140 366
327 232
43 346
276 213
124 104
133 85
348 8
342 225
9 56
218 292
139 274
114 261
350 234
372 195
269 258
320 102
29 30
308 108
254 158
155 201
40 347
17 84
46 339
276 66
71 116
109 91
33 391
133 280
290 44
325 93
201 302
393 209
159 198
185 399
210 301
82 114
338 223
332 27
67 123
342 219
9 150
10 74
21 156
138 206
3 18
359 222
30 79
21 381
5 78
18 381
304 108
327 109
379 212
142 68
329 225
88 83
142 66
288 64
369 59
16 71
256 268
169 394
330 93
332 222
382 217
291 54
193 63
126 254
110 272
124 270
25 13
7 79
0 24
341 11
127 92
386 195
176 393
283 41
31 385
11 53
376 207
312 366
81 111
284 51
93 83
259 219
12 22
224 298
210 312
278 52
23 361
269 52
193 73
369 52
192 89
213 82
79 120
255 132
258 228
348 225
133 56
185 393
356 21
8 396
92 73
161 223
304 111
20 381
11 135
165 58
217 296
207 319
44 341
271 155
284 231
187 85
295 42
261 139
110 268
11 138
92 60
88 70
349 234
315 366
30 28
306 108
278 67
183 387
121 259
14 26
370 192
10 392
211 90
122 250
266 144
381 42
216 86
263 221
205 90
182 384
272 250
81 52
38 399
12 60
154 51
357 227
106 92
104 88
11 78
367 54
129 348
293 40
94 132
126 277
286 217
122 80
201 93
151 214
176 378
331 218
23 363
209 322
12 16
259 274
269 47
274 158
140 364
146 199
333 221
197 83
205 312
201 291
251 246
208 62
352 25
348 222
376 216
145 75
37 343
27 381
104 64
265 233
96 73
335 243
7 57
355 28
294 46
161 388
198 65
116 274
326 97
379 56
341 220
384 188
112 278
275 261
210 289
263 211
89 56
374 55
122 71
270 211
123 253
71 115
268 251
279 221
275 232
303 366
358 230
342 24
247 150
0 64
354 227
153 49
84 117
187 399
92 58
187 384
376 57
191 392
304 370
113 93
372 200
134 357
7 162
343 15
341 224
256 135
17 149
256 221
151 203
8 158
348 245
212 82
172 200
130 95
302 387
152 42
128 72
88 72
95 128
131 347
132 268
80 108
294 44
6 78
334 119
144 336
22 44
225 302
2 165
254 240
206 314
34 342
89 61
164 399
162 395
376 71
196 309
222 298
15 58
283 61
117 253
134 360
208 312
31 73
82 52
296 60
113 88
11 80
244 264
131 82
33 29
265 252
301 357
281 55
29 395
28 65
373 205
378 211
217 302
22 380
95 57
33 25
4 70
116 86
189 396
360 9
199 87
15 44
375 203
138 340
334 238
249 141
255 268
142 274
343 17
112 100
111 92
214 73
81 78
286 42
90 131
178 379
145 69
330 113
200 84
153 211
134 367
171 377
31 395
81 135
365 70
24 74
260 256
265 143
108 98
372 71
134 267
312 367
285 58
98 58
363 50
352 214
144 361
262 226
283 50
260 151
94 128
86 120
154 223
19 148
285 42
339 27
17 24
161 391
35 394
135 61
8 21
39 363
327 103
11 398
92 130
205 288
99 72
136 267
106 84
278 218
19 22
349 26
288 47
141 362
265 158
267 220
136 50
255 244
385 195
351 215
142 270
268 160
216 69
320 118
272 159
12 150
32 384
75 115
103 91
346 5
301 373
303 379
197 92
380 188
261 265
108 81
389 202
273 143
394 208
17 151
167 215
177 390
377 47
153 219
281 146
267 160
337 101
11 62
294 45
357 25
31 389
266 160
267 222
395 197
248 267
5 30
334 30
86 65
83 135
296 48
290 48
102 72
124 356
184 390
22 390
353 221
93 69
195 73
338 26
81 73
139 363
361 54
192 64
305 110
87 61
125 345
346 11
190 68
30 347
100 70
366 71
368 73
135 357
127 101
149 74
143 62
200 93
382 48
371 191
292 62
131 275
15 71
376 210
77 56
169 392
281 219
309 379
365 209
134 96
386 193
121 84
350 27
81 109
46 342
313 113
30 396
141 350
269 271
368 72
381 197
310 370
353 24
143 205
151 355
8 59
142 69
262 272
85 73
365 63
293 65
295 57
266 270
34 74
375 211
275 157
292 60
276 61
146 197
327 100
383 217
88 81
14 68
341 221
24 158
90 55
297 384
359 28
198 307
346 18
336 24
130 92
138 265
164 193
332 29
140 61
308 110
347 13
1 22
128 335
126 100
39 396
165 393
165 195
279 222
310 94
388 51
144 208
21 30
85 82
373 214
138 339
334 233
337 239
311 120
93 75
337 225
140 346
145 53
301 48
109 84
193 74
86 106
341 2
151 212
259 228
163 66
200 319
247 143
47 359
82 116
338 20
307 97
304 104
292 54
170 393
345 237
26 66
383 204
186 71
154 207
145 204
12 24
153 67
131 357
335 245
2 144
152 67
33 70
131 57
194 303
70 120
3 34
130 343
27 387
342 220
211 311
24 157
122 272
317 364
156 60
262 266
389 206
268 223
78 78
15 380
90 80
263 219
133 262
302 358
370 195
34 389
136 257
381 218
79 138
367 63
166 194
191 303
316 104
143 74
270 50
340 22
262 163
16 160
295 368
393 190
292 373
159 65
37 341
387 217
378 184
79 128
37 349
296 63
17 81
355 17
259 259
256 144
2 17
191 68
124 280
341 24
207 298
79 132
127 84
383 192
30 367
129 96
129 78
267 133
131 342
13 70
73 133
360 233
161 213
132 255
335 31
372 45
277 140
337 242
83 118
287 48
141 336
39 338
387 59
256 138
268 264
69 135
138 356
211 76
277 223
95 52
36 351
32 369
34 361
97 80
22 389
169 211
122 348
153 202
91 127
164 61
277 63
248 244
93 66
108 74
146 193
147 53
132 51
331 227
138 273
66 130
31 359
76 114
371 75
153 344
141 271
392 63
147 213
334 228
278 223
132 89
50 361
259 156
335 225
249 257
299 55
316 120
324 122
372 201
281 205
44 362
298 365
14 391
256 248
247 148
152 356
160 396
258 155
127 253
346 217
337 224
379 74
64 127
188 70
287 365
206 90
306 362
29 71
341 229
31 78
395 194
83 71
219 296
29 349
115 80
355 233
158 221
21 39
15 34
122 345
257 269
0 29
120 100
336 109
115 99
68 134
391 57
256 131
350 214
31 26
18 56
246 260
130 75
18 69
348 215
95 83
19 142
378 186
347 218
387 64
265 139
24 346
333 17
352 226
98 128
396 203
267 243
155 215
361 58
124 281
340 212
23 344
36 387
349 0
348 23
265 215
306 364
205 316
318 93
318 97
337 111
18 392
144 352
214 318
170 204
291 37
187 82
192 70
300 389
147 45
345 225
336 218
364 197
253 140
49 353
267 249
117 92
140 354
374 69
71 127
356 240
220 314
371 215
349 233
129 284
99 59
243 266
33 337
27 74
133 351
162 209
11 40
256 223
142 213
163 205
183 397
186 397
250 242
374 75
181 387
333 111
355 30
255 216
291 45
247 149
254 152
312 382
256 219
114 97
123 100
280 154
32 385
73 121
205 61
145 356
285 61
19 393
80 136
134 57
156 71
315 108
150 211
164 397
287 220
281 232
26 33
114 78
76 68
37 351
204 67
217 74
186 392
94 79
295 388
76 79
160 204
170 385
353 14
345 20
215 318
381 206
321 102
13 73
53 357
85 79
119 78
291 47
185 72
17 15
263 261
348 0
111 261
179 395
200 313
109 82
71 120
265 210
338 233
194 80
139 351
9 137
2 62
161 190
70 115
316 124
267 218
125 339
329 98
345 24
149 340
256 259
380 62
192 304
136 333
25 67
4 61
35 336
258 259
277 232
37 345
141 209
27 82
104 73
262 135
265 209
15 150
6 72
138 66
142 363
273 232
214 79
191 89
197 74
38 341
210 62
6 66
6 143
152 59
9 157
271 46
7 74
81 71
3 19
346 215
251 256
82 80
2 39
163 60
210 321
344 231
92 121
19 398
270 233
17 41
325 105
275 57
323 112
192 74
133 339
30 391
154 190
249 137
343 243
298 54
280 54
161 189
317 94
374 194
209 87
219 308
257 159
110 77
247 250
264 252
140 49
249 252
158 392
330 10
309 107
79 131
315 95
301 55
48 347
194 71
170 195
21 139
385 73
367 201
215 294
375 70
52 351
252 136
130 264
337 13
212 289
26 68
128 257
396 193
343 27
7 396
277 48
15 142
213 315
125 277
30 80
286 44
203 302
293 370
299 388
10 143
296 389
348 7
216 291
45 362
165 397
11 142
154 64
258 231
130 265
314 123
100 67
34 351
141 73
309 376
9 396
332 25
368 210
158 194
377 213
128 82
89 107
136 54
387 48
354 17
5 150
7 392
126 347
126 91
302 375
129 265
19 13
213 293
21 45
78 127
357 26
126 339
284 58
339 212
272 204
148 51
93 63
377 70
271 206
14 82
309 385
273 134
35 345
318 381
160 221
93 85
261 252
28 389
286 368
169 397
350 15
261 144
203 290
147 43
202 296
245 262
210 66
34 28
158 71
337 9
351 9
137 44
341 19
266 217
114 273
141 70
267 267
190 85
24 345
197 70
335 115
249 254
335 213
336 27
305 372
360 16
269 56
279 60
21 79
112 277
91 52
253 244
156 213
297 375
336 106
99 74
204 66
17 393
129 270
371 67
12 135
198 298
26 388
271 230
137 259
150 215
4 138
134 273
283 56
341 214
79 108
117 281
133 53
121 358
274 264
144 72
22 58
80 129
317 382
356 24
120 84
356 218
341 33
163 396
255 271
123 265
281 144
28 69
270 56
257 251
347 243
51 362
376 75
396 200
41 357
104 87
258 150
74 122
339 218
154 354
264 210
74 123
92 79
16 383
30 70
256 220
123 339
154 348
167 207
143 209
36 366
248 256
265 204
10 167
273 50
254 265
10 53
372 64
22 30
163 399
54 353
17 86
333 119
353 30
73 139
250 267
390 61
274 133
277 204
147 47
297 359
253 254
174 379
18 379
215 81
289 55
19 351
300 371
322 124
116 104
156 189
335 215
266 211
347 18
7 149
352 243
267 237
123 89
140 273
329 105
37 346
4 25
377 66
131 56
216 315
299 386
10 38
135 364
140 212
47 365
355 31
169 388
311 361
155 191
24 21
114 73
34 346
159 67
189 72
134 268
142 71
318 107
326 95
349 241
294 367
46 344
327 222
273 40
294 62
329 220
385 185
210 303
18 17
378 54
261 232
191 397
21 34
77 120
119 82
343 12
335 220
319 114
278 43
192 69
83 122
4 134
76 113
249 263
78 107
28 351
301 52
372 60
288 50
267 234
138 67
136 266
284 219
96 116
191 305
78 130
278 58
261 257
296 357
265 271
379 55
27 60
312 119
313 105
392 50
260 221
133 335
201 76
166 192
279 43
290 59
382 58
270 49
77 127
284 221
187 390
24 62
265 148
9 140
283 42
265 208
23 20
143 68
219 310
320 94
149 353
15 39
254 262
47 360
210 74
347 2
284 373
385 58
248 248
74 127
179 380
142 208
166 207
267 56
351 10
24 37
95 77
98 64
373 217
336 13
105 69
193 81
83 56
113 102
382 194
393 189
137 271
206 86
162 399
168 197
208 68
188 85
65 131
24 55
136 355
89 71
213 288
37 344
355 236
274 232
267 57
212 66
113 95
28 366
153 213
254 147
140 45
381 183
339 30
204 310
338 18
3 70
274 148
257 225
319 125
43 338
145 45
147 346
145 59
278 144
119 258
3 149
340 216
312 96
77 117
31 348
255 146
199 76
137 47
374 49
353 27
268 155
179 390
143 339
373 213
33 68
196 72
171 210
271 147
17 38
275 262
74 62
390 192
146 212
103 94
198 85
260 141
241 252
140 52
287 67
332 240
319 371
371 209
131 89
200 317
78 72
22 25
112 96
76 137
124 77
293 58
332 102
206 67
377 60
319 117
137 57
387 60
292 36
11 384
138 367
73 134
127 363
11 162
178 399
278 151
352 228
86 110
273 207
26 150
90 113
97 121
290 55
271 158
203 86
260 253
325 98
264 148
270 41
357 4
8 161
300 379
1 162
78 68
247 261
376 197
16 78
146 203
252 257
114 263
164 386
90 61
35 346
363 60
346 8
263 137
384 194
82 61
378 53
260 273
121 97
216 78
290 56
337 113
336 17
135 83
1 34
112 87
331 97
23 33
219 295
315 99
208 319
347 26
146 207
1 147
86 69
210 76
309 368
275 49
259 256
317 108
104 79
326 118
300 387
394 198
114 76
183 391
120 80
358 16
156 57
343 13
114 101
141 210
276 208
11 143
251 251
33 394
36 364
244 258
141 198
32 340
160 195
145 207
34 357
335 111
297 373
322 98
23 162
169 203
276 135
185 385
25 145
354 20
393 57
152 358
276 222
265 245
86 54
193 70
339 213
195 304
353 13
104 90
313 119
141 363
158 218
197 72
18 163
268 205
267 50
181 381
142 264
89 130
111 260
259 135
208 92
6 14
144 214
336 221
254 242
23 68
24 391
155 54
335 24
47 366
43 353
201 86
258 258
312 107
251 147
95 59
278 68
26 390
16 379
157 57
72 122
73 116
94 129
363 63
246 269
191 81
333 21
129 262
14 141
70 137
343 33
271 215
311 375
26 367
319 110
158 63
317 96
217 85
287 379
19 149
4 68
196 304
353 217
128 256
316 96
254 270
256 222
213 77
22 81
308 374
250 255
282 69
78 126
337 213
269 217
17 63
368 64
243 260
305 113
2 26
123 341
6 160
14 12
86 74
333 5
316 118
149 214
339 225
203 66
281 59
195 305
23 69
312 94
89 137
93 52
26 59
29 73
325 102
244 260
28 41
76 57
299 379
366 205
43 341
299 356
120 254
4 139
142 72
92 56
335 114
294 64
215 304
94 65
305 359
12 12
72 71
384 204
20 67
132 267
6 19
318 96
220 306
74 74
327 236
127 267
261 140
185 74
320 95
167 211
0 144
375 51
258 271
267 258
137 60
141 206
140 355
349 225
174 388
207 91
369 60
262 133
347 15
201 311
150 72
109 263
91 120
15 19
267 207
2 25
81 121
11 160
30 387
22 155
28 339
109 269
329 109
369 214
134 95
319 92
207 88
93 113
142 198
130 344
3 66
2 73
17 385
127 266
43 337
164 56
337 27
276 205
192 87
79 82
342 0
332 120
331 242
157 212
155 212
50 362
267 55
151 352
260 138
85 51
268 129
8 13
263 220
374 189
256 273
263 229
207 89
305 368
284 220
94 126
13 75
272 132
298 356
199 290
120 262
338 216
213 298
24 356
22 388
384 213
363 53
169 378
288 379
20 37
76 139
116 264
308 386
254 149
203 293
275 237
365 54
142 58
97 117
250 144
257 135
266 265
351 222
150 199
80 128
266 135
388 193
139 257
341 235
391 192
5 396
135 66
129 342
262 248
347 240
163 55
258 239
5 24
17 34
30 33
333 232
31 64
21 148
333 109
16 32
166 211
330 231
146 358
73 67
164 380
244 268
218 318
266 132
371 65
341 236
352 15
211 79
15 54
159 210
171 390
28 340
243 263
29 61
150 73
149 355
286 62
347 28
19 391
291 62
207 92
345 221
77 63
212 296
157 45
263 256
96 130
16 395
370 214
178 376
193 298
339 14
371 62
286 224
353 222
255 222
299 378
91 79
106 81
147 67
192 307
187 88
185 85
331 95
299 384
372 212
17 162
34 338
156 223
65 126
42 347
193 80
328 234
151 357
5 35
358 6
183 399
123 95
217 295
299 49
125 93
121 101
164 202
78 67
152 73
332 8
204 70
361 11
293 61
132 352
20 148
257 217
336 215
349 12
203 306
82 77
204 89
108 89
216 82
383 75
378 57
16 141
318 113
385 194
342 213
89 133
347 235
81 108
315 100
36 347
257 227
103 62
384 211
311 98
151 43
266 251
298 42
351 245
331 116
137 344
89 68
309 364
274 54
321 109
173 395
9 44
72 130
315 120
376 70
272 259
386 59
32 392
148 73
111 272
85 66
282 56
11 77
23 388
37 366
154 49
356 26
21 155
330 241
259 224
85 85
179 399
213 78
343 214
140 208
14 43
142 54
336 2
120 71
64 124
293 362
261 233
305 378
26 81
114 280
333 222
383 60
26 38
81 72
90 53
330 9
69 130
67 112
10 67
92 114
322 123
117 82
392 187
313 372
344 224
348 218
279 54
148 220
315 372
252 145
145 57
274 208
289 46
312 372
1 62
197 71
267 211
86 63
81 63
269 243
52 355
186 76
125 89
143 359
255 144
3 75
302 378
277 139
350 14
145 52
133 66
0 68
342 10
137 272
337 228
122 257
105 64
368 55
148 210
243 249
161 219
131 280
328 100
201 316
141 348
278 140
205 291
195 64
320 106
167 203
161 197
266 130
135 350
333 227
369 49
18 160
385 196
39 362
141 62
13 40
5 159
156 192
137 335
143 365
153 68
152 43
244 263
325 121
10 82
156 208
141 45
204 81
380 215
75 61
92 127
310 372
94 127
389 210
4 57
314 107
19 73
270 133
8 166
31 392
134 263
264 268
166 216
389 63
46 358
372 72
206 291
337 23
385 51
352 230
92 118
241 257
120 354
275 54
166 204
274 213
204 83
211 86
67 126
146 43
124 266
4 16
28 391
163 207
161 51
223 314
305 386
217 82
24 397
358 13
14 80
290 42
343 246
378 59
73 129
141 360
87 63
131 366
0 34
2 18
139 47
263 157
28 33
313 361
331 241
390 68
262 141
20 158
203 301
44 342
281 40
276 233
215 317
269 266
135 87
360 17
398 204
194 79
90 133
156 52
253 242
135 51
388 207
270 235
124 263
347 11
34 387
347 16
132 98
92 77
266 218
13 152
22 41
262 225
331 119
122 78
13 37
337 5
7 391
136 45
199 320
25 43
264 137
308 362
265 251
378 215
262 256
25 28
347 214
51 360
149 57
41 339
344 16
205 313
341 245
123 278
274 214
259 254
275 66
352 10
305 112
311 100
259 268
48 363
150 206
258 154
386 56
161 217
24 156
45 342
0 161
124 74
214 314
214 296
343 8
133 355
260 145
19 357
126 98
14 140
269 134
155 222
4 80
18 77
310 120
309 388
261 130
344 242
285 222
289 54
196 295
212 295
71 131
333 12
127 261
65 125
344 244
3 68
384 67
159 193
140 199
319 115
24 24
36 398
96 67
354 14
209 308
150 45
1 35
111 95
24 343
361 67
212 75
128 266
272 135
110 266
144 206
95 112
118 251
132 358
118 278
184 393
26 36
313 374
159 390
146 204
85 67
381 74
195 300
288 363
11 66
288 223
21 70
115 280
105 77
138 277
138 46
112 263
310 367
316 364
25 15
345 226
48 358
208 287
329 94
192 91
115 85
189 86
73 112
149 49
9 166
341 17
257 224
287 214
166 195
279 39
296 44
248 142
171 376
27 61
344 240
364 64
18 138
149 201
130 350
284 211
196 296
273 219
338 222
188 77
21 357
313 117
368 196
189 73
260 245
278 47
29 339
156 72
28 36
90 72
290 60
204 305
87 123
29 366
6 71
146 344
27 355
17 164
156 43
93 133
192 306
319 97
352 14
264 132
7 150
185 390
322 121
261 268
147 340
85 80
347 226
334 16
258 216
334 103
135 88
151 53
282 44
381 54
300 55
391 197
263 266
347 3
157 51
289 53
296 64
390 186
117 81
128 362
267 264
117 266
83 70
217 301
374 60
161 194
116 102
53 353
307 365
262 156
23 36
338 24
72 129
94 63
322 125
193 310
12 78
175 399
325 229
170 216
128 264
143 71
338 228
144 217
180 381
191 393
172 208
119 75
324 102
251 151
23 83
28 68
331 109
285 214
273 230
350 5
134 46
5 399
140 204
258 275
340 246
274 263
75 63
354 13
374 187
144 355
157 197
5 14
252 144
345 0
379 205
310 357
384 205
15 38
143 215
87 125
183 380
190 69
362 63
97 77
71 123
153 56
201 301
297 55
187 71
76 138
130 337
316 123
96 83
152 207
268 234
300 44
21 41
271 205
117 104
113 89
343 7
3 163
268 212
131 92
121 253
286 231
83 62
249 272
272 237
293 66
181 391
340 11
258 218
370 54
358 28
90 122
192 297
144 59
261 138
202 321
154 74
121 269
276 138
24 390
21 163
16 21
316 106
273 256
276 156
22 60
350 2
108 86
202 62
73 125
150 56
307 109
340 219
21 25
5 142
211 319
30 348
13 79
146 42
85 60
121 251
146 46
189 388
124 346
129 343
184 398
192 300
10 59
13 154
31 37
370 65
275 256
312 359
122 265
385 56
117 71
309 374
375 185
308 380
9 75
181 385
14 153
391 51
36 368
198 300
15 22
34 71
134 66
206 298
74 78
89 122
258 137
27 14
341 10
311 114
48 364
13 141
157 214
377 73
93 120
33 65
282 223
112 73
382 204
13 39
268 217
336 3
100 78
260 159
124 91
217 310
181 378
269 267
266 140
329 235
340 239
136 255
169 386
145 349
9 65
131 338
42 366
346 34
139 49
149 69
1 141
110 79
23 383
119 104
302 377
319 96
132 361
292 47
351 228
265 227
270 220
260 136
132 336
84 121
134 362
9 58
339 222
367 64
66 118
43 351
307 372
23 26
263 243
20 350
127 353
22 53
123 76
147 41
9 33
77 59
252 149
315 111
15 396
349 33
22 35
276 204
260 244
252 258
171 206
143 356
145 54
12 84
72 111
79 116
271 144
127 346
195 92
79 109
190 83
393 195
365 68
361 23
70 129
128 263
255 252
363 54
320 111
340 218
30 19
127 90
249 250
159 50
255 131
315 92
33 31
327 119
103 82
246 248
297 358
2 145
335 222
383 54
193 86
297 52
334 22
388 199
269 153
384 52
205 318
260 231
26 148
4 152
8 58
276 210
376 206
318 375
329 103
46 340
190 390
167 391
267 152
266 242
345 28
6 145
24 78
289 373
105 70
16 66
271 235
126 259
82 68
269 249
163 391
168 215
351 238
341 28
370 61
276 140
9 54
66 124
64 119
330 217
245 255
37 365
242 252
321 115
272 246
147 65
15 25
157 66
183 381
264 147
260 156
331 11
379 193
379 65
95 61
347 231
122 264
83 75
248 250
369 55
249 138
148 209
270 155
10 33
10 142
21 352
203 76
7 139
285 372
134 53
123 98
201 298
332 101
372 193
196 80
393 213
308 384
130 353
4 140
317 112
182 377
151 197
343 31
109 268
168 379
255 159
71 70
216 317
20 384
343 215
332 24
29 359
130 355
1 164
212 86
373 201
318 94
90 134
136 70
18 43
163 386
345 231
149 339
336 107
349 222
35 341
2 61
12 149
181 392
144 197
20 63
351 28
370 59
103 93
248 150
391 212
285 224
31 338
40 341
369 204
141 204
207 313
132 251
284 36
35 358
385 54
97 118
47 358
16 146
297 57
110 88
344 7
122 266
24 15
168 382
158 216
172 212
82 133
143 47
263 131
141 344
223 304
130 53
372 210
278 55
274 216
342 18
268 211
24 70
29 399
273 236
343 18
291 44
343 224
352 21
224 300
173 382
305 111
25 39
294 362
219 312
339 26
152 192
134 87
117 277
86 116
296 41
150 53
129 356
271 227
296 43
7 42
385 60
187 395
4 143
272 143
300 377
165 209
316 109
345 228
250 270
8 38
321 123
354 240
212 309
394 64
87 126
294 55
304 371
81 124
163 59
204 309
303 381
297 45
165 214
142 201
365 61
132 367
304 373
369 196
138 268
94 119
258 143
369 195
109 80
211 316
312 121
154 218
349 23
376 53
300 380
72 120
371 206
260 140
33 339
13 45
18 383
208 288
386 47
5 160
77 76
258 262
340 237
334 11
382 74
37 342
304 383
18 30
70 121
266 246
210 298
220 293
145 335
210 75
269 207
297 388
13 391
212 310
284 67
152 205
74 69
182 386
34 65
271 209
22 356
80 109
27 72
9 79
259 249
135 271
70 117
335 118
292 379
258 223
253 132
350 243
95 60
271 258
334 106
397 199
13 161
392 54
360 63
31 394
80 64
316 382
77 66
48 356
299 363
51 347
386 205
275 41
30 369
121 102
208 65
125 250
263 210
161 397
113 270
132 349
151 71
41 354
320 97
259 226
395 196
159 209
139 204
274 252
45 365
28 59
132 77
122 344
27 68
1 151
266 206
250 250
393 67
19 16
141 351
29 78
28 28
346 246
267 143
393 194
149 45
302 372
269 255
211 83
365 69
205 74
18 66
30 74
334 9
316 366
69 115
119 269
310 360
21 359
107 88
30 17
135 346
139 255
171 392
390 47
218 304
167 382
371 43
378 60
189 64
166 381
277 203
145 337
28 82
97 78
84 60
210 84
380 45
251 249
360 61
295 384
142 205
6 135
139 359
42 346
194 87
201 91
285 368
201 69
171 383
343 227
187 386
337 100
191 83
116 262
247 247
254 252
301 363
16 389
344 227
125 355
15 165
286 49
387 58
106 82
102 60
384 212
173 204
205 292
382 200
13 74
206 292
364 55
290 37
381 194
265 135
310 387
123 262
10 18
10 162
292 372
139 208
130 263
221 313
51 361
345 215
14 33
12 166
367 197
283 232
202 307
277 137
340 215
357 223
110 72
132 348
135 343
9 84
297 365
273 260
73 136
276 159
83 136
139 354
316 110
36 358
192 83
175 379
334 113
118 257
26 65
334 14
38 369
328 103
282 54
151 353
78 140
348 1
270 51
307 115
394 196
243 251
79 62
122 83
145 200
275 207
43 361
172 378
278 62
45 367
390 202
366 53
343 241
34 344
10 80
73 60
175 395
387 46
89 76
255 154
252 152
317 122
118 103
6 23
89 83
382 197
122 352
87 59
136 84
260 213
206 301
119 280
248 266
10 166
384 57
289 56
5 42
289 49
257 264
397 202
195 80
112 72
273 233
267 230
331 28
1 24
141 353
261 133
290 373
28 380
350 33
47 340
204 302
284 69
258 162
294 385
378 70
164 60
258 273
252 242
120 281
136 83
381 214
366 72
274 150
115 265
29 20
247 265
78 119
47 363
71 112
377 64
262 227
387 50
289 52
350 217
142 64
349 31
10 20
80 134
149 70
18 13
275 50
159 384
343 242
21 361
265 138
90 85
319 111
297 50
310 98
98 119
132 269
269 59
96 78
141 337
195 79
337 1
133 350
157 52
195 90
81 55
8 63
264 216
210 315
97 128
147 204
275 217
248 149
171 399
323 91
42 363
286 55
329 218
153 195
42 339
136 91
309 367
151 55
218 72
15 154
331 100
144 362
294 58
10 75
384 217
146 195
262 162
116 99
213 301
11 395
95 121
84 64
25 350
96 81
91 65
148 190
45 366
216 68
92 66
94 121
266 257
352 30
282 210
11 145
153 354
175 378
261 145
254 274
184 387
29 394
293 42
28 24
16 163
346 235
19 67
73 113
79 65
134 347
381 69
317 373
15 31
271 269
258 264
96 66
76 73
91 123
185 80
23 44
152 214
370 211
335 226
10 151
148 70
299 367
271 151
18 82
68 133
122 101
9 17
27 20
170 398
307 389
391 65
220 308
318 100
292 366
7 389
205 83
77 113
158 195
119 79
332 235
337 240
79 107
200 79
263 129
336 222
31 36
25 386
314 367
15 45
296 57
268 268
216 312
382 65
8 79
90 68
162 382
394 56
333 110
369 203
42 362
19 395
155 200
27 26
312 93
91 69
353 29
113 75
96 69
334 97
390 207
298 384
385 205
11 73
146 360
20 393
197 62
85 119
263 230
331 15
209 74
172 199
259 220
21 62
32 64
77 74
357 232
199 83
16 61
16 80
79 137
260 207
271 267
24 392
137 72
380 43
200 315
271 143
125 263
347 31
178 395
13 84
273 205
19 38
123 268
26 83
26 62
378 214
292 376
110 83
97 127
310 100
368 190
385 199
217 297
382 76
287 65
299 56
255 215
171 199
370 213
28 395
204 301
263 242
292 49
128 347
22 75
111 271
106 79
308 389
311 110
300 368
362 50
149 205
283 213
11 167
155 204
24 67
388 186
34 370
277 152
343 6
13 14
296 53
289 371
30 339
204 73
274 142
133 81
12 134
149 61
380 52
118 70
295 361
327 221
285 62
289 377
162 190
327 123
346 24
124 87
314 377
251 136
192 86
114 100
341 9
132 344
287 221
10 397
332 5
133 82
19 64
81 120
100 74
84 61
21 346
335 20
154 48
349 11
83 111
163 50
271 257
141 366
282 55
25 29
84 140
193 306
166 198
19 394
280 56
349 224
257 144
70 116
249 145
345 224
201 295
26 357
154 58
20 19
20 72
165 206
217 72
369 64
104 68
142 342
271 59
17 82
340 244
352 239
8 34
360 231
17 391
274 55
98 75
209 310
199 292
357 29
142 273
323 106
359 16
390 64
127 359
278 48
132 79
123 357
139 70
273 225
272 140
367 195
80 139
307 108
305 384
111 98
368 58
20 36
295 375
17 56
161 55
101 62
128 275
394 195
275 231
307 360
380 61
29 351
222 303
391 210
123 251
23 364
87 56
288 380
126 84
261 271
132 270
213 292
12 75
316 372
120 85
68 111
14 16
208 294
310 117
12 142
19 137
22 16
358 224
120 252
106 76
283 224
217 291
123 85
159 387
319 118
334 115
140 51
352 8
375 210
18
