20
4000
10
37 147
3 138
215 4
3 236
144 128
127 1
91 132
230 257
24 299
136 235
67 232
127 55
179 153
209 193
146 34
282 242
6 201
75 32
243 97
13 91
134 57
17 85
139 120
9 197
12 208
36 140
214 200
7 241
38 141
42 146
126 0
70 32
25 294
135 226
214 192
4 244
227 252
146 137
137 121
236 102
22 292
66 238
87 139
136 243
25 292
234 98
11 209
247 89
134 49
75 27
283 245
124 55
131 236
183 160
217 193
120 5
233 255
245 106
96 136
126 47
67 236
151 41
30 298
2 138
209 192
11 95
0 228
248 91
142 232
125 56
80 26
137 240
66 231
7 98
225 252
136 239
238 263
126 58
80 33
62 238
94 140
94 123
285 240
0 139
285 247
284 234
215 196
278 246
4 243
226 256
203 194
179 145
228 258
15 88
6 88
208 9
274 247
0 203
14 93
210 0
287 247
123 50
8 193
122 2
211 188
132 239
19 86
143 28
235 99
68 227
7 133
139 135
67 27
4 93
244 91
9 82
12 87
137 130
7 242
10 199
89 130
88 140
251 102
132 63
230 247
178 159
140 228
282 246
217 190
34 139
19 87
148 134
68 233
137 32
76 41
230 249
71 40
131 242
0 195
9 207
74 234
130 49
8 85
137 123
171 152
91 130
83 27
179 146
126 4
20 291
38 150
279 243
210 12
10 97
214 9
2 238
173 157
82 26
3 129
125 51
9 84
171 150
150 35
129 2
77 23
6 194
245 104
5 131
63 230
220 2
242 105
20 296
282 235
97 134
132 237
209 184
223 260
120 8
133 6
170 151
38 142
132 56
11 240
181 157
6 138
155 30
212 202
151 27
95 129
11 98
41 145
60 235
17 91
77 24
66 35
31 142
20 96
12 236
143 130
235 254
35 153
36 151
40 154
10 193
211 193
34 147
288 244
15 200
1 133
143 31
39 153
16 98
142 133
31 144
221 7
213 188
6 204
143 27
68 34
215 194
235 249
240 103
64 228
86 132
217 3
155 36
119 4
3 192
2 232
212 201
232 264
80 34
88 129
149 29
148 27
4 202
3 229
248 99
218 11
68 232
224 263
144 124
33 152
6 231
130 231
137 232
154 28
224 8
226 259
0 146
224 253
188 154
127 65
11 237
88 138
41 149
35 149
276 242
65 235
59 236
20 90
146 36
78 37
129 47
71 234
91 137
6 142
146 30
0 239
205 201
139 238
94 137
245 102
150 32
9 241
228 252
233 258
240 98
172 151
139 31
284 247
135 60
147 27
134 48
9 196
125 55
136 124
7 239
219 9
79 34
250 95
178 161
282 233
84 127
144 237
226 255
75 25
241 100
121 57
69 231
128 9
223 264
218 196
290 244
4 240
5 197
153 132
247 104
7 237
11 99
87 129
78 27
62 225
11 92
70 223
6 227
138 126
186 146
236 262
84 133
15 97
2 242
152 27
208 202
70 225
118 55
149 37
211 187
65 224
136 5
95 136
206 195
28 296
128 10
16 295
209 203
209 189
10 138
141 32
5 140
239 253
139 30
100 134
230 263
137 236
87 138
215 197
136 131
140 29
135 49
124 51
77 34
236 104
11 195
129 55
188 156
42 148
13 199
145 126
230 266
125 2
72 41
139 131
66 228
79 40
4 234
145 31
3 245
280 246
11 132
149 136
283 250
6 245
11 134
9 243
238 89
139 230
135 129
150 34
3 242
150 28
4 208
98 127
12 239
217 199
34 145
39 144
235 258
205 4
36 148
25 295
62 235
290 243
73 27
243 103
95 125
231 258
185 153
123 63
218 190
205 187
60 225
224 258
284 242
21 87
250 94
8 132
9 193
8 203
202 188
132 1
31 294
32 293
121 1
10 236
251 98
73 29
149 41
180 154
212 195
76 32
39 155
12 92
37 156
67 31
2 139
130 2
173 148
285 251
126 49
248 104
234 257
119 59
3 145
179 162
119 58
75 230
220 7
206 190
69 30
20 295
11 94
13 138
68 238
0 198
234 101
9 145
2 194
32 147
100 132
29 297
173 154
8 228
184 154
147 43
144 121
230 252
97 127
170 150
33 296
5 97
6 211
72 232
287 249
224 262
280 233
145 128
228 262
222 257
171 147
136 127
92 126
3 198
142 236
128 232
278 235
144 234
138 34
132 226
185 160
8 145
237 95
182 146
227 253
128 55
283 240
183 148
121 52
36 153
200 194
217 196
75 226
250 93
234 261
46 147
133 228
152 37
141 235
14 96
7 86
152 130
137 134
35 143
23 290
18 91
239 102
280 248
93 126
10 206
85 132
42 142
214 1
78 28
277 244
11 85
94 138
246 94
10 205
282 245
148 126
248 105
280 241
42 145
237 100
85 128
290 241
92 123
126 55
142 239
6 135
132 242
134 128
70 228
139 39
184 151
219 10
228 263
230 253
143 234
22 88
144 27
200 195
121 0
234 251
15 96
5 239
98 128
178 153
221 9
230 248
135 124
142 234
64 226
9 88
27 295
5 235
9 232
222 10
124 50
228 251
69 224
207 186
151 33
29 153
291 243
222 263
128 7
41 138
147 42
15 99
59 234
134 228
176 162
93 140
3 227
31 297
97 128
145 135
65 230
18 294
88 139
67 228
218 8
78 30
237 92
133 58
69 25
244 92
181 149
87 125
12 201
123 64
248 101
93 125
233 259
127 231
119 57
176 148
6 235
281 237
172 159
138 38
278 236
45 146
93 137
9 236
202 192
134 243
226 261
172 153
241 97
178 155
19 295
149 131
150 132
88 125
130 241
76 232
129 61
41 156
61 231
183 158
42 150
21 297
135 5
246 98
243 94
76 23
31 151
78 39
146 126
214 190
40 148
43 151
138 130
76 37
34 156
7 229
22 90
65 241
126 63
68 33
143 240
7 135
96 140
94 134
279 235
26 293
132 58
27 291
276 246
16 299
147 34
119 50
209 11
175 144
30 293
127 49
175 162
214 13
3 139
31 150
75 22
238 100
138 227
127 59
151 123
141 137
8 235
17 99
31 292
5 89
11 205
5 147
15 95
284 241
82 28
144 35
217 10
149 133
3 199
36 144
144 130
154 40
84 134
77 31
74 34
179 147
90 137
0 145
72 31
127 4
215 187
37 144
4 228
19 91
130 236
141 234
40 149
221 10
85 126
5 238
185 156
285 249
5 230
217 195
183 156
71 36
140 234
140 40
69 24
4 209
183 157
149 121
78 32
154 33
242 88
9 240
126 48
148 35
87 132
67 240
208 193
136 226
227 261
211 190
21 96
152 129
208 186
132 6
134 53
142 227
41 144
245 99
127 63
97 129
74 239
201 199
136 240
172 147
141 128
9 133
34 153
2 135
12 194
134 62
60 230
130 233
39 156
248 102
9 204
275 235
213 1
143 229
130 56
235 256
7 232
13 236
32 155
138 243
5 88
122 47
91 129
64 227
205 193
95 123
119 52
186 154
213 11
121 58
33 138
128 60
8 89
175 149
135 243
81 33
276 247
58 228
16 297
22 297
9 228
129 49
76 235
141 121
1 134
66 240
10 90
12 195
243 88
84 33
0 201
21 86
286 236
70 26
10 209
92 136
280 236
12 197
61 224
21 92
72 34
29 151
249 96
207 7
73 231
285 248
0 202
85 134
118 1
144 137
280 244
3 210
285 243
118 52
151 30
128 241
138 36
89 141
281 244
131 54
242 104
142 125
239 255
34 143
93 139
177 144
131 55
15 201
229 262
153 34
207 187
139 132
279 251
238 92
7 209
93 136
147 39
146 119
71 35
13 87
129 1
218 4
19 95
10 94
33 144
84 136
3 134
13 200
5 229
237 260
73 226
215 198
237 98
154 34
239 98
278 251
136 245
95 140
177 156
86 130
62 233
76 27
279 242
12 86
30 149
138 226
73 229
252 100
130 55
121 50
6 94
31 152
135 238
140 233
28 290
7 204
127 6
235 93
139 121
224 250
134 227
123 57
31 140
1 197
278 241
30 145
36 154
138 35
180 147
178 147
32 148
147 130
143 230
71 236
225 259
218 6
154 31
211 8
208 2
280 242
279 248
147 123
124 59
3 241
243 106
245 105
228 254
81 32
134 55
204 185
35 148
5 93
230 254
238 98
124 61
74 41
44 142
274 246
41 139
279 234
11 141
139 242
215 193
2 240
2 132
123 62
184 149
273 245
180 162
206 191
0 141
136 238
144 118
33 297
145 41
281 242
209 194
241 92
147 127
6 238
65 223
230 255
222 9
204 198
132 47
2 206
2 205
75 23
233 257
204 186
174 159
81 34
214 11
173 145
276 234
70 27
24 298
119 61
224 2
176 152
39 149
142 132
30 291
0 206
148 33
125 3
11 88
133 231
228 265
43 141
73 225
95 134
288 248
6 140
232 265
217 198
79 26
243 96
76 34
24 296
9 92
71 240
218 5
41 141
219 3
1 145
247 105
131 230
207 4
0 240
222 251
10 93
15 94
7 203
151 125
285 239
136 51
8 133
73 224
147 124
73 237
143 37
223 257
134 60
149 39
236 249
64 237
151 29
150 135
132 59
131 58
212 9
81 24
67 35
184 148
32 296
11 138
143 124
2 233
132 235
10 89
150 33
245 93
72 229
180 145
141 237
279 246
278 237
81 39
13 202
150 41
89 125
69 26
225 263
9 206
10 144
239 95
133 60
248 92
187 149
15 296
12 193
132 60
209 199
181 161
34 138
277 241
69 233
128 64
6 202
280 251
233 261
84 28
38 151
73 38
218 3
152 32
40 153
21 292
237 263
241 88
209 2
122 8
74 31
236 255
119 55
249 99
70 231
202 197
72 33
143 131
12 136
135 4
128 229
143 232
223 251
125 47
78 23
5 207
288 240
278 242
145 124
128 47
19 97
147 135
68 231
20 91
244 93
29 145
237 264
4 144
5 142
202 196
11 197
13 88
188 153
290 246
75 26
24 290
244 89
143 236
9 203
140 230
206 5
230 260
22 291
242 103
137 239
236 251
94 136
277 242
16 100
98 137
148 26
203 191
150 29
287 238
170 153
6 207
123 58
217 197
81 35
9 89
203 193
228 261
179 144
8 242
14 82
286 235
5 193
89 127
13 196
140 242
8 142
75 42
180 151
13 92
140 132
61 225
41 151
176 150
240 91
240 90
245 100
10 232
141 236
22 298
7 85
129 51
234 249
3 209
282 234
148 120
250 90
129 60
19 89
213 184
22 296
10 203
30 142
121 4
236 256
147 125
78 35
144 138
69 232
127 5
133 5
83 32
145 234
139 128
152 29
1 137
141 239
205 191
178 146
12 82
234 95
136 234
25 293
75 227
209 190
179 143
146 24
6 97
140 39
205 190
174 156
120 48
145 137
83 130
206 187
217 6
214 195
73 238
0 129
1 193
225 260
89 128
215 199
6 143
181 148
91 140
140 237
36 146
21 94
246 97
153 129
93 128
206 189
129 62
214 10
230 265
282 244
173 150
5 228
241 96
91 126
38 148
234 265
276 240
213 196
135 61
148 130
88 135
7 205
188 150
17 86
238 260
42 140
182 154
127 46
64 234
142 121
182 155
3 228
216 7
10 229
121 59
120 53
210 6
133 0
131 8
206 0
12 232
30 141
122 62
11 86
216 189
149 132
216 13
41 142
10 87
93 130
81 37
10 204
213 197
75 233
147 26
251 99
69 226
204 187
128 63
4 237
140 122
289 240
218 1
130 52
138 129
3 148
12 88
90 139
213 13
252 96
26 297
149 42
31 147
174 160
221 253
222 260
145 129
42 155
1 205
66 31
182 150
211 194
124 64
3 131
91 134
175 161
97 139
137 226
14 196
140 123
222 7
246 95
129 10
139 37
139 236
287 244
142 33
138 28
18 84
200 197
138 242
150 136
138 131
76 40
7 230
71 23
206 8
238 252
187 159
3 232
76 228
5 244
216 10
17 87
3 231
145 125
218 13
8 86
279 241
11 238
212 7
147 129
144 129
3 197
275 242
59 237
142 131
284 251
184 146
287 248
93 127
280 235
2 235
63 235
215 12
201 193
41 152
12 202
15 89
92 129
8 137
182 147
75 40
250 100
131 52
3 146
242 96
124 8
221 261
19 291
66 234
98 131
135 235
215 195
14 91
128 51
0 208
132 233
224 251
128 52
284 239
30 147
205 199
141 230
82 29
242 99
145 43
209 4
247 94
74 35
146 127
82 38
223 258
120 3
0 205
134 240
153 32
141 119
2 147
231 248
215 189
1 144
150 129
132 50
136 2
145 133
203 186
210 200
131 1
2 140
7 240
15 205
126 57
64 223
235 102
148 41
133 63
276 249
12 199
145 34
2 230
145 127
249 103
79 28
247 98
214 187
19 92
80 25
288 242
71 228
13 194
43 153
220 1
216 6
174 149
33 142
12 95
133 4
151 37
24 295
77 26
186 157
248 103
149 26
70 238
213 185
135 233
121 8
135 241
130 234
215 9
66 236
138 237
237 105
41 153
39 152
2 229
131 234
135 126
141 34
139 235
249 102
208 200
144 231
143 119
8 95
152 133
15 297
278 233
86 128
203 187
139 240
89 129
236 250
247 93
281 248
214 2
132 62
207 191
188 149
82 30
148 30
286 242
169 153
88 126
273 238
60 239
152 30
75 28
126 7
67 28
173 153
91 123
177 159
222 256
229 251
100 133
5 242
146 122
202 195
8 229
141 122
82 39
0 136
91 133
230 262
72 230
99 137
13 82
150 131
219 0
130 50
291 241
140 131
287 250
247 102
135 228
40 152
10 132
148 127
210 10
225 249
62 229
212 199
118 2
219 6
124 62
144 239
147 29
12 83
74 235
7 92
4 132
234 263
39 151
238 254
176 156
71 227
7 95
135 59
213 3
96 137
213 6
153 126
147 134
7 99
150 124
139 32
16 83
86 129
235 97
69 34
140 229
100 130
66 241
65 238
4 241
217 1
119 2
290 240
181 150
146 134
58 235
275 245
63 231
226 262
138 123
171 151
3 203
148 25
209 9
22 87
240 105
131 62
178 156
84 35
122 1
240 104
10 235
179 161
122 6
5 139
133 54
122 51
1 131
232 262
98 138
87 134
147 31
30 153
142 233
277 235
41 143
177 155
18 291
217 0
69 40
210 188
219 1
133 51
123 8
228 248
45 142
134 4
1 209
29 292
29 143
128 0
283 251
141 130
130 51
143 25
175 156
36 145
97 133
129 0
74 40
287 246
83 35
153 41
25 298
245 96
28 146
278 248
74 36
47 147
178 145
145 233
243 93
141 124
90 127
142 229
125 58
16 95
32 139
70 237
148 136
151 40
214 199
285 244
147 131
33 147
140 27
83 134
130 235
35 147
176 147
34 142
211 3
206 202
127 51
11 84
37 157
14 92
206 7
26 294
146 27
240 257
127 64
236 91
21 296
285 246
179 157
144 127
145 25
217 9
248 93
217 7
174 151
252 97
39 154
239 106
120 60
283 236
275 246
142 130
288 234
13 206
40 138
214 12
75 39
144 131
212 193
121 47
37 139
139 231
98 126
10 137
88 131
17 299
46 151
275 244
276 236
239 92
228 250
135 3
73 230
40 140
173 156
8 92
15 204
5 237
234 248
6 145
132 48
43 139
124 60
82 31
31 146
280 239
181 159
237 256
37 155
71 232
152 34
121 48
130 243
66 227
46 143
136 56
217 11
6 147
146 41
139 129
60 234
152 31
154 29
140 26
32 154
137 235
140 37
35 155
227 248
274 238
62 240
149 122
130 6
141 29
2 203
181 160
30 144
10 134
223 254
138 229
10 196
200 190
73 23
187 147
173 151
219 2
18 99
176 158
227 250
8 244
77 27
11 239
229 261
242 100
8 90
142 30
85 135
128 53
203 185
127 48
126 9
223 4
148 122
231 264
2 208
60 228
176 155
250 97
285 241
0 143
98 133
235 98
32 141
134 59
134 3
143 238
282 240
120 51
123 10
1 243
63 223
142 128
143 128
38 145
246 103
219 13
13 201
64 229
3 226
287 242
12 137
20 292
250 96
143 26
278 243
95 138
250 103
228 260
229 248
83 34
181 153
148 42
276 244
149 36
128 237
240 102
16 86
148 137
17 298
131 7
31 295
74 23
36 143
234 93
29 142
32 144
145 26
182 158
289 245
284 245
248 97
185 161
76 29
174 158
8 131
68 29
16 82
146 121
132 52
210 11
145 231
232 260
8 136
135 234
71 38
12 139
184 161
236 263
9 239
12 100
186 151
68 229
283 235
177 158
220 0
79 32
4 194
41 140
122 3
287 234
149 32
151 42
0 229
131 51
28 145
127 11
139 127
278 240
83 36
12 235
211 12
136 52
125 52
7 210
7 87
69 28
202 187
141 243
23 294
6 98
69 32
8 232
0 209
68 27
0 140
28 147
282 236
131 232
206 1
72 38
142 135
4 207
44 148
205 192
15 92
8 196
238 95
75 29
150 125
59 226
14 83
120 55
139 134
275 243
171 148
75 36
65 226
140 130
152 127
188 157
5 87
239 88
5 138
5 236
212 3
66 32
43 142
122 54
222 3
179 160
35 150
244 99
129 50
213 194
122 52
9 209
9 244
223 255
99 138
232 259
148 29
222 8
278 234
4 245
15 83
10 133
144 26
3 208
132 227
145 42
214 193
248 100
40 143
134 232
200 191
144 43
24 297
6 200
127 62
244 90
118 3
94 139
211 10
0 234
237 254
228 257
208 189
33 299
149 120
141 39
231 249
219 5
70 230
63 225
117 55
290 237
209 191
249 100
9 140
69 239
145 30
33 298
92 130
215 14
11 100
80 30
223 0
224 260
120 56
81 40
13 207
75 238
10 200
140 121
235 250
287 235
87 128
13 208
126 235
73 33
135 50
212 189
4 229
42 154
12 237
214 5
250 98
125 48
132 229
29 146
149 125
130 63
20 98
4 235
129 235
183 145
38 146
211 201
174 150
224 0
236 257
75 24
67 29
139 130
131 231
80 32
216 200
123 48
291 238
7 137
67 226
21 293
81 26
87 124
180 149
11 194
229 265
170 156
139 36
141 132
11 207
119 56
4 136
14 95
29 296
10 136
144 126
2 234
132 8
123 49
214 8
74 238
7 244
124 54
71 238
134 58
1 147
77 33
136 132
91 125
209 196
0 235
281 239
10 202
171 158
277 239
136 34
221 259
9 136
79 24
231 254
12 85
19 292
90 136
124 6
76 30
63 236
15 203
146 40
153 38
138 128
249 97
201 190
235 262
23 296
139 40
234 252
141 26
15 197
12 204
212 194
145 232
0 242
90 133
0 204
147 37
67 222
80 31
252 94
8 205
31 293
282 252
286 233
3 240
5 96
96 133
144 28
137 37
204 195
226 258
203 198
144 36
126 3
92 134
145 32
150 30
81 29
71 241
238 253
128 2
226 254
141 41
151 122
208 0
221 12
5 206
137 128
236 93
126 54
74 27
213 199
179 151
78 29
210 7
247 99
287 243
143 40
67 224
31 145
6 141
139 241
71 223
139 133
10 230
77 25
220 3
149 25
281 240
68 36
34 151
8 199
186 158
145 134
9 144
4 143
9 231
272 242
38 138
137 125
22 95
6 129
2 241
149 40
63 239
209 6
236 100
71 226
150 133
173 158
129 232
137 241
234 96
71 41
73 31
207 194
143 132
1 142
212 8
35 152
280 249
12 140
206 194
35 146
22 94
287 245
136 227
68 39
72 239
130 46
90 124
211 2
285 235
170 149
207 8
180 148
237 261
6 93
251 96
15 87
96 124
286 243
44 150
138 135
181 147
133 61
128 46
5 245
240 100
11 89
2 131
20 88
152 40
31 143
63 226
82 35
5 192
98 132
70 239
153 128
15 98
97 132
151 128
61 235
17 93
207 197
140 238
135 239
42 152
135 128
239 256
142 38
120 57
72 238
122 49
154 32
234 266
233 264
4 141
15 202
16 96
212 6
202 199
83 128
174 161
16 89
211 11
2 243
186 149
23 299
86 125
97 131
251 101
7 228
122 50
91 131
45 149
18 83
82 27
174 145
8 130
142 32
208 196
213 2
212 190
44 145
8 230
143 123
67 225
14 88
209 195
204 194
245 92
239 105
70 38
223 256
97 135
79 35
131 59
79 31
221 254
7 84
240 95
134 8
211 196
128 49
202 193
61 226
8 94
0 200
249 98
284 249
68 224
145 38
239 259
6 130
24 292
130 227
236 254
7 131
16 296
75 231
215 0
5 85
126 64
220 9
18 86
71 26
2 198
31 154
245 95
142 237
122 7
8 97
15 86
248 96
221 3
142 120
1 203
140 124
143 121
4 195
216 2
227 262
14 84
7 90
64 225
132 234
133 236
140 136
207 200
215 13
74 233
135 237
71 225
28 143
65 32
141 120
140 127
46 149
153 131
72 236
175 160
212 5
40 147
94 133
210 202
9 233
232 248
62 237
4 206
237 97
231 263
278 247
1 200
142 127
181 154
134 230
129 5
87 141
240 101
130 238
95 137
44 151
135 7
35 144
2 245
0 238
11 139
123 59
151 34
37 154
217 189
141 129
7 196
5 231
176 161
224 3
118 51
100 131
223 6
134 1
232 252
231 250
133 239
143 29
172 156
282 232
252 101
77 41
134 52
215 192
5 234
145 132
22 89
224 259
6 137
138 234
213 189
226 251
122 63
34 144
44 144
7 94
148 43
127 3
21 90
13 198
20 95
122 4
81 27
217 191
141 134
243 90
66 30
153 31
14 198
131 60
83 33
151 28
31 298
126 62
10 84
244 95
289 249
141 35
139 38
92 135
3 142
137 230
273 246
282 247
212 188
7 231
125 9
73 37
77 36
97 138
84 138
237 96
14 86
70 39
124 52
76 39
133 242
46 144
7 207
128 3
69 236
285 242
244 100
274 239
146 29
201 197
129 237
135 242
177 152
68 35
8 201
63 234
9 199
125 63
83 38
129 8
137 122
25 299
250 99
140 244
37 138
235 260
11 93
245 94
4 94
214 3
139 126
156 34
2 197
235 255
134 237
11 230
7 144
64 230
128 62
184 145
77 38
138 235
289 246
148 31
4 134
205 198
210 2
93 135
222 262
236 259
3 207
133 230
274 243
135 130
200 189
138 122
209 186
61 239
290 248
76 36
7 197
232 254
204 200
226 266
4 193
285 234
208 1
276 245
139 239
128 236
2 129
273 239
10 135
245 98
151 35
283 238
137 228
239 254
226 252
225 4
138 127
224 252
32 150
173 161
135 232
237 94
13 205
280 234
5 146
203 195
26 296
84 135
9 85
246 102
99 128
275 240
186 153
227 265
85 124
138 239
146 235
145 130
12 94
126 2
2 146
126 6
146 120
132 230
144 41
87 127
150 120
206 200
95 127
230 267
241 89
238 104
127 61
37 146
32 146
6 229
16 97
2 192
28 295
146 35
289 241
122 59
67 33
16 293
137 34
242 90
33 155
182 153
13 89
238 261
291 244
120 61
58 229
123 5
96 138
240 99
144 120
12 234
203 201
121 53
3 202
276 248
136 128
6 196
152 131
223 261
214 191
38 152
68 28
69 37
65 240
137 234
131 237
130 53
5 208
207 190
5 243
1 136
33 150
235 252
83 31
223 259
64 238
227 249
92 127
12 93
8 200
44 140
210 198
68 225
175 158
85 129
207 192
89 140
137 238
143 137
42 147
1 195
178 152
245 101
128 54
67 38
134 61
59 238
154 38
2 141
0 197
224 249
8 241
135 231
286 249
19 83
212 10
40 146
141 30
207 193
121 62
242 106
177 148
7 97
285 237
1 204
6 131
143 126
211 6
170 152
79 39
226 263
139 33
5 201
175 157
174 157
137 30
60 227
29 141
204 192
85 140
216 192
7 139
139 122
120 6
125 57
284 237
72 37
2 145
144 42
14 87
224 261
14 94
91 127
240 94
71 237
125 50
130 60
204 193
2 133
243 91
9 130
7 200
137 126
129 238
18 97
224 7
209 1
6 236
19 298
245 88
37 148
10 242
226 264
179 163
81 36
68 37
8 88
33 145
150 40
34 150
133 243
129 230
277 246
151 31
150 25
247 90
225 261
142 235
72 26
132 0
30 151
124 9
13 204
133 237
42 139
146 43
228 253
182 148
151 126
67 231
145 131
208 11
251 93
70 28
90 134
121 56
155 38
130 9
175 154
123 52
68 236
4 196
209 200
179 156
118 53
226 253
225 254
82 129
177 149
9 95
209 12
143 135
237 91
289 242
201 191
138 236
234 253
77 232
211 189
73 228
9 134
144 230
95 124
128 61
141 242
143 235
0 131
6 242
16 84
121 55
149 43
125 10
9 202
41 155
136 3
58 233
130 58
4 205
249 101
284 244
283 239
86 139
147 40
237 250
246 93
237 262
290 236
202 190
25 290
139 233
130 5
4 192
28 298
26 291
136 232
144 30
136 0
279 250
22 91
131 235
90 123
235 92
6 199
69 241
137 33
228 249
203 188
73 34
131 3
46 145
33 151
122 0
241 106
213 12
240 92
281 235
67 37
140 133
175 145
241 94
251 92
144 32
14 206
176 151
2 202
183 153
68 235
82 32
13 86
211 0
89 126
142 42
7 88
275 237
138 30
144 240
23 293
100 128
84 130
19 99
65 231
4 210
237 257
6 96
282 248
207 184
251 94
119 53
232 255
276 237
291 246
177 157
1 130
6 208
12 97
119 0
182 156
129 59
245 103
71 37
283 243
281 233
121 6
224 257
125 61
12 90
239 104
14 205
21 290
94 127
29 299
10 145
207 0
133 57
236 253
73 232
247 88
15 90
175 150
72 226
137 227
132 49
179 150
31 296
208 10
212 1
38 153
219 11
180 160
225 257
216 3
78 24
222 0
122 53
150 26
212 196
121 61
282 241
19 96
1 146
64 239
133 3
216 196
171 155
151 133
78 40
185 150
6 133
148 28
239 99
3 132
138 244
141 38
238 255
128 6
155 37
32 297
232 266
209 185
65 225
276 238
5 134
26 298
210 194
0 130
7 235
134 226
82 36
289 238
185 159
16 85
249 94
10 100
207 188
146 38
141 240
77 32
181 144
147 32
286 251
205 194
10 207
210 9
182 162
230 251
181 155
40 155
139 35
96 132
286 246
149 30
128 239
45 150
201 189
132 7
137 237
209 188
86 124
221 257
133 56
213 5
242 89
13 84
35 141
120 2
151 127
218 12
75 232
8 206
282 249
211 13
290 245
43 140
214 186
136 125
9 135
69 223
93 131
44 154
224 1
138 31
8 194
14 204
182 157
77 29
1 143
208 201
288 243
2 239
12 203
6 244
68 241
16 92
12 135
10 201
69 225
211 195
78 25
84 36
66 237
281 247
209 10
145 35
42 149
142 137
133 227
212 197
133 50
101 132
145 121
17 82
126 46
6 95
123 3
139 29
123 47
234 250
205 185
143 41
149 134
33 148
13 203
122 60
128 234
9 235
134 235
74 231
229 260
82 132
144 238
8 146
118 0
277 236
41 150
29 152
182 152
230 258
85 138
151 134
204 188
62 227
87 130
239 97
124 46
138 125
234 260
241 93
11 203
15 100
229 252
37 141
124 0
4 201
133 55
152 26
127 232
216 5
125 59
139 229
62 232
11 200
172 150
0 231
125 8
127 45
127 57
6 132
222 255
151 36
3 239
83 126
95 126
220 4
7 195
11 235
23 295
29 298
66 28
82 37
18 293
131 10
134 239
150 38
98 125
216 188
6 91
210 8
177 153
274 248
235 96
225 264
77 40
142 230
148 132
152 41
231 253
82 130
142 240
91 136
240 93
173 159
143 127
233 256
72 24
138 33
59 229
62 239
283 247
2 201
0 243
287 240
2 143
288 249
78 36
66 29
143 134
29 291
5 144
1 199
153 27
14 199
71 30
86 134
218 191
131 0
71 27
154 37
99 129
215 7
137 55
142 40
36 149
178 154
5 91
132 5
238 97
19 84
88 141
9 210
7 236
139 227
142 31
30 295
35 156
89 132
143 120
33 141
10 143
18 98
17 294
120 50
206 2
147 36
143 43
16 87
7 140
2 137
11 91
12 205
127 235
31 141
84 126
140 34
46 150
137 127
233 97
214 6
136 55
11 231
2 193
140 36
130 61
121 63
141 233
8 198
39 143
21 291
15 299
141 33
142 36
20 92
234 99
28 293
153 28
28 292
125 46
96 134
129 54
209 202
69 29
14 89
129 56
129 229
19 93
43 143
73 35
243 107
17 84
147 126
80 39
279 233
174 152
125 60
234 258
69 27
84 125
290 242
18 87
130 48
10 95
79 29
183 152
152 134
127 234
282 239
250 102
6 233
175 146
131 243
99 133
273 243
201 187
226 260
42 153
15 82
227 263
69 235
207 2
71 28
234 259
202 189
70 36
276 243
21 88
208 3
18 95
78 31
99 135
186 159
136 236
127 237
181 151
131 233
73 235
100 135
218 2
119 5
142 126
10 210
5 202
285 245
139 226
14 195
224 256
150 122
86 138
145 123
32 294
202 186
213 195
142 29
92 125
274 242
8 243
58 236
133 48
273 242
237 89
206 185
17 296
8 195
133 7
4 145
149 35
275 248
205 202
10 131
16 90
217 4
239 258
77 30
59 227
216 193
131 227
84 34
6 90
21 295
248 98
137 131
65 227
145 120
118 58
6 210
178 162
84 30
93 132
187 152
214 188
130 239
213 198
213 10
9 192
137 38
88 130
130 57
234 97
76 234
126 1
177 150
201 196
11 136
3 205
216 11
215 3
80 36
135 240
286 244
292 242
137 229
135 132
146 125
11 201
120 49
214 194
214 197
68 25
31 153
173 147
34 155
182 160
14 197
89 137
216 199
35 151
39 146
19 85
5 137
79 38
67 241
151 131
18 292
127 50
232 253
1 139
34 148
210 190
75 33
17 89
131 53
61 229
1 231
4 146
71 33
289 247
127 56
185 154
175 152
61 233
81 30
123 54
33 295
208 197
284 243
75 31
223 10
85 136
58 234
82 131
7 243
144 235
238 96
10 88
209 201
8 208
140 241
222 6
231 252
3 147
73 24
127 52
94 135
20 89
171 153
22 299
38 149
246 92
130 0
235 259
61 234
215 188
2 244
203 190
236 92
291 240
233 251
281 236
150 37
72 29
97 130
217 12
93 124
210 199
7 206
8 234
71 24
15 93
141 27
132 243
1 229
68 240
126 59
24 294
36 139
150 39
8 139
249 91
120 52
135 125
127 53
123 6
175 151
138 37
82 33
142 228
283 246
126 5
246 91
1 241
98 139
5 94
239 96
144 39
87 136
136 231
72 240
22 290
246 106
277 245
131 48
132 55
278 238
249 95
206 201
127 58
3 143
134 236
180 156
207 189
134 241
211 192
86 131
131 63
74 225
10 91
75 34
148 34
123 9
146 33
216 12
239 100
174 154
127 238
237 259
70 37
241 104
178 158
11 193
184 150
44 141
286 237
4 90
94 124
216 8
215 10
98 136
83 37
34 152
6 234
244 101
33 154
87 123
149 130
225 258
218 189
18 92
221 0
205 188
4 204
89 139
64 236
215 11
33 143
13 85
249 90
75 228
283 237
12 198
130 7
210 192
279 240
36 142
128 8
223 7
139 237
281 250
93 129
204 199
279 238
19 294
45 151
58 230
6 239
62 236
142 119
145 40
66 34
129 231
91 128
239 101
212 4
136 1
233 254
10 241
207 3
141 123
3 238
2 144
233 253
71 229
74 226
221 4
76 229
65 232
132 241
216 194
8 197
279 244
19 296
28 150
11 97
5 143
142 25
65 229
151 26
143 241
11 202
146 128
40 145
289 244
237 104
144 122
150 43
9 229
239 261
278 250
187 156
3 234
3 136
153 124
122 48
73 41
8 192
137 132
71 32
138 136
239 94
220 8
222 252
149 127
179 158
211 202
233 248
3 194
5 141
208 187
67 32
141 241
7 194
287 237
67 230
173 152
123 56
220 6
187 154
68 30
66 226
59 231
236 258
44 149
77 35
14 99
82 25
75 234
210 185
8 231
179 155
74 33
4 95
223 9
141 231
90 128
152 28
231 251
139 123
65 233
18 94
62 224
82 136
212 2
213 187
130 8
73 39
14 85
3 140
45 147
228 259
208 188
18 85
75 38
19 293
143 239
171 159
249 89
68 38
148 133
125 0
135 58
209 198
38 143
153 130
174 153
99 132
229 254
148 128
11 133
133 233
89 124
3 235
146 39
86 136
130 54
33 146
98 129
4 239
146 28
32 143
211 1
136 126
17 96
129 57
175 159
140 239
43 144
36 155
274 244
80 35
80 38
41 146
153 35
134 7
72 225
20 93
9 86
233 262
148 135
62 226
203 200
75 41
185 155
214 189
237 252
147 120
238 103
124 47
4 140
202 191
243 104
125 64
68 228
237 103
290 239
0 132
38 156
84 139
201 188
225 256
65 236
188 151
10 237
126 56
9 97
227 264
221 5
132 238
281 249
57 232
70 236
280 237
249 104
288 238
244 98
123 55
136 225
175 147
40 156
125 5
11 96
231 256
15 199
213 193
282 237
11 206
27 292
223 3
6 243
229 257
148 32
170 157
238 258
1 237
0 138
76 24
12 200
41 148
210 201
78 33
145 238
90 131
240 106
8 134
144 133
133 49
142 41
9 99
7 198
16 88
146 32
147 137
13 101
148 119
8 239
5 210
7 142
238 259
132 61
178 144
0 147
251 103
8 209
150 42
278 245
287 239
129 239
85 125
144 132
148 129
284 250
58 231
135 131
136 230
74 24
223 2
144 232
242 102
33 156
220 10
218 192
129 46
72 237
131 49
9 194
95 133
14 207
139 136
177 161
201 192
235 251
74 227
144 40
69 229
1 196
11 135
243 95
134 229
235 265
74 237
77 37
127 9
10 141
151 130
9 139
68 230
247 97
252 95
88 133
136 4
234 264
9 137
95 139
207 198
152 33
176 153
61 227
43 150
20 94
89 136
224 254
187 150
286 250
127 233
138 39
176 159
38 144
231 259
69 240
26 290
140 32
278 239
121 7
11 236
60 226
143 33
136 123
72 234
1 240
140 42
12 238
211 197
211 199
143 242
27 147
67 223
207 6
230 264
281 246
97 136
232 263
251 91
184 152
0 194
70 34
21 89
9 208
9 143
69 238
72 39
233 249
30 140
19 297
80 29
0 134
280 250
232 250
246 99
12 196
246 105
125 49
146 129
151 32
19 90
125 54
283 248
120 4
218 197
142 124
210 191
4 236
141 135
36 150
5 194
154 39
208 192
99 130
122 57
7 199
146 44
141 227
284 235
238 90
0 135
139 34
120 7
211 7
189 153
10 82
35 142
133 240
11 204
215 190
4 138
205 186
84 131
20 97
205 200
79 33
8 91
7 238
288 247
45 153
232 249
118 56
147 30
121 54
30 292
35 140
46 146
123 53
118 5
20 290
135 54
72 36
126 52
183 144
235 95
38 139
142 122
134 238
67 34
34 140
64 232
187 153
135 57
277 249
90 140
41 154
119 60
69 33
60 238
187 157
44 146
210 195
75 237
0 227
140 30
127 236
147 132
83 127
85 133
9 237
131 57
128 4
28 297
98 130
289 237
291 245
181 158
4 147
65 228
5 203
12 138
120 58
12 98
90 129
211 185
213 202
185 158
222 2
148 121
204 189
76 233
6 134
5 145
14 97
72 228
146 135
229 264
236 264
229 250
60 233
98 135
5 135
10 86
131 9
149 28
211 191
207 1
273 244
9 98
62 231
84 31
183 150
12 141
275 249
135 244
82 128
7 129
183 146
241 95
69 234
91 124
134 242
228 266
134 234
170 155
236 90
12 99
60 237
81 132
240 89
284 238
5 205
66 224
147 41
243 102
18 296
250 104
2 204
245 89
151 121
8 84
214 198
61 236
130 230
11 234
124 2
4 91
62 234
137 31
289 243
128 50
135 229
240 96
10 83
133 62
244 104
172 154
225 251
97 140
99 136
179 159
31 148
144 119
244 88
64 241
12 96
242 92
146 26
99 126
10
